30
1
5
0 190 0.1 0.0
5478
1 170 0.1 0.1
5466
2 130 0.0 0.1
5444
3 120 0.1 0.1
5568
4 120 0.1 0.1
5534
25
0 20 7 36 124.42
684
1 5 1 25 205.18
1128
2 14 33 47 70.03
385
3 7 25 47 88.77
488
4 15 11 48 637.37
3504
5 18 1 26 54.21
298
6 7 22 39 95.86
527
7 1 4 10 83.49
459
8 9 4 30 36.93
203
9 41 6 48 74.76
411
10 9 36 48 550.42
3026
11 11 0 44 597.53
3285
12 12 4 47 463.66
2549
13 30 0 42 95.31
524
14 12 29 47 34.74
191
15 4 0 41 136.06
748
16 4 0 24 637.55
3505
17 16 3 44 317.96
1748
18 8 5 42 471.30
2591
19 12 29 48 97.31
535
20 24 19 47 145.15
798
21 16 6 48 612.63
3368
22 10 0 17 152.61
839
23 13 14 34 50.57
278
24 23 9 44 229.92
1264
