30
1
5
0 190 0.1 0.0
5411
1 130 0.0 0.1
5542
2 130 0.0 0.1
5442
3 150 0.1 0.1
5416
4 170 0.1 0.1
5535
25
0 14 33 47 95.09
520
1 20 3 47 382.55
2092
2 42 0 47 235.71
1289
3 20 16 45 227.11
1242
4 1 21 48 426.07
2330
5 10 10 39 399.74
2186
6 11 31 47 344.51
1884
7 12 20 40 137.70
753
8 38 3 41 119.96
656
9 46 0 46 91.80
502
10 17 16 48 443.26
2424
11 9 4 43 143.36
784
12 20 4 26 292.58
1600
13 10 3 48 550.23
3009
14 4 23 48 785.94
4298
15 5 20 48 118.49
648
16 3 36 47 167.50
916
17 13 32 48 87.41
478
18 13 9 41 177.74
972
19 9 14 48 216.69
1185
20 1 2 47 152.87
836
21 19 19 47 270.82
1481
22 6 0 8 214.86
1175
23 5 0 21 394.80
2159
24 34 5 46 481.29
2632
