30
1
5
0 170 0.1 0.1
5602
1 120 0.1 0.1
5341
2 120 0.1 0.1
5407
3 130 0.0 0.1
5631
4 190 0.1 0.0
5529
25
0 17 17 34 299.29
1646
1 2 1 14 272.74
1500
2 16 21 48 455.30
2504
3 12 0 18 314.74
1731
4 5 1 47 79.82
439
5 38 0 47 54.91
302
6 12 15 47 422.57
2324
7 12 16 48 473.11
2602
8 20 14 37 264.74
1456
9 9 0 45 62.37
343
10 5 1 24 612.03
3366
11 3 0 18 361.29
1987
12 28 14 48 61.46
338
13 11 1 26 286.38
1575
14 29 0 37 432.93
2381
15 8 1 19 218.74
1203
16 22 6 38 314.20
1728
17 11 2 42 691.49
3803
18 7 15 36 219.47
1207
19 20 4 43 476.21
2619
20 4 0 47 762.40
4193
21 19 8 48 399.29
2196
22 5 0 22 68.73
378
23 7 3 48 103.64
570
24 11 0 35 77.64
427
