30
1
5
0 130 0.0 0.1
5515
1 150 0.1 0.1
5285
2 120 0.1 0.1
5360
3 120 0.1 0.1
5615
4 190 0.1 0.0
5492
25
0 11 19 41 5.32
29
1 27 5 48 22.57
123
2 25 14 47 231.89
1264
3 2 2 47 341.96
1864
4 12 19 48 37.98
207
5 14 1 46 383.79
2092
6 9 9 48 432.96
2360
7 24 16 47 398.83
2174
8 31 2 34 612.93
3341
9 10 4 38 373.52
2036
10 8 1 17 247.48
1349
11 15 7 47 509.64
2778
12 40 4 46 343.61
1873
13 8 4 46 270.23
1473
14 11 15 40 392.60
2140
15 41 4 47 93.20
508
16 14 1 44 5.14
28
17 13 11 47 483.59
2636
18 26 3 45 96.68
527
19 23 2 32 239.96
1308
20 1 34 47 774.55
4222
21 29 0 45 311.51
1698
22 13 14 48 324.90
1771
23 2 3 47 512.58
2794
24 15 1 24 454.42
2477
