30
1
5
0 120 0.1 0.1
5449
1 190 0.1 0.0
5345
2 150 0.1 0.1
5434
3 190 0.1 0.0
5560
4 120 0.1 0.1
5654
25
0 45 0 47 240.42
1319
1 19 15 48 196.31
1077
2 24 0 48 424.15
2327
3 35 3 48 134.52
738
4 3 0 26 160.76
882
5 1 0 38 191.20
1049
6 35 5 48 41.19
226
7 4 24 48 350.14
1921
8 1 0 37 382.77
2100
9 7 2 42 52.31
287
10 7 0 36 577.80
3170
11 24 15 45 328.64
1803
12 12 1 35 281.79
1546
13 32 3 47 458.60
2516
14 9 2 41 131.42
721
15 13 30 48 71.27
391
16 1 0 14 252.08
1383
17 4 8 47 222.55
1221
18 9 5 45 254.09
1394
19 18 5 47 226.75
1244
20 1 5 27 286.90
1574
21 21 24 48 194.48
1067
22 9 1 34 423.42
2323
23 17 11 48 230.39
1264
24 8 2 48 427.25
2344
