30
1
5
0 150 0.1 0.1
5484
1 150 0.1 0.1
5493
2 130 0.0 0.1
5424
3 130 0.0 0.1
5552
4 150 0.1 0.1
5414
25
0 42 5 48 519.10
2841
1 14 6 48 176.69
967
2 30 1 47 410.02
2244
3 10 0 46 522.21
2858
4 2 3 39 33.07
181
5 3 0 33 406.00
2222
6 12 14 47 581.41
3182
7 35 3 48 202.82
1110
8 9 0 45 66.33
363
9 14 10 31 106.16
581
10 3 0 33 191.85
1050
11 14 31 48 204.10
1117
12 18 8 35 415.13
2272
13 10 21 48 439.25
2404
14 21 2 43 156.77
858
15 4 0 18 375.67
2056
16 29 3 37 6.21
34
17 2 2 48 121.51
665
18 21 14 48 169.20
926
19 14 7 27 208.48
1141
20 30 1 33 178.88
979
21 2 0 20 111.27
609
22 25 22 47 158.23
866
23 13 6 47 118.40
648
24 2 0 22 402.89
2205
