30
1
5
0 130 0.0 0.1
5486
1 130 0.0 0.1
5696
2 150 0.1 0.1
5504
3 130 0.0 0.1
5489
4 170 0.1 0.1
5445
25
0 7 5 29 721.22
3983
1 21 18 48 13.58
75
2 12 30 47 460.65
2544
3 7 1 29 30.60
169
4 6 29 48 110.82
612
5 2 12 48 36.40
201
6 19 27 47 169.48
936
7 9 2 43 18.29
101
8 2 40 48 83.11
459
9 30 2 47 73.52
406
10 20 9 41 459.20
2536
11 2 0 42 85.10
470
12 2 21 48 736.61
4068
13 31 11 47 913.88
5047
14 22 1 26 464.63
2566
15 30 2 44 513.16
2834
16 10 0 39 223.81
1236
17 6 19 48 500.12
2762
18 13 17 47 164.96
911
19 26 7 45 30.42
168
20 18 0 43 96.51
533
21 2 0 48 513.16
2834
22 43 3 47 92.35
510
23 15 2 39 352.91
1949
24 8 2 12 51.79
286
