30
1
5
0 130 0.0 0.1
5656
1 170 0.1 0.1
5628
2 150 0.1 0.1
5539
3 150 0.1 0.1
5545
4 190 0.1 0.0
5634
25
0 19 5 47 381.43
2136
1 20 3 31 409.82
2295
2 16 4 42 163.21
914
3 35 4 42 49.46
277
4 20 9 32 138.21
774
5 20 4 32 540.90
3029
6 15 13 47 91.07
510
7 5 3 42 394.11
2207
8 22 1 39 340.00
1904
9 6 1 35 347.86
1948
10 15 22 48 272.14
1524
11 19 15 47 166.79
934
12 19 3 41 146.96
823
13 9 15 35 804.65
4506
14 2 3 38 260.36
1458
15 6 10 40 83.04
465
16 7 28 42 179.82
1007
17 6 41 48 39.29
220
18 8 0 31 319.47
1789
19 25 19 47 225.89
1265
20 22 8 40 6.79
38
21 12 17 48 474.47
2657
22 10 31 48 818.75
4585
23 3 14 30 223.39
1251
24 19 23 48 16.07
90
