30
1
5
0 150 0.1 0.1
5585
1 150 0.1 0.1
5523
2 120 0.1 0.1
5455
3 190 0.1 0.0
5528
4 170 0.1 0.1
5445
25
0 17 10 48 371.73
2047
1 12 6 28 97.88
539
2 9 0 26 246.24
1356
3 12 28 47 235.53
1297
4 9 6 48 833.71
4591
5 7 4 16 40.86
225
6 3 32 48 553.87
3050
7 1 12 21 225.00
1239
8 1 4 25 82.99
457
9 10 8 45 62.29
343
10 3 19 48 127.84
704
11 11 2 34 414.95
2285
12 13 2 47 540.98
2979
13 4 1 31 377.90
2081
14 15 6 47 105.69
582
15 39 0 46 136.02
749
16 23 12 47 550.42
3031
17 7 3 21 341.40
1880
18 11 6 48 162.53
895
19 28 8 45 320.88
1767
20 14 5 40 330.51
1820
21 13 5 43 56.29
310
22 14 0 42 36.68
202
23 17 1 22 54.66
301
24 14 11 40 882.38
4859
