30
1
5
0 120 0.1 0.1
5602
1 170 0.1 0.1
5425
2 150 0.1 0.1
5556
3 120 0.1 0.1
5558
4 130 0.0 0.1
5379
25
0 14 0 15 238.61
1313
1 12 8 47 659.14
3627
2 23 16 47 81.42
448
3 16 29 48 110.86
610
4 21 3 42 53.25
293
5 14 2 46 75.05
413
6 26 13 48 84.32
464
7 12 0 27 377.82
2079
8 24 21 48 671.86
3697
9 9 5 33 345.29
1900
10 26 0 47 147.57
812
11 5 2 21 300.58
1654
12 15 1 36 674.40
3711
13 7 18 43 164.83
907
14 3 21 48 22.35
123
15 1 1 22 453.78
2497
16 4 1 44 207.90
1144
17 14 5 35 825.42
4542
18 23 5 48 100.13
551
19 1 6 44 125.58
691
20 22 7 48 588.63
3239
21 2 20 47 433.06
2383
22 20 0 28 485.58
2672
23 17 5 48 227.53
1252
24 14 4 48 54.88
302
