30
1
5
0 190 0.1 0.0
5539
1 130 0.0 0.1
5572
2 170 0.1 0.1
5537
3 190 0.1 0.0
5303
4 120 0.1 0.1
5690
25
0 5 1 47 546.58
3020
1 8 2 14 451.20
2493
2 32 0 40 139.90
773
3 8 26 47 459.34
2538
4 1 28 47 133.39
737
5 4 33 48 311.48
1721
6 22 2 42 101.90
563
7 4 29 47 40.90
226
8 28 4 44 360.16
1990
9 28 2 39 351.47
1942
10 5 1 10 99.36
549
11 1 9 43 340.43
1881
12 10 17 43 87.96
486
13 7 24 48 366.86
2027
14 27 1 39 199.99
1105
15 4 32 47 232.02
1282
16 12 14 47 748.20
4134
17 22 18 48 175.38
969
18 24 6 46 273.29
1510
19 7 23 47 578.07
3194
20 23 8 37 391.47
2163
21 30 4 44 60.81
336
22 20 15 44 554.00
3061
23 35 3 44 201.80
1115
24 10 0 44 92.85
513
