30
1
5
0 170 0.1 0.1
5489
1 170 0.1 0.1
5590
2 190 0.1 0.0
5572
3 190 0.1 0.0
5604
4 120 0.1 0.1
5684
25
0 15 1 24 84.12
470
1 13 11 47 486.12
2716
2 4 43 47 800.77
4474
3 18 10 37 129.23
722
4 7 0 37 214.96
1201
5 9 1 31 456.59
2551
6 21 6 47 384.64
2149
7 21 14 48 420.61
2350
8 16 0 23 366.56
2048
9 12 14 47 504.02
2816
10 13 2 47 117.41
656
11 11 3 46 312.51
1746
12 8 15 28 87.34
488
13 17 21 47 203.50
1137
14 37 8 48 256.13
1431
15 12 5 48 531.40
2969
16 10 33 47 277.78
1552
17 6 16 29 80.72
451
18 8 0 45 187.93
1050
19 12 19 47 0.54
3
20 4 15 45 65.15
364
21 5 1 43 249.15
1392
22 18 3 41 719.34
4019
23 13 0 48 217.29
1214
24 8 0 35 119.38
667
