30
1
5
0 130 0.0 0.1
5449
1 190 0.1 0.0
5412
2 130 0.0 0.1
5639
3 190 0.1 0.0
5596
4 120 0.1 0.1
5415
25
0 2 7 47 115.26
634
1 12 10 47 86.17
474
2 12 27 48 628.12
3455
3 2 37 47 612.67
3370
4 20 9 47 224.16
1233
5 9 19 48 339.60
1868
6 41 4 48 286.88
1578
7 28 3 43 387.05
2129
8 3 0 19 86.90
478
9 16 10 47 212.89
1171
10 2 1 37 438.50
2412
11 21 0 39 302.52
1664
12 2 5 32 446.87
2458
13 4 0 6 384.14
2113
14 12 21 47 446.50
2456
15 19 3 36 442.50
2434
16 28 5 35 446.50
2456
17 2 1 35 476.68
2622
18 24 10 44 91.63
504
19 4 0 8 158.17
870
20 20 2 35 140.35
772
21 2 8 38 180.16
991
22 19 0 47 575.76
3167
23 18 4 38 171.26
942
24 10 4 34 144.71
796
