30
1
5
0 170 0.1 0.1
5516
1 120 0.1 0.1
5603
2 130 0.0 0.1
5478
3 170 0.1 0.1
5614
4 130 0.0 0.1
5482
25
0 8 10 48 581.62
3221
1 16 9 44 731.86
4053
2 16 4 47 29.43
163
3 4 13 32 2.17
12
4 15 9 35 3.25
18
5 5 34 47 287.65
1593
6 9 2 38 664.86
3682
7 4 0 6 267.97
1484
8 6 34 48 353.74
1959
9 4 0 21 86.67
480
10 6 2 47 27.45
152
11 11 27 47 278.98
1545
12 21 2 27 27.81
154
13 14 28 48 542.80
3006
14 9 6 48 513.73
2845
15 20 5 44 507.41
2810
16 6 15 47 797.76
4418
17 20 7 35 111.05
615
18 11 22 48 360.96
1999
19 31 9 47 1.08
6
20 8 3 48 10.83
60
21 14 3 48 345.97
1916
22 4 25 48 244.67
1355
23 11 1 22 0.72
4
24 14 20 42 20.22
112
