30
1
5
0 150 0.1 0.1
5461
1 130 0.0 0.1
5484
2 130 0.0 0.1
5680
3 190 0.1 0.0
5501
4 120 0.1 0.1
5462
25
0 3 0 47 420.02
2317
1 23 10 47 26.47
146
2 8 0 24 67.98
375
3 15 32 47 503.77
2779
4 22 2 28 21.03
116
5 24 20 47 329.20
1816
6 21 4 48 15.95
88
7 14 24 48 22.12
122
8 6 2 35 258.32
1425
9 1 0 11 56.01
309
10 15 0 19 585.71
3231
11 6 13 37 436.70
2409
12 37 10 48 179.83
992
13 11 1 39 311.98
1721
14 3 0 13 222.25
1226
15 7 13 38 480.75
2652
16 24 22 47 177.47
979
17 11 3 38 16.50
91
18 11 0 41 276.63
1526
19 9 0 26 125.99
695
20 5 13 47 110.76
611
21 33 13 47 702.81
3877
22 11 0 44 561.24
3096
23 14 8 48 705.35
3891
24 9 0 37 587.70
3242
