30
1
5
0 120 0.1 0.1
5599
1 190 0.1 0.0
5512
2 130 0.0 0.1
5614
3 190 0.1 0.0
5561
4 170 0.1 0.1
5531
25
0 7 0 9 96.53
537
1 14 4 37 58.78
327
2 16 2 38 583.48
3246
3 29 1 47 966.72
5378
4 8 0 17 2.88
16
5 13 12 44 5.21
29
6 18 0 48 106.95
595
7 15 3 26 796.85
4433
8 16 13 48 70.28
391
9 14 4 45 319.42
1777
10 5 0 38 46.02
256
11 17 24 47 62.20
346
12 6 0 14 4.13
23
13 18 18 48 597.33
3323
14 14 16 47 9.35
52
15 8 13 31 79.99
445
16 14 13 39 12.76
71
17 4 0 23 22.47
125
18 9 21 48 446.51
2484
19 15 6 47 551.67
3069
20 18 9 44 707.70
3937
21 2 6 47 258.49
1438
22 9 0 34 164.84
917
23 9 26 48 297.67
1656
24 16 5 48 196.47
1093
