30
1
5
0 150 0.1 0.1
5595
1 190 0.1 0.0
5421
2 120 0.1 0.1
5461
3 190 0.1 0.0
5404
4 120 0.1 0.1
5362
25
0 14 11 44 224.33
1222
1 19 1 47 256.82
1399
2 9 5 48 623.96
3399
3 10 12 48 247.82
1350
4 7 3 38 299.22
1630
5 7 0 10 228.55
1245
6 5 10 25 155.85
849
7 9 11 48 230.20
1254
8 3 0 44 23.50
128
9 3 4 44 252.78
1377
10 2 30 47 243.78
1328
11 9 4 40 389.54
2122
12 8 11 47 299.41
1631
13 24 0 29 222.67
1213
14 32 3 46 297.20
1619
15 28 15 47 581.01
3165
16 19 1 42 398.17
2169
17 10 26 47 301.43
1642
18 3 33 41 200.64
1093
19 3 0 27 599.91
3268
20 16 10 48 482.06
2626
21 19 3 25 589.82
3213
22 19 11 45 522.26
2845
23 16 6 47 5.51
30
24 6 19 47 151.08
823
