30
1
5
0 190 0.1 0.0
5552
1 190 0.1 0.0
5611
2 120 0.1 0.1
5509
3 120 0.1 0.1
5556
4 190 0.1 0.0
5594
25
0 22 5 41 199.31
1109
1 20 12 43 92.38
514
2 27 8 43 76.74
427
3 8 14 47 595.60
3314
4 11 14 47 471.23
2622
5 30 2 40 391.25
2177
6 9 1 47 104.24
580
7 5 18 38 407.25
2266
8 28 7 41 514.90
2865
9 7 0 21 136.59
760
10 19 9 34 232.02
1291
11 3 2 35 85.55
476
12 24 6 36 88.24
491
13 5 2 46 276.41
1538
14 24 3 37 165.70
922
15 8 30 47 243.70
1356
16 7 14 47 594.16
3306
17 5 0 41 109.27
608
18 27 8 37 186.55
1038
19 9 12 48 283.60
1578
20 13 24 48 655.44
3647
21 1 7 37 53.92
300
22 21 0 40 78.00
434
23 1 3 43 399.88
2225
24 6 3 47 526.94
2932
