30
1
5
0 130 0.0 0.1
5545
1 150 0.1 0.1
5604
2 150 0.1 0.1
5504
3 120 0.1 0.1
5521
4 120 0.1 0.1
5581
25
0 12 7 47 632.17
3509
1 20 26 47 654.69
3634
2 10 17 41 377.25
2094
3 7 1 33 39.99
222
4 14 12 44 532.36
2955
5 12 0 12 416.70
2313
6 15 6 28 123.23
684
7 6 41 47 528.22
2932
8 16 12 46 198.71
1103
9 17 4 44 178.17
989
10 22 14 48 260.69
1447
11 9 11 38 218.17
1211
12 17 5 47 569.47
3161
13 8 12 47 184.48
1024
14 11 7 47 183.04
1016
15 8 34 45 433.09
2404
16 32 0 45 472.73
2624
17 7 0 20 381.21
2116
18 29 3 43 496.33
2755
19 4 8 47 223.39
1240
20 8 2 25 161.78
898
21 11 19 48 65.22
362
22 9 18 43 87.74
487
23 6 23 47 361.03
2004
24 9 0 34 197.81
1098
