30
1
5
0 150 0.1 0.1
5441
1 120 0.1 0.1
5462
2 120 0.1 0.1
5399
3 190 0.1 0.0
5497
4 170 0.1 0.1
5501
25
0 20 10 35 26.74
146
1 4 0 41 106.78
583
2 27 13 47 405.15
2212
3 18 5 47 75.28
411
4 10 0 34 454.97
2484
5 8 0 13 448.37
2448
6 27 5 38 310.09
1693
7 26 1 48 94.14
514
8 16 10 47 308.62
1685
9 4 0 27 82.97
453
10 2 21 37 29.31
160
11 14 8 43 496.18
2709
12 7 6 43 81.69
446
13 19 14 48 419.25
2289
14 15 4 47 92.13
503
15 13 0 46 617.61
3372
16 16 11 30 298.92
1632
17 5 9 22 175.28
957
18 7 2 45 466.32
2546
19 31 5 47 62.64
342
20 10 0 15 425.84
2325
21 26 15 48 165.03
901
22 29 2 36 329.69
1800
23 10 0 26 278.40
1520
24 2 21 48 375.66
2051
