30
1
5
0 130 0.0 0.1
5604
1 150 0.1 0.1
5313
2 170 0.1 0.1
5315
3 130 0.0 0.1
5466
4 190 0.1 0.0
5492
25
0 11 15 35 437.48
2378
1 5 3 36 209.72
1140
2 20 23 47 87.02
473
3 8 2 34 162.26
882
4 6 26 48 217.27
1181
5 12 31 47 251.85
1369
6 25 3 44 17.48
95
7 22 14 47 233.46
1269
8 5 7 47 24.65
134
9 16 0 48 192.43
1046
10 11 1 25 607.83
3304
11 15 6 41 54.64
297
12 12 10 48 623.47
3389
13 23 0 38 96.95
527
14 10 1 14 143.31
779
15 11 12 36 15.82
86
16 12 7 29 250.38
1361
17 9 7 44 329.49
1791
18 8 25 41 99.34
540
19 8 5 48 417.42
2269
20 20 0 40 462.13
2512
21 20 11 41 195.01
1060
22 18 13 42 665.23
3616
23 5 11 47 528.91
2875
24 32 11 47 152.14
827
