30
1
5
0 130 0.0 0.1
5607
1 130 0.0 0.1
5562
2 190 0.1 0.0
5582
3 170 0.1 0.1
5639
4 150 0.1 0.1
5333
25
0 7 37 48 64.77
359
1 2 0 38 392.61
2176
2 4 26 48 86.24
478
3 9 0 30 193.60
1073
4 7 2 19 249.35
1382
5 3 0 20 216.69
1201
6 35 1 37 450.35
2496
7 6 23 48 708.36
3926
8 4 31 47 411.19
2279
9 6 41 47 538.03
2982
10 35 6 48 303.84
1684
11 28 17 48 69.10
383
12 33 2 48 368.43
2042
13 2 0 32 357.07
1979
14 32 0 38 254.58
1411
15 36 1 41 114.39
634
16 31 3 47 437.54
2425
17 2 0 16 186.56
1034
18 2 0 6 178.08
987
19 25 8 43 58.82
326
20 11 36 47 427.25
2368
21 27 1 45 107.71
597
22 4 0 27 722.79
4006
23 24 11 48 283.09
1569
24 40 1 44 95.99
532
