30
1
5
0 150 0.1 0.1
5522
1 120 0.1 0.1
5456
2 150 0.1 0.1
5575
3 130 0.0 0.1
5316
4 130 0.0 0.1
5573
25
0 17 6 38 571.93
3138
1 6 0 46 369.99
2030
2 6 1 40 176.25
967
3 18 1 35 378.74
2078
4 20 25 48 441.43
2422
5 1 0 22 420.66
2308
6 12 12 26 10.75
59
7 5 0 39 154.19
846
8 33 10 48 412.64
2264
9 18 4 45 588.52
3229
10 2 0 20 617.31
3387
11 15 7 48 737.06
4044
12 31 14 48 60.87
334
13 8 3 47 216.89
1190
14 4 2 26 483.53
2653
15 23 1 47 142.71
783
16 1 0 36 248.42
1363
17 1 5 39 424.85
2331
18 7 3 38 180.07
988
19 10 7 48 591.61
3246
20 13 8 41 8.20
45
21 1 1 9 17.13
94
22 10 18 48 96.23
528
23 3 0 39 36.09
198
24 12 24 48 17.13
94
