30
1
5
0 150 0.1 0.1
5465
1 190 0.1 0.0
5467
2 150 0.1 0.1
5514
3 190 0.1 0.0
5629
4 170 0.1 0.1
5686
25
0 10 2 44 412.56
2290
1 25 13 47 828.17
4597
2 28 14 42 64.86
360
3 8 4 13 45.04
250
4 2 20 48 437.42
2428
5 19 0 43 45.94
255
6 3 3 47 398.14
2210
7 5 0 9 120.88
671
8 35 4 44 372.20
2066
9 38 5 47 564.07
3131
10 8 9 48 490.56
2723
11 28 6 46 229.34
1273
12 26 0 45 309.87
1720
13 19 2 48 37.65
209
14 11 1 18 186.28
1034
15 26 3 43 289.51
1607
16 10 2 41 80.71
448
17 3 22 48 261.59
1452
18 4 1 17 424.99
2359
19 3 42 47 412.56
2290
20 6 7 48 340.85
1892
21 9 6 47 123.23
684
22 4 4 48 74.94
416
23 6 31 47 249.88
1387
24 24 4 31 311.49
1729
