30
1
5
0 190 0.1 0.0
5577
1 190 0.1 0.0
5518
2 170 0.1 0.1
5382
3 130 0.0 0.1
5263
4 190 0.1 0.0
5572
25
0 18 10 47 151.11
825
1 17 11 48 348.56
1903
2 23 17 46 248.55
1357
3 20 22 46 100.92
551
4 13 11 38 201.84
1102
5 9 0 32 413.58
2258
6 13 2 34 67.04
366
7 7 1 41 483.92
2642
8 12 5 39 693.45
3786
9 25 1 46 157.52
860
10 10 30 47 502.23
2742
11 28 8 45 440.51
2405
12 10 0 43 117.96
644
13 13 8 39 752.43
4108
14 28 1 47 17.77
97
15 9 24 38 162.28
886
16 14 4 46 395.08
2157
17 31 14 46 72.53
396
18 2 18 47 799.32
4364
19 9 0 47 21.98
120
20 3 11 43 94.88
518
21 14 32 48 240.68
1314
22 2 4 48 49.09
268
23 10 14 39 269.62
1472
24 3 12 48 237.93
1299
