30
1
5
0 120 0.1 0.1
5541
1 150 0.1 0.1
5498
2 130 0.0 0.1
5572
3 170 0.1 0.1
5379
4 170 0.1 0.1
5664
25
0 9 2 16 424.83
2349
1 33 4 48 69.99
387
2 14 22 48 450.15
2489
3 1 5 48 505.32
2794
4 9 1 20 321.02
1775
5 4 30 47 107.97
597
6 6 0 13 218.30
1207
7 31 9 47 362.80
2006
8 20 18 44 154.09
852
9 22 6 47 80.48
445
10 3 4 33 435.14
2406
11 12 0 48 395.90
2189
12 3 1 43 40.87
226
13 39 1 47 35.09
194
14 12 0 21 122.80
679
15 27 13 47 109.96
608
16 13 0 28 434.78
2404
17 3 0 35 103.81
574
18 1 9 47 317.95
1758
19 10 2 33 120.81
668
20 2 0 37 321.38
1777
21 10 0 16 436.95
2416
22 7 0 37 13.38
74
23 3 0 37 13.56
75
24 7 1 16 57.87
320
