30
1
5
0 130 0.0 0.1
5487
1 190 0.1 0.0
5496
2 190 0.1 0.0
5445
3 170 0.1 0.1
5635
4 120 0.1 0.1
5545
25
0 4 34 47 335.09
1850
1 4 0 10 99.80
551
2 29 0 46 204.68
1130
3 15 1 48 221.16
1221
4 8 11 28 172.44
952
5 2 0 32 246.70
1362
6 21 0 47 234.20
1293
7 12 4 26 513.87
2837
8 3 35 48 401.75
2218
9 23 18 48 267.35
1476
10 18 2 35 538.69
2974
11 2 1 21 452.11
2496
12 7 8 45 107.95
596
13 7 33 47 561.87
3102
14 20 5 45 226.78
1252
15 29 18 48 107.95
596
16 13 26 48 425.66
2350
17 4 0 41 199.79
1103
18 27 10 47 199.79
1103
19 2 0 30 186.93
1032
20 10 31 48 404.47
2233
21 11 4 26 336.72
1859
22 21 13 41 102.16
564
23 23 2 30 67.20
371
24 26 5 47 447.21
2469
