30
1
5
0 190 0.1 0.0
5498
1 130 0.0 0.1
5486
2 170 0.1 0.1
5463
3 190 0.1 0.0
5523
4 130 0.0 0.1
5356
25
0 36 7 48 293.53
1604
1 5 3 45 282.55
1544
2 5 4 46 354.28
1936
3 17 8 32 531.61
2905
4 10 32 47 260.59
1424
5 20 0 35 263.88
1442
6 7 1 24 436.45
2385
7 15 16 48 27.27
149
8 3 0 33 131.57
719
9 9 26 48 120.23
657
10 12 6 47 214.11
1170
11 14 0 48 357.39
1953
12 17 10 38 28.36
155
13 3 0 11 397.65
2173
14 6 3 38 161.95
885
15 23 10 48 256.74
1403
16 8 1 28 340.01
1858
17 28 3 47 529.23
2892
18 19 7 38 196.36
1073
19 38 7 47 132.67
725
20 20 9 47 116.20
635
21 4 4 22 219.05
1197
22 10 8 47 145.48
795
23 17 2 28 270.10
1476
24 15 13 29 219.05
1197
