30
1
5
0 150 0.1 0.1
5527
1 150 0.1 0.1
5557
2 130 0.0 0.1
5547
3 120 0.1 0.1
5540
4 130 0.0 0.1
5601
25
0 5 1 18 539.76
2998
1 8 1 36 135.21
751
2 4 1 41 232.25
1290
3 5 1 41 191.56
1064
4 27 1 34 327.49
1819
5 3 3 48 312.01
1733
6 30 3 47 306.43
1702
7 11 20 47 45.37
252
8 15 11 48 441.28
2451
9 15 9 47 142.59
792
10 13 4 27 131.61
731
11 12 0 45 88.04
489
12 22 16 48 96.86
538
13 13 17 48 271.14
1506
14 10 3 22 82.64
459
15 15 0 44 532.74
2959
16 7 4 27 36.37
202
17 20 6 27 611.06
3394
18 3 44 48 14.22
79
19 15 7 47 144.93
805
20 26 1 44 523.56
2908
21 21 3 48 36.91
205
22 9 13 48 11.16
62
23 3 40 48 659.49
3663
24 25 1 28 200.57
1114
