30
1
5
0 120 0.1 0.1
5508
1 150 0.1 0.1
5436
2 130 0.0 0.1
5469
3 130 0.0 0.1
5453
4 150 0.1 0.1
5413
25
0 29 5 47 9.16
50
1 17 21 47 70.02
382
2 2 15 29 61.22
334
3 27 1 47 512.13
2794
4 2 18 43 134.72
735
5 20 21 47 735.76
4014
6 2 0 9 638.43
3483
7 25 0 41 78.45
428
8 7 18 28 172.67
942
9 2 0 13 130.87
714
10 23 0 37 411.14
2243
11 15 21 47 154.52
843
12 5 3 38 180.55
985
13 12 20 48 201.08
1097
14 9 4 31 180.91
987
15 13 0 28 380.89
2078
16 23 13 48 954.25
5206
17 6 14 32 57.37
313
18 14 8 47 203.64
1111
19 17 0 22 309.77
1690
20 12 0 43 158.55
865
21 12 4 28 8.43
46
22 11 3 24 441.56
2409
23 20 0 30 235.90
1287
24 14 0 35 696.53
3800
