30
1
5
0 170 0.1 0.1
5658
1 170 0.1 0.1
5479
2 120 0.1 0.1
5639
3 120 0.1 0.1
5621
4 130 0.0 0.1
5560
25
0 3 7 48 305.51
1708
1 30 0 33 394.05
2203
2 25 8 40 321.07
1795
3 13 9 47 44.90
251
4 16 3 44 146.49
819
5 3 0 30 253.10
1415
6 10 6 38 240.40
1344
7 19 4 47 365.25
2042
8 4 6 47 317.14
1773
9 24 18 45 323.22
1807
10 7 12 48 445.21
2489
11 3 7 34 277.07
1549
12 16 8 47 13.24
74
13 7 1 12 431.08
2410
14 2 11 46 42.03
235
15 14 28 48 12.88
72
16 23 6 48 25.76
144
17 17 1 47 359.35
2009
18 27 1 46 347.37
1942
19 5 15 45 327.15
1829
20 13 1 34 254.35
1422
21 2 0 46 294.78
1648
22 15 14 44 177.62
993
23 11 31 48 419.63
2346
24 32 3 47 296.93
1660
