30
1
5
0 170 0.1 0.1
5586
1 130 0.0 0.1
5418
2 120 0.1 0.1
5404
3 190 0.1 0.0
5524
4 170 0.1 0.1
5393
25
0 5 10 47 724.02
3956
1 21 2 47 451.69
2468
2 21 3 47 85.84
469
3 15 24 47 12.63
69
4 19 2 25 2.20
12
5 15 1 35 224.93
1229
6 28 15 47 73.57
402
7 18 4 47 131.41
718
8 24 19 47 2.75
15
9 11 0 46 65.34
357
10 18 24 47 641.48
3505
11 11 3 35 8.60
47
12 23 1 45 136.71
747
13 2 0 27 172.59
943
14 25 18 47 208.82
1141
15 3 1 47 51.61
282
16 18 0 34 419.84
2294
17 19 23 46 61.68
337
18 26 9 47 741.04
4049
19 21 0 37 917.65
5014
20 2 18 34 51.98
284
21 27 6 48 24.89
136
22 4 16 38 244.51
1336
23 3 30 47 131.04
716
24 4 7 30 792.10
4328
