30
1
5
0 150 0.1 0.1
5554
1 170 0.1 0.1
5476
2 120 0.1 0.1
5372
3 150 0.1 0.1
5372
4 130 0.0 0.1
5574
25
0 5 1 16 289.31
1582
1 15 8 26 69.68
381
2 6 0 11 563.25
3080
3 2 7 29 14.81
81
4 3 32 47 19.93
109
5 7 10 48 158.37
866
6 11 0 21 612.81
3351
7 6 0 11 324.24
1773
8 9 9 46 64.19
351
9 22 1 36 177.57
971
10 24 13 47 25.24
138
11 5 35 48 651.95
3565
12 24 12 47 78.64
430
13 32 0 47 196.77
1076
14 12 4 27 167.88
918
15 10 2 44 13.53
74
16 21 0 32 776.67
4247
17 44 2 48 137.16
750
18 24 20 47 606.96
3319
19 11 0 48 21.03
115
20 16 10 48 653.23
3572
21 6 12 47 97.11
531
22 9 2 42 12.80
70
23 24 7 46 257.30
1407
24 26 3 46 494.67
2705
