30
1
5
0 130 0.0 0.1
5592
1 190 0.1 0.0
5516
2 120 0.1 0.1
5458
3 190 0.1 0.0
5555
4 120 0.1 0.1
5463
25
0 18 19 47 371.26
2048
1 1 24 47 551.82
3044
2 11 5 36 185.09
1021
3 21 4 29 27.74
153
4 19 11 48 36.44
201
5 37 3 47 84.30
465
6 10 31 47 381.41
2104
7 18 4 34 656.24
3620
8 10 5 48 940.30
5187
9 2 1 47 632.13
3487
10 15 0 18 313.43
1729
11 34 11 47 68.89
380
12 10 22 43 350.42
1933
13 15 0 45 550.37
3036
14 9 4 29 6.89
38
15 1 29 48 110.04
607
16 10 11 41 258.14
1424
17 19 9 39 550.37
3036
18 3 1 47 9.25
51
19 11 0 35 176.39
973
20 10 15 37 124.90
689
21 11 4 20 313.62
1730
22 2 0 20 79.76
440
23 23 8 34 365.10
2014
24 16 2 37 223.16
1231
