30
1
5
0 130 0.0 0.1
5438
1 190 0.1 0.0
5611
2 130 0.0 0.1
5566
3 150 0.1 0.1
5668
4 150 0.1 0.1
5466
25
0 18 1 38 567.37
3148
1 9 21 47 401.91
2230
2 9 1 31 454.54
2522
3 16 31 47 573.49
3182
4 2 8 21 96.78
537
5 10 33 47 355.41
1972
6 11 24 38 187.26
1039
7 2 0 45 158.24
878
8 6 0 44 585.39
3248
9 18 3 46 77.32
429
10 8 12 47 623.96
3462
11 7 9 47 274.49
1523
12 2 8 31 71.55
397
13 15 11 48 347.30
1927
14 11 2 20 121.66
675
15 11 9 44 65.96
366
16 32 0 48 595.66
3305
17 31 16 48 178.25
989
18 31 15 47 663.07
3679
19 25 14 48 67.05
372
20 28 0 41 449.68
2495
21 6 2 45 321.89
1786
22 20 16 45 275.21
1527
23 10 3 17 531.68
2950
24 9 0 16 2.70
15
