30
1
5
0 190 0.1 0.0
5610
1 170 0.1 0.1
5559
2 150 0.1 0.1
5509
3 130 0.0 0.1
5563
4 190 0.1 0.0
5518
25
0 22 16 48 428.17
2377
1 24 19 48 68.63
381
2 22 1 28 93.31
518
3 10 1 27 17.47
97
4 3 16 48 479.86
2664
5 1 36 48 70.25
390
6 30 0 35 439.34
2439
7 26 8 48 538.77
2991
8 26 0 44 93.67
520
9 1 29 41 171.84
954
10 15 18 47 295.05
1638
11 25 2 48 22.88
127
12 7 0 37 112.40
624
13 1 37 47 561.64
3118
14 1 15 35 107.54
597
15 3 31 48 203.91
1132
16 5 14 23 21.26
118
17 37 1 42 280.46
1557
18 34 9 47 13.69
76
19 23 0 37 53.14
295
20 7 5 24 955.05
5302
21 13 27 44 91.33
507
22 30 1 35 376.29
2089
23 25 0 41 316.85
1759
24 10 33 47 535.16
2971
