30
1
5
0 150 0.1 0.1
5623
1 130 0.0 0.1
5385
2 120 0.1 0.1
5428
3 130 0.0 0.1
5461
4 130 0.0 0.1
5445
25
0 34 4 42 305.27
1669
1 22 0 48 3.11
17
2 22 5 45 228.82
1251
3 6 34 48 72.80
398
4 5 14 47 592.44
3239
5 5 0 31 559.70
3060
6 15 15 47 361.79
1978
7 20 4 40 244.37
1336
8 4 14 47 236.68
1294
9 24 1 47 382.64
2092
10 3 43 48 69.14
378
11 24 12 41 63.47
347
12 28 11 46 215.83
1180
13 5 2 9 214.19
1171
14 40 1 47 63.10
345
15 3 3 47 476.11
2603
16 16 25 46 642.01
3510
17 11 25 44 238.33
1303
18 4 11 47 500.99
2739
19 6 2 33 138.46
757
20 25 16 48 485.07
2652
21 8 0 38 3.66
20
22 31 1 48 406.97
2225
23 23 5 48 81.94
448
24 4 0 35 372.04
2034
