30
1
5
0 130 0.0 0.1
5575
1 120 0.1 0.1
5484
2 130 0.0 0.1
5321
3 170 0.1 0.1
5496
4 130 0.0 0.1
5452
25
0 4 2 26 611.60
3342
1 10 2 47 692.67
3785
2 21 0 34 83.82
458
3 28 2 47 26.17
143
4 9 2 41 298.48
1631
5 6 26 48 423.11
2312
6 9 30 47 648.75
3545
7 17 16 44 498.69
2725
8 8 2 47 69.91
382
9 35 11 46 518.27
2832
10 5 1 30 58.38
319
11 11 23 48 316.78
1731
12 1 39 47 650.40
3554
13 9 26 47 183.19
1001
14 12 6 44 534.19
2919
15 20 2 42 252.18
1378
16 28 2 46 143.66
785
17 7 37 48 108.52
593
18 9 14 39 635.94
3475
19 5 0 17 838.71
4583
20 36 10 47 61.86
338
21 24 8 42 660.28
3608
22 37 4 48 51.06
279
23 1 46 48 49.96
273
24 21 21 48 58.93
322
