30
1
5
0 120 0.1 0.1
5416
1 120 0.1 0.1
5599
2 130 0.0 0.1
5578
3 190 0.1 0.0
5494
4 130 0.0 0.1
5446
25
0 11 15 46 97.17
535
1 13 22 46 735.24
4048
2 18 8 45 36.87
203
3 10 3 48 402.49
2216
4 4 1 13 95.72
527
5 1 14 48 102.62
565
6 20 2 43 16.35
90
7 6 3 47 866.02
4768
8 23 13 36 452.99
2494
9 37 1 47 85.18
469
10 28 9 47 298.42
1643
11 9 15 47 341.28
1879
12 5 0 15 564.69
3109
13 22 18 47 289.16
1592
14 17 4 44 905.98
4988
15 3 0 33 31.24
172
16 6 0 37 162.56
895
17 25 9 42 150.75
830
18 5 4 45 229.94
1266
19 3 0 18 203.97
1123
20 7 10 47 57.94
319
21 8 23 39 577.95
3182
22 6 0 33 210.33
1158
23 12 23 47 393.05
2164
24 1 46 47 405.22
2231
