30
1
5
0 170 0.1 0.1
5363
1 190 0.1 0.0
5394
2 120 0.1 0.1
5438
3 120 0.1 0.1
5490
4 150 0.1 0.1
5635
25
0 25 22 48 311.95
1704
1 19 0 26 98.86
540
2 17 0 21 266.37
1455
3 11 2 23 31.85
174
4 7 0 31 14.83
81
5 17 15 47 694.21
3792
6 20 6 47 110.76
605
7 18 1 31 121.93
666
8 26 15 48 149.20
815
9 12 6 45 83.85
458
10 36 0 43 142.43
778
11 15 0 31 138.04
754
12 1 0 21 534.20
2918
13 9 33 47 638.19
3486
14 11 3 35 579.79
3167
15 1 0 6 51.08
279
16 5 1 46 38.26
209
17 24 3 47 532.92
2911
18 10 27 48 111.67
610
19 15 5 24 237.44
1297
20 24 6 48 491.55
2685
21 8 1 28 430.03
2349
22 17 1 28 617.13
3371
23 24 4 48 386.46
2111
24 22 16 48 116.98
639
