30
1
5
0 130 0.0 0.1
5638
1 130 0.0 0.1
5551
2 130 0.0 0.1
5403
3 130 0.0 0.1
5602
4 130 0.0 0.1
5564
25
0 6 32 48 562.30
3121
1 21 0 39 65.94
366
2 11 30 48 116.21
645
3 10 17 48 607.52
3372
4 14 24 47 240.34
1334
5 16 13 44 309.71
1719
6 22 12 47 64.32
357
7 2 24 48 166.11
922
8 24 0 28 245.93
1365
9 26 3 46 54.77
304
10 20 0 47 307.90
1709
11 4 1 39 511.13
2837
12 23 11 48 688.42
3821
13 10 0 22 437.62
2429
14 1 0 8 433.84
2408
15 31 0 39 606.62
3367
16 2 30 48 472.76
2624
17 5 9 48 177.82
987
18 2 37 48 234.58
1302
19 6 16 39 330.97
1837
20 15 9 47 62.52
347
21 13 29 46 190.98
1060
22 6 6 38 275.65
1530
23 40 7 47 161.79
898
24 4 2 33 193.86
1076
