30
1
5
0 120 0.1 0.1
5562
1 130 0.0 0.1
5352
2 190 0.1 0.0
5444
3 170 0.1 0.1
5450
4 120 0.1 0.1
5397
25
0 3 9 44 79.41
432
1 13 0 32 770.57
4192
2 1 24 48 72.06
392
3 24 16 48 191.72
1043
4 18 1 47 888.77
4835
5 33 10 47 371.32
2020
6 14 10 48 657.52
3577
7 5 8 47 692.27
3766
8 7 7 44 86.03
468
9 11 1 42 71.32
388
10 3 1 41 67.83
369
11 5 0 43 215.80
1174
12 7 0 31 764.51
4159
13 14 3 41 634.36
3451
14 31 9 48 108.45
590
15 25 3 48 95.59
520
16 2 31 47 72.24
393
17 1 39 48 368.01
2002
18 6 1 38 460.65
2506
19 9 1 38 509.37
2771
20 22 20 48 121.87
663
21 33 10 47 223.89
1218
22 21 10 47 551.28
2999
23 4 23 45 198.71
1081
24 7 1 44 70.77
385
