30
1
5
0 130 0.0 0.1
5452
1 150 0.1 0.1
5465
2 120 0.1 0.1
5528
3 130 0.0 0.1
5580
4 170 0.1 0.1
5499
25
0 18 1 43 370.61
2040
1 3 20 48 265.42
1461
2 2 19 42 31.43
173
3 2 11 48 617.69
3400
4 19 0 48 409.31
2253
5 4 13 29 62.68
345
6 26 1 41 176.40
971
7 20 6 48 41.78
230
8 8 4 20 541.57
2981
9 18 1 44 797.54
4390
10 29 0 34 9.08
50
11 13 7 48 606.24
3337
12 34 0 45 10.72
59
13 16 2 39 351.54
1935
14 9 1 10 483.61
2662
15 16 17 48 616.60
3394
16 26 1 38 39.06
215
17 18 10 34 808.08
4448
18 10 3 26 285.04
1569
19 11 17 47 200.02
1101
20 7 5 48 29.25
161
21 24 13 47 124.26
684
22 16 4 35 302.85
1667
23 2 11 47 382.97
2108
24 12 19 47 14.90
82
