30
1
5
0 150 0.1 0.1
5480
1 190 0.1 0.0
5580
2 150 0.1 0.1
5592
3 130 0.0 0.1
5460
4 190 0.1 0.0
5416
25
0 4 0 36 558.06
3072
1 24 9 47 83.75
461
2 21 3 32 61.04
336
3 31 13 48 686.68
3780
4 19 18 47 587.86
3236
5 5 10 48 178.57
983
6 23 22 47 467.23
2572
7 2 8 41 23.43
129
8 15 7 29 232.71
1281
9 38 3 46 83.93
462
10 9 0 34 486.67
2679
11 18 3 39 134.97
743
12 20 0 47 87.38
481
13 20 3 28 385.85
2124
14 30 3 37 89.92
495
15 20 1 42 234.34
1290
16 3 1 9 293.57
1616
17 1 0 14 604.03
3325
18 3 1 24 420.73
2316
19 25 0 46 362.78
1997
20 15 11 48 346.07
1905
21 4 0 22 103.00
567
22 8 0 16 56.68
312
23 28 19 47 546.44
3008
24 8 0 23 34.33
189
