30
1
5
0 150 0.1 0.1
5576
1 170 0.1 0.1
5490
2 150 0.1 0.1
5371
3 150 0.1 0.1
5450
4 150 0.1 0.1
5537
25
0 27 8 45 152.26
835
1 20 4 42 80.05
439
2 14 14 40 428.53
2350
3 1 9 24 502.38
2755
4 6 0 21 296.32
1625
5 28 9 43 185.64
1018
6 10 37 47 681.45
3737
7 5 1 42 240.34
1318
8 15 1 48 19.69
108
9 22 11 46 167.76
920
10 1 0 41 738.16
4048
11 28 2 35 17.51
96
12 20 1 27 302.52
1659
13 8 2 26 505.30
2771
14 4 4 44 49.96
274
15 22 0 37 70.75
388
16 5 7 30 700.96
3844
17 9 2 13 291.95
1601
18 31 5 48 6.93
38
19 17 25 48 93.00
510
20 1 0 34 11.49
63
21 14 27 48 231.41
1269
22 12 5 32 487.79
2675
23 21 1 45 567.48
3112
24 3 40 48 174.51
957
