30
1
5
0 190 0.1 0.0
5710
1 170 0.1 0.1
5622
2 130 0.0 0.1
5449
3 170 0.1 0.1
5398
4 170 0.1 0.1
5474
25
0 16 6 47 535.98
2963
1 5 16 46 211.82
1171
2 4 14 40 246.92
1365
3 10 7 39 100.03
553
4 6 2 31 503.96
2786
5 20 2 32 73.98
409
6 7 29 47 591.15
3268
7 7 23 48 92.44
511
8 19 13 46 0.72
4
9 7 36 47 83.93
464
10 8 18 48 0.72
4
11 35 0 35 82.31
455
12 12 18 46 222.68
1231
13 15 3 48 403.39
2230
14 5 2 18 249.27
1378
15 6 5 19 192.65
1065
16 4 1 47 55.71
308
17 14 8 42 258.31
1428
18 14 16 45 98.95
547
19 15 0 25 94.97
525
20 30 2 32 160.09
885
21 10 2 24 684.31
3783
22 13 9 23 495.82
2741
23 26 0 37 162.08
896
24 21 14 45 568.00
3140
