30
1
5
0 170 0.1 0.1
5459
1 190 0.1 0.0
5550
2 130 0.0 0.1
5447
3 120 0.1 0.1
5729
4 190 0.1 0.0
5385
25
0 4 1 27 161.12
888
1 14 15 47 217.18
1197
2 22 4 46 287.40
1584
3 10 2 15 400.98
2210
4 2 1 44 270.89
1493
5 8 28 43 153.68
847
6 4 17 48 262.54
1447
7 2 0 23 200.31
1104
8 3 36 48 149.87
826
9 24 16 48 114.31
630
10 12 0 36 138.98
766
11 25 6 35 459.95
2535
12 12 20 48 374.67
2065
13 11 27 48 337.12
1858
14 19 12 48 315.89
1741
15 4 15 48 190.88
1052
16 5 31 43 238.41
1314
17 19 6 37 199.22
1098
18 14 25 48 265.99
1466
19 23 0 41 303.73
1674
20 7 34 45 435.28
2399
21 33 0 44 255.83
1410
22 17 13 48 519.83
2865
23 25 3 42 296.84
1636
24 4 7 41 228.07
1257
