30
1
5
0 170 0.1 0.1
5493
1 120 0.1 0.1
5509
2 190 0.1 0.0
5398
3 150 0.1 0.1
5614
4 130 0.0 0.1
5547
25
0 23 6 47 311.72
1718
1 1 0 25 299.20
1649
2 10 28 48 35.93
198
3 17 0 41 282.87
1559
4 14 0 37 320.25
1765
5 26 1 45 404.44
2229
6 43 4 47 586.80
3234
7 11 10 41 544.34
3000
8 18 17 39 40.64
224
9 13 29 48 563.03
3103
10 23 1 32 177.45
978
11 3 5 14 62.24
343
12 18 27 48 278.88
1537
13 15 8 48 196.32
1082
14 7 4 41 13.25
73
15 10 1 11 310.64
1712
16 24 20 47 329.14
1814
17 2 1 10 125.02
689
18 27 1 33 169.11
932
19 25 3 45 139.17
767
20 4 0 15 203.22
1120
21 7 3 48 481.92
2656
22 19 5 47 348.19
1919
23 12 23 47 760.62
4192
24 2 0 34 55.89
308
