30
1
5
0 170 0.1 0.1
5502
1 190 0.1 0.0
5474
2 120 0.1 0.1
5576
3 170 0.1 0.1
5595
4 120 0.1 0.1
5625
25
0 11 0 19 242.54
1347
1 15 1 28 344.27
1912
2 10 19 47 325.18
1806
3 21 21 44 149.99
833
4 7 5 48 351.83
1954
5 9 0 10 48.44
269
6 18 25 47 288.27
1601
7 4 3 21 170.33
946
8 19 12 35 62.66
348
9 16 14 42 301.59
1675
10 15 2 44 168.35
935
11 12 1 17 472.65
2625
12 20 4 47 249.38
1385
13 4 1 48 283.23
1573
14 24 10 47 291.69
1620
15 10 8 44 139.72
776
16 34 0 47 212.11
1178
17 10 26 48 276.03
1533
18 25 9 47 335.45
1863
19 16 0 45 288.27
1601
20 32 9 48 282.33
1568
21 5 39 48 576.36
3201
22 3 0 15 273.51
1519
23 10 6 38 471.39
2618
24 19 3 42 164.57
914
