30
1
5
0 130 0.0 0.1
5456
1 130 0.0 0.1
5580
2 130 0.0 0.1
5442
3 130 0.0 0.1
5473
4 150 0.1 0.1
5609
25
0 17 5 47 243.51
1342
1 4 8 48 323.16
1781
2 14 15 47 177.10
976
3 37 9 47 428.40
2361
4 1 17 47 211.21
1164
5 1 1 22 318.26
1754
6 2 0 39 307.01
1692
7 28 1 46 125.56
692
8 38 5 47 173.65
957
9 6 26 47 183.26
1010
10 26 2 35 189.80
1046
11 2 0 25 271.27
1495
12 12 0 39 293.59
1618
13 37 0 45 190.52
1050
14 1 2 46 182.90
1008
15 7 7 40 93.63
516
16 20 5 47 482.66
2660
17 30 14 47 268.00
1477
18 1 11 48 161.67
891
19 36 7 47 399.92
2204
20 26 5 47 18.15
100
21 3 1 48 384.13
2117
22 18 0 42 197.96
1091
23 14 27 47 246.05
1356
24 14 0 17 498.63
2748
