30
1
5
0 190 0.1 0.0
5574
1 170 0.1 0.1
5520
2 150 0.1 0.1
5545
3 170 0.1 0.1
5385
4 120 0.1 0.1
5477
25
0 8 0 42 386.04
2123
1 6 1 44 487.69
2682
2 34 3 48 322.94
1776
3 26 3 43 700.26
3851
4 19 9 31 155.29
854
5 5 11 48 170.02
935
6 15 9 48 191.48
1053
7 1 2 47 264.94
1457
8 7 7 47 206.20
1134
9 3 23 47 347.49
1911
10 9 7 38 72.74
400
11 15 8 45 45.10
248
12 21 1 47 184.57
1015
13 11 3 47 504.60
2775
14 34 6 45 576.24
3169
15 3 34 48 380.04
2090
16 1 18 47 256.03
1408
17 22 7 48 287.85
1583
18 14 4 43 43.64
240
19 6 8 48 297.30
1635
20 3 41 48 485.33
2669
21 31 1 48 215.84
1187
22 7 0 18 296.76
1632
23 39 5 47 474.78
2611
24 9 13 29 464.23
2553
