30
1
5
0 170 0.1 0.1
5507
1 130 0.0 0.1
5537
2 120 0.1 0.1
5296
3 120 0.1 0.1
5489
4 170 0.1 0.1
5464
25
0 6 3 42 166.75
910
1 26 13 45 516.93
2821
2 21 11 47 137.25
749
3 29 2 47 313.89
1713
4 1 21 47 38.30
209
5 11 11 26 432.08
2358
6 17 1 37 15.58
85
7 11 14 48 99.50
543
8 1 34 47 14.11
77
9 9 14 43 316.28
1726
10 11 27 48 433.18
2364
11 12 31 47 152.64
833
12 35 8 45 205.60
1122
13 19 4 37 159.79
872
14 1 22 48 355.49
1940
15 10 1 41 334.78
1827
16 25 6 48 437.58
2388
17 2 12 48 557.79
3044
18 3 16 47 371.43
2027
19 2 15 48 32.62
178
20 16 6 43 361.72
1974
21 24 2 45 83.01
453
22 37 3 47 106.28
580
23 13 12 48 506.85
2766
24 9 0 47 25.47
139
