30
1
5
0 170 0.1 0.1
5602
1 170 0.1 0.1
5572
2 150 0.1 0.1
5444
3 120 0.1 0.1
5557
4 190 0.1 0.0
5441
25
0 2 30 47 125.67
694
1 7 1 26 167.68
926
2 15 3 48 0.91
5
3 19 0 48 187.42
1035
4 2 23 47 693.54
3830
5 20 18 46 114.08
630
6 3 13 35 329.75
1821
7 18 7 45 150.84
833
8 12 2 38 494.90
2733
9 17 19 45 392.22
2166
10 6 8 47 191.95
1060
11 12 31 44 256.23
1415
12 5 7 30 66.64
368
13 3 18 48 578.92
3197
14 24 18 48 48.71
269
15 14 0 22 70.26
388
16 13 2 43 383.17
2116
17 7 1 33 494.90
2733
18 14 3 38 1.63
9
19 15 0 43 575.48
3178
20 7 6 14 113.18
625
21 12 0 38 689.56
3808
22 37 7 47 453.07
2502
23 23 14 47 105.21
581
24 4 28 47 358.36
1979
