30
1
5
0 120 0.1 0.1
5577
1 150 0.1 0.1
5562
2 130 0.0 0.1
5485
3 120 0.1 0.1
5553
4 170 0.1 0.1
5372
25
0 11 12 48 582.53
3209
1 2 45 48 162.47
895
2 40 1 48 187.88
1035
3 15 9 41 524.08
2887
4 17 1 48 199.86
1101
5 39 3 47 642.61
3540
6 3 22 31 506.83
2792
7 10 9 48 92.94
512
8 25 8 48 656.96
3619
9 4 0 39 18.70
103
10 21 3 30 93.31
514
11 17 15 44 431.86
2379
12 14 4 47 333.47
1837
13 12 31 47 392.65
2163
14 12 33 47 382.12
2105
15 4 1 48 452.19
2491
16 23 0 45 29.59
163
17 6 16 42 29.77
164
18 2 0 48 120.54
664
19 2 31 47 607.76
3348
20 27 6 45 19.79
109
21 9 35 47 365.06
2011
22 16 6 24 59.36
327
23 1 1 12 10.71
59
24 34 0 48 153.03
843
