30
1
5
0 190 0.1 0.0
5672
1 120 0.1 0.1
5536
2 130 0.0 0.1
5447
3 120 0.1 0.1
5426
4 190 0.1 0.0
5566
25
0 2 19 47 942.48
5210
1 5 30 48 367.40
2031
2 2 10 47 18.99
105
3 32 6 38 299.02
1653
4 36 5 47 258.14
1427
5 14 21 46 335.38
1854
6 15 19 47 561.51
3104
7 20 7 44 482.63
2668
8 2 1 29 295.22
1632
9 17 9 36 464.91
2570
10 3 38 44 98.59
545
11 11 28 47 7.24
40
12 3 0 7 481.37
2661
13 4 2 46 9.59
53
14 3 2 46 320.91
1774
15 12 35 48 371.74
2055
16 3 0 4 135.85
751
17 6 38 46 20.26
112
18 41 3 45 7.60
42
19 2 20 48 10.67
59
20 3 0 15 508.86
2813
21 29 9 41 604.56
3342
22 2 30 48 5.97
33
23 7 30 48 894.36
4944
24 20 14 44 6.69
37
