30
1
5
0 130 0.0 0.1
5592
1 130 0.0 0.1
5384
2 190 0.1 0.0
5410
3 170 0.1 0.1
5523
4 120 0.1 0.1
5325
25
0 33 0 36 10.28
56
1 18 16 47 282.09
1536
2 29 0 41 209.36
1140
3 20 10 39 206.61
1125
4 6 18 47 135.17
736
5 11 1 48 148.02
806
6 23 9 47 620.74
3380
7 17 8 42 192.28
1047
8 30 4 48 143.62
782
9 14 3 41 469.60
2557
10 7 21 47 346.55
1887
11 13 18 36 112.39
612
12 22 5 48 171.71
935
13 12 1 15 242.24
1319
14 7 4 13 499.53
2720
15 15 13 47 195.04
1062
16 14 3 39 189.71
1033
17 29 11 47 478.41
2605
18 12 2 31 200.92
1094
19 4 42 47 543.61
2960
20 1 0 39 178.33
971
21 1 0 23 757.56
4125
22 9 13 48 522.67
2846
23 28 3 47 28.65
156
24 15 16 47 552.24
3007
