30
1
5
0 120 0.1 0.1
5433
1 170 0.1 0.1
5669
2 120 0.1 0.1
5590
3 190 0.1 0.0
5444
4 150 0.1 0.1
5513
25
0 22 1 48 136.57
755
1 1 0 37 926.86
5124
2 38 0 43 222.67
1231
3 25 15 47 176.54
976
4 6 2 46 227.73
1259
5 2 0 18 159.00
879
6 15 26 48 355.08
1963
7 33 5 46 310.76
1718
8 45 1 48 581.91
3217
9 23 8 48 236.60
1308
10 11 5 34 243.65
1347
11 4 37 47 382.21
2113
12 8 0 40 274.22
1516
13 22 7 46 68.37
378
14 2 3 47 51.91
287
15 32 12 45 371.90
2056
16 2 34 47 671.27
3711
17 9 1 33 226.11
1250
18 22 9 47 499.61
2762
19 25 17 48 201.51
1114
20 44 0 46 38.17
211
21 3 6 30 165.87
917
22 3 4 47 414.23
2290
23 28 1 43 0.54
3
24 11 12 48 46.49
257
