30
1
5
0 130 0.0 0.1
5464
1 170 0.1 0.1
5488
2 130 0.0 0.1
5557
3 130 0.0 0.1
5551
4 170 0.1 0.1
5500
25
0 25 11 43 486.96
2684
1 2 41 47 453.94
2502
2 16 4 27 377.37
2080
3 9 7 35 372.48
2053
4 7 18 42 59.15
326
5 2 30 47 124.46
686
6 5 16 48 421.46
2323
7 3 7 48 371.21
2046
8 6 36 48 72.39
399
9 6 0 18 175.62
968
10 15 1 31 108.86
600
11 5 22 40 67.13
370
12 10 12 48 515.62
2842
13 10 24 48 61.50
339
14 12 22 47 77.83
429
15 19 12 41 62.41
344
16 31 2 41 89.81
495
17 19 0 26 47.17
260
18 14 14 48 321.31
1771
19 4 35 47 243.30
1341
20 3 22 48 338.37
1865
21 35 8 48 554.81
3058
22 9 12 47 93.44
515
23 18 10 43 847.46
4671
24 28 10 46 165.83
914
