30
1
5
0 170 0.1 0.1
5428
1 120 0.1 0.1
5612
2 150 0.1 0.1
5462
3 190 0.1 0.0
5460
4 130 0.0 0.1
5558
25
0 27 14 47 397.96
2190
1 10 1 32 72.14
397
2 13 3 46 324.18
1784
3 1 0 29 332.72
1831
4 13 21 47 276.02
1519
5 15 18 48 216.42
1191
6 4 0 13 68.87
379
7 12 16 48 98.31
541
8 14 7 48 731.04
4023
9 7 40 47 501.90
2762
10 14 10 48 736.13
4051
11 38 0 47 262.03
1442
12 16 23 47 576.40
3172
13 2 4 48 325.45
1791
14 12 30 48 151.55
834
15 2 22 48 302.37
1664
16 31 1 41 351.25
1933
17 23 1 40 301.10
1657
18 5 7 44 17.63
97
19 4 0 13 324.72
1787
20 6 0 32 638.55
3514
21 18 5 34 195.16
1074
22 21 1 35 491.90
2707
23 16 0 47 440.84
2426
24 10 30 48 15.99
88
