30
1
5
0 190 0.1 0.0
5553
1 120 0.1 0.1
5528
2 130 0.0 0.1
5419
3 170 0.1 0.1
5357
4 170 0.1 0.1
5398
25
0 10 0 42 43.85
239
1 12 18 48 497.62
2712
2 9 2 22 815.42
4444
3 26 4 45 102.57
559
4 28 1 36 334.87
1825
5 25 9 48 106.24
579
6 12 19 42 72.29
394
7 11 6 47 455.23
2481
8 21 23 47 33.39
182
9 10 36 48 269.73
1470
10 8 25 47 400.37
2182
11 25 0 40 190.83
1040
12 20 2 31 427.34
2329
13 13 0 46 173.40
945
14 15 1 47 105.87
577
15 19 6 39 573.58
3126
16 11 2 32 32.29
176
17 10 5 48 549.73
2996
18 40 0 48 30.83
168
19 6 0 41 21.47
117
20 5 14 42 72.66
396
21 4 25 47 240.92
1313
22 9 7 45 354.87
1934
23 10 8 48 76.88
419
24 39 1 44 414.32
2258
