30
1
5
0 120 0.1 0.1
5465
1 130 0.0 0.1
5588
2 190 0.1 0.0
5594
3 170 0.1 0.1
5423
4 170 0.1 0.1
5518
25
0 6 2 30 73.77
407
1 20 10 48 48.58
268
2 32 6 47 79.58
439
3 13 8 35 186.34
1028
4 26 0 47 761.31
4200
5 16 1 21 499.39
2755
6 6 37 47 475.82
2625
7 4 18 48 0.91
5
8 19 4 45 1.09
6
9 30 11 48 446.09
2461
10 4 15 41 408.39
2253
11 29 17 47 28.64
158
12 8 0 30 155.53
858
13 6 3 38 132.50
731
14 4 11 30 38.25
211
15 5 33 48 103.50
571
16 16 5 48 600.35
3312
17 10 0 17 708.20
3907
18 6 0 37 653.64
3606
19 18 1 47 667.24
3681
20 12 5 40 249.24
1375
21 10 0 45 26.10
144
22 20 20 47 122.54
676
23 1 15 41 405.85
2239
24 24 23 47 0.91
5
