30
1
5
0 130 0.0 0.1
5613
1 170 0.1 0.1
5422
2 130 0.0 0.1
5363
3 150 0.1 0.1
5617
4 130 0.0 0.1
5585
25
0 12 5 44 364.27
2010
1 15 17 48 206.06
1137
2 1 0 43 1.45
8
3 2 23 47 905.59
4997
4 3 0 9 23.20
128
5 31 2 41 46.39
256
6 3 14 47 101.49
560
7 14 3 23 191.92
1059
8 4 41 47 665.47
3672
9 4 33 48 630.13
3477
10 1 0 2 56.54
312
11 37 9 47 99.13
547
12 27 3 43 477.72
2636
13 16 0 29 52.56
290
14 4 37 47 69.41
383
15 8 7 23 177.06
977
16 38 5 46 56.36
311
17 22 13 47 694.10
3830
18 31 0 44 1.63
9
19 23 15 47 80.10
442
20 15 12 43 382.39
2110
21 34 6 44 612.37
3379
22 11 1 18 615.81
3398
23 10 6 37 22.83
126
24 34 3 44 183.40
1012
