30
1
5
0 130 0.0 0.1
5557
1 150 0.1 0.1
5609
2 170 0.1 0.1
5528
3 120 0.1 0.1
5494
4 150 0.1 0.1
5397
25
0 7 0 27 694.70
3832
1 11 0 18 62.18
343
2 25 8 43 201.41
1111
3 3 3 47 117.11
646
4 5 0 46 53.30
294
5 33 10 44 793.50
4377
6 22 5 45 107.87
595
7 33 11 47 383.79
2117
8 24 9 47 86.29
476
9 4 7 19 400.10
2207
10 37 0 48 266.31
1469
11 5 19 47 476.42
2628
12 3 4 47 566.34
3124
13 34 4 47 341.91
1886
14 12 0 23 14.68
81
15 8 1 18 754.70
4163
16 27 15 48 53.66
296
17 9 0 45 59.10
326
18 19 19 47 603.87
3331
19 13 1 43 59.83
330
20 26 1 47 52.75
291
21 6 1 37 593.90
3276
22 37 0 43 299.67
1653
23 3 0 29 248.91
1373
24 6 21 47 126.72
699
