30
1
5
0 190 0.1 0.0
5554
1 170 0.1 0.1
5571
2 170 0.1 0.1
5414
3 150 0.1 0.1
5536
4 170 0.1 0.1
5638
25
0 23 22 47 470.98
2610
1 29 1 46 20.57
114
2 11 2 43 410.35
2274
3 4 6 47 15.52
86
4 14 17 47 221.05
1225
5 17 20 48 381.84
2116
6 12 1 16 417.57
2314
7 6 0 26 286.20
1586
8 11 30 47 388.51
2153
9 18 8 47 450.41
2496
10 10 22 46 223.40
1238
11 11 0 33 83.01
460
12 18 5 47 424.42
2352
13 13 0 47 286.74
1589
14 16 24 47 755.19
4185
15 9 2 26 596.03
3303
16 10 3 47 151.40
839
17 7 10 25 304.42
1687
18 24 21 48 60.63
336
19 17 11 47 155.19
860
20 12 7 35 582.86
3230
21 4 0 10 730.29
4047
22 18 0 40 390.14
2162
23 27 1 47 273.57
1516
24 9 0 40 212.39
1177
