30
1
5
0 190 0.1 0.0
5514
1 170 0.1 0.1
5539
2 120 0.1 0.1
5537
3 150 0.1 0.1
5571
4 120 0.1 0.1
5459
25
0 25 3 48 179.05
989
1 20 4 40 42.72
236
2 5 13 47 271.01
1497
3 6 12 48 426.88
2358
4 9 0 47 327.50
1809
5 20 0 43 223.76
1236
6 11 25 47 267.75
1479
7 12 17 44 299.07
1652
8 3 0 27 896.31
4951
9 9 1 48 271.55
1500
10 4 0 21 7.42
41
11 30 1 45 236.43
1306
12 32 3 47 4.34
24
13 7 35 48 244.40
1350
14 8 0 17 239.69
1324
15 6 2 35 204.21
1128
16 16 0 23 64.27
355
17 9 20 42 336.73
1860
18 29 6 39 468.16
2586
19 22 1 27 440.46
2433
20 4 21 47 226.48
1251
21 6 5 48 473.95
2618
22 10 7 44 748.40
4134
23 13 3 41 449.88
2485
24 12 17 47 528.63
2920
