30
1
5
0 130 0.0 0.1
5477
1 190 0.1 0.0
5387
2 120 0.1 0.1
5451
3 170 0.1 0.1
5582
4 130 0.0 0.1
5422
25
0 15 0 40 371.22
2028
1 16 1 48 415.52
2270
2 6 34 47 208.86
1141
3 31 7 48 95.92
524
4 14 31 48 963.76
5265
5 20 2 36 439.50
2401
6 11 33 48 532.31
2908
7 11 5 22 204.83
1119
8 6 0 32 821.34
4487
9 7 0 15 105.44
576
10 1 29 47 53.45
292
11 8 4 45 93.17
509
12 16 23 48 484.17
2645
13 4 13 37 298.19
1629
14 15 2 34 396.67
2167
15 1 31 47 257.00
1404
16 15 14 31 213.80
1168
17 5 42 47 365.00
1994
18 15 17 42 433.64
2369
19 16 3 42 221.31
1209
20 13 0 35 95.55
522
21 22 1 44 24.71
135
22 17 10 48 34.60
189
23 8 2 42 330.04
1803
24 11 0 15 515.65
2817
