30
1
5
0 190 0.1 0.0
5724
1 150 0.1 0.1
5504
2 150 0.1 0.1
5283
3 120 0.1 0.1
5548
4 120 0.1 0.1
5499
25
0 20 20 48 113.47
625
1 14 1 48 375.45
2068
2 34 12 47 79.88
440
3 5 1 30 372.55
2052
4 18 14 47 294.84
1624
5 11 14 43 731.85
4031
6 33 0 46 71.35
393
7 5 1 26 280.50
1545
8 27 0 41 348.04
1917
9 13 4 47 3.99
22
10 15 0 24 69.72
384
11 13 7 47 176.47
972
12 32 12 48 372.91
2054
13 4 0 43 663.04
3652
14 3 7 44 132.90
732
15 5 2 33 164.31
905
16 10 16 45 340.96
1878
17 3 0 39 139.98
771
18 11 11 48 751.82
4141
19 5 3 18 370.92
2043
20 35 3 47 252.00
1388
21 15 4 28 682.28
3758
22 11 35 47 77.89
429
23 21 3 47 282.14
1554
24 3 4 28 257.08
1416
