30
1
5
0 130 0.0 0.1
5534
1 130 0.0 0.1
5441
2 120 0.1 0.1
5419
3 170 0.1 0.1
5505
4 190 0.1 0.0
5479
25
0 25 22 47 36.89
202
1 2 0 36 261.72
1433
2 15 31 48 615.31
3369
3 31 8 48 223.55
1224
4 22 6 41 562.53
3080
5 11 2 35 100.63
551
6 13 1 24 753.39
4125
7 18 2 36 663.34
3632
8 23 24 47 401.99
2201
9 8 6 38 572.76
3136
10 5 0 41 40.36
221
11 26 13 48 342.81
1877
12 13 2 46 40.73
223
13 4 19 47 288.93
1582
14 3 0 20 488.74
2676
15 26 14 47 80.18
439
16 11 0 22 813.66
4455
17 4 27 47 413.68
2265
18 7 0 43 387.01
2119
19 20 11 45 1.10
6
20 7 27 47 592.48
3244
21 20 17 48 31.60
173
22 24 6 46 212.96
1166
23 7 0 37 735.67
4028
24 21 25 48 98.08
537
