30
1
5
0 130 0.0 0.1
5541
1 190 0.1 0.0
5388
2 150 0.1 0.1
5604
3 130 0.0 0.1
5534
4 120 0.1 0.1
5723
25
0 21 5 47 407.32
2263
1 4 30 48 40.50
225
2 5 1 9 66.06
367
3 13 9 47 203.03
1128
4 21 2 48 330.46
1836
5 3 0 29 574.53
3192
6 4 33 48 389.32
2163
7 6 15 48 351.88
1955
8 4 15 48 741.20
4118
9 34 2 46 295.18
1640
10 9 1 47 338.38
1880
11 10 30 47 383.92
2133
12 12 1 30 570.57
3170
13 6 11 48 77.40
430
14 5 1 46 30.24
168
15 22 14 43 21.42
119
16 30 12 43 37.98
211
17 4 34 47 252.71
1404
18 44 2 48 75.24
418
19 5 0 16 389.32
2163
20 29 7 39 362.32
2013
21 6 1 13 499.65
2776
22 21 17 48 241.73
1343
23 39 6 47 100.61
559
24 4 24 47 190.43
1058
