30
1
5
0 120 0.1 0.1
5439
1 150 0.1 0.1
5401
2 170 0.1 0.1
5549
3 130 0.0 0.1
5673
4 150 0.1 0.1
5426
25
0 7 5 48 231.82
1274
1 13 1 48 142.11
781
2 24 5 47 165.22
908
3 9 5 26 47.86
263
4 10 1 25 391.39
2151
5 5 14 35 162.85
895
6 5 33 48 57.86
318
7 21 16 44 188.51
1036
8 39 1 44 538.60
2960
9 25 18 48 34.57
190
10 18 21 46 106.63
586
11 26 12 47 143.93
791
12 3 40 48 94.80
521
13 20 21 48 363.19
1996
14 26 6 47 36.57
201
15 20 16 45 45.31
249
16 10 3 39 400.67
2202
17 20 0 22 524.77
2884
18 5 15 29 39.67
218
19 19 22 48 273.48
1503
20 5 29 47 509.67
2801
21 18 20 48 384.66
2114
22 6 38 47 379.57
2086
23 33 0 43 135.92
747
24 2 43 47 546.60
3004
