30
1
5
0 150 0.1 0.1
5584
1 130 0.0 0.1
5684
2 150 0.1 0.1
5425
3 120 0.1 0.1
5621
4 170 0.1 0.1
5447
25
0 17 3 37 226.47
1257
1 26 6 37 225.39
1251
2 24 0 36 43.42
241
3 13 18 47 290.79
1614
4 14 7 47 1.62
9
5 17 6 27 741.39
4115
6 21 4 40 403.94
2242
7 31 2 38 191.34
1062
8 3 23 47 35.67
198
9 3 0 25 132.96
738
10 5 33 48 580.50
3222
11 7 22 47 120.53
669
12 2 29 48 254.58
1413
13 2 0 42 134.95
749
14 24 6 31 158.01
877
15 26 9 46 272.59
1513
16 26 12 42 473.12
2626
17 2 0 36 267.01
1482
18 2 4 31 38.20
212
19 26 1 47 114.59
636
20 23 1 41 2.34
13
21 5 6 48 137.29
762
22 28 1 30 360.34
2000
23 31 5 45 356.37
1978
24 4 21 47 435.65
2418
