30
1
5
0 120 0.1 0.1
5369
1 120 0.1 0.1
5482
2 190 0.1 0.0
5548
3 130 0.0 0.1
5535
4 190 0.1 0.0
5374
25
0 2 12 37 132.59
724
1 23 4 45 758.17
4140
2 4 0 11 392.45
2143
3 22 0 46 336.23
1836
4 17 0 34 348.68
1904
5 13 5 25 249.79
1364
6 13 13 47 106.40
581
7 15 5 48 496.29
2710
8 14 1 25 452.34
2470
9 4 1 32 305.47
1668
10 11 14 48 137.90
753
11 19 9 48 492.81
2691
12 1 0 18 262.80
1435
13 27 10 48 175.44
958
14 15 7 45 62.45
341
15 5 29 47 191.01
1043
16 26 1 46 170.68
932
17 27 3 47 447.94
2446
18 2 2 31 327.99
1791
19 13 25 48 228.37
1247
20 4 0 42 152.73
834
21 4 21 41 61.72
337
22 13 5 47 44.32
242
23 15 20 47 318.47
1739
24 1 0 20 267.56
1461
