30
1
5
0 190 0.1 0.0
5514
1 190 0.1 0.0
5558
2 190 0.1 0.0
5583
3 170 0.1 0.1
5516
4 190 0.1 0.0
5419
25
0 7 0 15 375.17
2070
1 5 7 42 47.49
262
2 6 1 18 558.59
3082
3 7 37 48 517.27
2854
4 5 2 42 42.77
236
5 19 20 47 139.74
771
6 11 26 48 385.51
2127
7 25 0 44 617.32
3406
8 8 7 47 44.22
244
9 8 5 28 531.95
2935
10 37 4 48 347.81
1919
11 30 1 43 252.84
1395
12 9 2 21 312.65
1725
13 16 18 43 170.91
943
14 25 8 45 529.23
2920
15 4 0 12 237.07
1308
16 1 3 47 266.07
1468
17 15 26 48 223.47
1233
18 26 3 47 341.46
1884
19 18 18 48 229.27
1265
20 25 0 29 150.61
831
21 34 3 39 51.29
283
22 24 1 47 162.21
895
23 24 1 25 619.31
3417
24 4 0 36 586.69
3237
