30
1
5
0 150 0.1 0.1
5609
1 130 0.0 0.1
5557
2 130 0.0 0.1
5492
3 190 0.1 0.0
5429
4 150 0.1 0.1
5372
25
0 4 15 47 246.79
1355
1 7 9 48 112.92
620
2 2 0 41 64.11
352
3 26 4 47 602.13
3306
4 6 0 29 55.19
303
5 13 1 41 264.64
1453
6 7 32 47 667.34
3664
7 28 9 42 139.70
767
8 27 9 48 18.94
104
9 11 3 42 233.50
1282
10 32 1 47 218.01
1197
11 3 1 6 227.12
1247
12 8 25 47 36.43
200
13 3 14 48 427.47
2347
14 6 0 22 25.86
142
15 6 7 22 484.48
2660
16 2 0 38 304.71
1673
17 7 2 45 301.61
1656
18 7 1 30 665.52
3654
19 14 21 47 358.07
1966
20 24 20 48 224.39
1232
21 3 8 47 283.22
1555
22 6 38 47 31.51
173
23 6 1 36 202.90
1114
24 16 3 47 162.83
894
