30
1
5
0 150 0.1 0.1
5587
1 170 0.1 0.1
5525
2 150 0.1 0.1
5434
3 190 0.1 0.0
5358
4 190 0.1 0.0
5485
25
0 35 2 47 82.53
452
1 4 6 43 356.79
1954
2 20 5 48 156.30
856
3 11 2 43 511.26
2800
4 31 15 47 137.31
752
5 3 0 34 343.27
1880
6 29 2 42 12.42
68
7 2 23 44 144.25
790
8 29 15 47 516.55
2829
9 12 0 20 200.67
1099
10 22 17 43 506.33
2773
11 27 18 47 40.90
224
12 36 2 43 110.10
603
13 29 0 43 303.83
1664
14 8 2 37 246.68
1351
15 12 20 47 367.01
2010
16 33 9 47 552.16
3024
17 25 7 35 811.62
4445
18 7 33 48 346.19
1896
19 1 29 48 62.08
340
20 5 21 48 329.58
1805
21 11 1 38 246.86
1352
22 4 0 7 535.18
2931
23 8 29 48 14.79
81
24 9 2 33 113.57
622
