30
1
5
0 150 0.1 0.1
5557
1 190 0.1 0.0
5632
2 120 0.1 0.1
5455
3 130 0.0 0.1
5456
4 120 0.1 0.1
5440
25
0 20 15 48 564.01
3106
1 6 2 30 211.00
1162
2 2 1 33 279.10
1537
3 3 44 47 475.58
2619
4 2 3 7 399.49
2200
5 3 21 47 69.55
383
6 28 7 48 153.26
844
7 22 8 48 267.84
1475
8 8 1 10 472.67
2603
9 3 5 47 55.02
303
10 10 1 45 315.24
1736
11 9 12 44 303.43
1671
12 2 27 47 580.72
3198
13 11 4 48 729.80
4019
14 9 9 45 421.83
2323
15 3 0 29 418.92
2307
16 31 0 43 231.71
1276
17 29 1 47 158.89
875
18 9 1 29 134.37
740
19 42 0 48 100.42
553
20 30 4 43 376.43
2073
21 2 1 37 185.40
1021
22 35 4 44 427.82
2356
23 13 4 46 109.32
602
24 2 2 48 391.50
2156
