30
1
5
0 170 0.1 0.1
5519
1 150 0.1 0.1
5535
2 120 0.1 0.1
5472
3 120 0.1 0.1
5612
4 190 0.1 0.0
5552
25
0 7 1 42 394.93
2187
1 7 0 41 11.38
63
2 21 9 47 249.75
1383
3 6 14 47 280.26
1552
4 2 8 40 74.40
412
5 2 28 45 477.64
2645
6 2 8 46 8.13
45
7 6 20 48 352.14
1950
8 10 33 47 107.81
597
9 16 28 47 280.08
1551
10 11 26 48 256.61
1421
11 35 8 48 81.62
452
12 10 37 47 470.24
2604
13 11 4 20 266.36
1475
14 24 0 48 800.34
4432
15 12 1 28 275.93
1528
16 19 3 39 471.50
2611
17 6 2 28 52.73
292
18 12 8 40 43.52
241
19 13 21 47 449.65
2490
20 24 1 44 266.00
1473
21 17 27 48 397.64
2202
22 11 2 25 107.27
594
23 26 0 37 93.36
517
24 2 2 26 446.04
2470
