30
1
5
0 190 0.1 0.0
5373
1 170 0.1 0.1
5510
2 170 0.1 0.1
5647
3 120 0.1 0.1
5538
4 120 0.1 0.1
5457
25
0 17 15 47 115.20
634
1 20 18 47 55.06
303
2 15 19 48 421.55
2320
3 17 20 47 228.94
1260
4 5 1 46 45.79
252
5 11 1 32 23.98
132
6 21 19 48 591.08
3253
7 12 20 47 474.61
2612
8 16 0 44 389.39
2143
9 13 1 47 89.58
493
10 15 26 47 446.44
2457
11 17 2 47 83.40
459
12 2 9 19 22.89
126
13 20 11 48 18.72
103
14 2 2 47 22.71
125
15 16 0 30 133.01
732
16 18 5 47 156.08
859
17 18 1 22 522.94
2878
18 22 0 33 563.09
3099
19 16 8 37 291.09
1602
20 12 13 48 541.11
2978
21 19 0 28 151.36
833
22 10 5 30 253.11
1393
23 12 0 40 91.21
502
24 1 1 42 161.17
887
