30
1
5
0 120 0.1 0.1
5608
1 120 0.1 0.1
5482
2 130 0.0 0.1
5531
3 190 0.1 0.0
5459
4 130 0.0 0.1
5490
25
0 23 21 48 594.54
3278
1 13 13 47 70.37
388
2 9 18 40 180.28
994
3 6 6 48 64.93
358
4 2 0 16 17.96
99
5 5 42 47 958.92
5287
6 21 3 32 613.22
3381
7 4 11 48 88.33
487
8 22 9 48 10.70
59
9 28 6 45 364.02
2007
10 28 3 37 697.20
3844
11 7 4 48 379.79
2094
12 17 0 38 56.59
312
13 2 23 47 91.59
505
14 32 8 44 51.69
285
15 3 2 44 20.31
112
16 28 0 47 285.66
1575
17 2 27 48 684.86
3776
18 15 6 37 99.57
549
19 40 6 48 158.88
876
20 35 5 45 499.32
2753
21 4 2 12 489.34
2698
22 11 7 43 238.87
1317
23 6 0 47 206.77
1140
24 9 15 48 204.77
1129
