30
1
5
0 170 0.1 0.1
5433
1 190 0.1 0.0
5650
2 170 0.1 0.1
5411
3 170 0.1 0.1
5641
4 190 0.1 0.0
5428
25
0 5 0 13 85.84
473
1 18 1 42 208.88
1151
2 8 8 43 82.03
452
3 7 35 47 571.82
3151
4 12 33 48 242.08
1334
5 34 8 47 374.56
2064
6 21 10 48 60.07
331
7 3 0 32 13.25
73
8 17 4 31 707.56
3899
9 8 15 41 480.72
2649
10 12 35 48 92.55
510
11 31 9 48 12.88
71
12 4 18 41 71.32
393
13 16 26 47 339.72
1872
14 5 0 8 527.36
2906
15 7 22 48 124.31
685
16 25 13 47 261.32
1440
17 24 1 33 80.94
446
18 4 2 27 373.65
2059
19 4 35 47 232.10
1279
20 6 0 40 846.39
4664
21 22 14 48 246.80
1360
22 4 16 48 46.82
258
23 20 2 41 215.95
1190
24 20 8 43 676.53
3728
