30
1
5
0 190 0.1 0.0
5436
1 120 0.1 0.1
5343
2 150 0.1 0.1
5481
3 130 0.0 0.1
5645
4 190 0.1 0.0
5562
25
0 14 33 47 617.51
3391
1 26 0 42 689.44
3786
2 11 27 48 12.75
70
3 22 3 37 249.30
1369
4 11 2 47 197.22
1083
5 20 23 48 199.95
1098
6 7 28 48 170.08
934
7 7 20 47 315.95
1735
8 1 0 48 457.62
2513
9 19 4 28 422.29
2319
10 6 1 29 364.75
2003
11 15 12 45 72.66
399
12 31 12 45 112.54
618
13 17 24 44 539.02
2960
14 20 4 43 372.76
2047
15 12 28 47 261.68
1437
16 33 12 48 89.96
494
17 17 0 45 277.16
1522
18 1 0 46 80.85
444
19 20 9 37 12.02
66
20 4 1 31 245.65
1349
21 4 28 47 916.52
5033
22 29 1 37 105.44
579
23 13 6 38 38.42
211
24 19 14 44 147.32
809
