30
1
5
0 150 0.1 0.1
5565
1 130 0.0 0.1
5469
2 190 0.1 0.0
5536
3 170 0.1 0.1
5456
4 170 0.1 0.1
5640
25
0 24 13 48 253.06
1400
1 17 0 21 99.05
548
2 1 0 47 285.95
1582
3 4 10 39 270.23
1495
4 6 2 38 471.04
2606
5 44 2 46 286.49
1585
6 2 43 47 483.88
2677
7 4 0 27 236.06
1306
8 5 12 47 592.51
3278
9 31 10 44 336.02
1859
10 6 9 46 297.70
1647
11 25 7 47 127.43
705
12 29 3 45 97.79
541
13 1 42 47 454.60
2515
14 8 3 19 104.29
577
15 11 21 48 411.76
2278
16 23 14 41 100.86
558
17 8 2 13 341.62
1890
18 3 30 48 148.22
820
19 6 22 46 176.42
976
20 4 33 48 463.09
2562
21 11 0 36 716.87
3966
22 4 37 48 360.42
1994
23 24 6 48 108.99
603
24 13 0 37 296.62
1641
