30
1
5
0 170 0.1 0.1
5493
1 190 0.1 0.0
5361
2 150 0.1 0.1
5452
3 150 0.1 0.1
5552
4 120 0.1 0.1
5300
25
0 16 1 39 230.94
1254
1 10 24 47 172.74
938
2 17 1 29 95.95
521
3 4 6 40 218.60
1187
4 12 3 28 444.19
2412
5 17 19 47 152.48
828
6 17 7 48 443.64
2409
7 17 8 47 387.47
2104
8 5 8 36 521.72
2833
9 13 31 47 187.66
1019
10 6 19 48 155.25
843
11 37 1 48 177.71
965
12 8 4 33 106.81
580
13 5 0 27 180.11
978
14 29 2 47 277.34
1506
15 3 17 48 142.36
773
16 9 10 48 68.51
372
17 3 40 47 609.94
3312
18 5 9 31 17.50
95
19 4 1 27 606.80
3295
20 14 1 36 473.66
2572
21 25 7 44 258.93
1406
22 15 23 47 91.71
498
23 18 1 35 418.78
2274
24 19 23 48 246.96
1341
