30
1
5
0 190 0.1 0.0
5472
1 170 0.1 0.1
5493
2 190 0.1 0.0
5548
3 130 0.0 0.1
5666
4 150 0.1 0.1
5468
25
0 17 4 47 86.46
478
1 7 6 47 983.82
5439
2 24 5 47 35.81
198
3 16 2 42 593.66
3282
4 31 4 38 9.41
52
5 3 7 27 723.90
4002
6 32 5 38 522.39
2888
7 10 20 48 525.83
2907
8 4 5 23 184.14
1018
9 2 0 14 179.98
995
10 37 0 45 431.95
2388
11 18 0 45 286.88
1586
12 17 1 39 67.47
373
13 41 2 48 28.58
158
14 32 10 48 718.47
3972
15 1 0 46 292.13
1615
16 6 29 48 215.43
1191
17 9 9 47 7.42
41
18 1 1 43 351.09
1941
19 22 11 48 109.07
603
20 33 6 48 157.55
871
21 5 2 14 558.03
3085
22 18 2 41 674.33
3728
23 5 2 23 916.90
5069
24 23 22 45 314.74
1740
