30
1
5
0 170 0.1 0.1
5374
1 190 0.1 0.0
5521
2 130 0.0 0.1
5293
3 170 0.1 0.1
5436
4 170 0.1 0.1
5627
25
0 12 32 47 36.16
197
1 3 39 47 617.87
3366
2 14 18 43 500.57
2727
3 25 8 40 127.21
693
4 1 6 48 791.52
4312
5 13 32 48 91.78
500
6 6 22 48 219.17
1194
7 1 0 5 485.34
2644
8 26 11 43 164.47
896
9 13 4 48 108.30
590
10 1 20 47 19.46
106
11 6 16 48 397.04
2163
12 20 7 40 455.78
2483
13 5 37 46 156.39
852
14 30 0 42 169.98
926
15 3 28 48 214.58
1169
16 11 4 48 169.79
925
17 26 9 47 158.96
866
18 7 5 48 283.24
1543
19 8 0 12 283.60
1545
20 21 0 33 36.53
199
21 7 13 44 420.72
2292
22 12 3 45 242.49
1321
23 24 14 45 407.87
2222
24 5 33 47 190.17
1036
