30
1
5
0 130 0.0 0.1
5497
1 130 0.0 0.1
5335
2 190 0.1 0.0
5465
3 130 0.0 0.1
5596
4 170 0.1 0.1
5537
25
0 17 15 47 134.38
737
1 27 14 47 345.70
1896
2 30 5 48 50.87
279
3 17 11 38 719.29
3945
4 4 8 40 165.37
907
5 21 5 47 559.93
3071
6 12 29 47 608.07
3335
7 12 10 47 197.46
1083
8 22 2 47 163.73
898
9 26 1 34 278.23
1526
10 24 5 48 534.41
2931
11 6 18 45 271.49
1489
12 8 2 31 470.77
2582
13 31 5 47 202.75
1112
14 15 8 45 184.33
1011
15 5 1 47 699.05
3834
16 33 1 36 333.84
1831
17 8 1 48 13.31
73
18 7 32 47 10.94
60
19 9 11 31 22.06
121
20 5 1 36 670.24
3676
21 11 5 25 314.88
1727
22 33 3 47 10.94
60
23 16 8 48 18.78
103
24 8 3 32 397.48
2180
