30
1
5
0 150 0.1 0.1
5549
1 120 0.1 0.1
5485
2 120 0.1 0.1
5559
3 190 0.1 0.0
5516
4 120 0.1 0.1
5545
25
0 8 4 38 105.95
586
1 10 11 27 101.43
561
2 4 29 48 347.70
1923
3 14 25 47 220.41
1219
4 19 2 47 1.99
11
5 4 0 18 373.92
2068
6 4 18 43 549.84
3041
7 18 5 42 82.09
454
8 4 38 47 177.19
980
9 37 0 43 122.59
678
10 13 0 28 662.13
3662
11 4 35 45 113.73
629
12 17 2 48 12.11
67
13 30 16 48 537.19
2971
14 26 3 48 386.57
2138
15 27 8 46 641.51
3548
16 19 5 47 256.03
1416
17 22 10 39 314.61
1740
18 18 3 34 177.01
979
19 5 0 10 172.49
954
20 18 3 36 239.93
1327
21 13 6 48 9.22
51
22 11 2 43 221.13
1223
23 3 15 48 197.81
1094
24 13 32 48 519.11
2871
