30
1
5
0 150 0.1 0.1
5562
1 150 0.1 0.1
5542
2 170 0.1 0.1
5647
3 120 0.1 0.1
5586
4 170 0.1 0.1
5625
25
0 33 5 46 6.62
37
1 21 26 48 178.82
1000
2 18 28 48 334.58
1871
3 4 19 48 258.04
1443
4 33 2 48 650.56
3638
5 6 23 47 452.60
2531
6 11 2 40 118.74
664
7 5 11 47 738.00
4127
8 18 10 39 389.12
2176
9 17 2 23 261.98
1465
10 5 0 18 295.77
1654
11 24 0 47 135.55
758
12 20 5 42 215.12
1203
13 7 2 29 106.04
593
14 24 14 47 104.43
584
15 6 1 18 7.33
41
16 21 16 44 255.54
1429
17 5 4 36 259.83
1453
18 5 5 23 389.65
2179
19 6 1 19 447.95
2505
20 9 0 23 609.25
3407
21 8 37 48 1.07
6
22 9 29 48 452.42
2530
23 5 26 47 180.79
1011
24 27 7 44 570.98
3193
