30
1
5
0 120 0.1 0.1
5339
1 130 0.0 0.1
5407
2 170 0.1 0.1
5413
3 130 0.0 0.1
5494
4 150 0.1 0.1
5575
25
0 7 15 40 326.02
1775
1 4 1 21 306.19
1667
2 12 7 25 269.27
1466
3 27 2 48 431.27
2348
4 13 32 47 178.90
974
5 27 19 48 282.68
1539
6 8 15 36 287.27
1564
7 14 8 30 249.98
1361
8 2 3 32 322.72
1757
9 18 0 18 296.45
1614
10 24 1 37 32.51
177
11 13 3 48 335.21
1825
12 33 12 48 71.27
388
13 13 5 47 441.00
2401
14 19 1 46 457.35
2490
15 17 3 47 35.63
194
16 6 0 45 69.06
376
17 14 1 47 132.61
722
18 9 8 48 350.08
1906
19 1 11 35 414.92
2259
20 15 2 24 46.29
252
21 8 17 41 132.06
719
22 28 3 47 145.47
792
23 2 4 22 288.19
1569
24 12 21 47 172.47
939
