30
1
5
0 120 0.1 0.1
5539
1 170 0.1 0.1
5509
2 150 0.1 0.1
5479
3 150 0.1 0.1
5515
4 150 0.1 0.1
5553
25
0 7 33 47 378.70
2090
1 12 0 29 161.81
893
2 20 8 41 134.99
745
3 20 0 20 99.48
549
4 16 7 29 311.29
1718
5 7 40 47 200.95
1109
6 26 13 47 490.50
2707
7 26 1 30 495.75
2736
8 14 7 43 130.46
720
9 29 2 48 95.49
527
10 10 24 42 61.06
337
11 33 12 47 216.17
1193
12 3 13 32 155.10
856
13 6 9 47 590.70
3260
14 21 8 46 42.76
236
15 10 6 48 78.46
433
16 4 42 48 109.26
603
17 5 21 33 27.54
152
18 20 0 43 406.24
2242
19 17 4 39 258.20
1425
20 20 0 34 163.98
905
21 15 17 41 315.10
1739
22 11 0 37 102.01
563
23 3 0 25 130.82
722
24 10 2 42 727.14
4013
