30
1
5
0 170 0.1 0.1
5623
1 120 0.1 0.1
5517
2 120 0.1 0.1
5581
3 120 0.1 0.1
5537
4 150 0.1 0.1
5450
25
0 21 2 26 336.58
1865
1 13 6 48 124.71
691
2 9 9 48 186.97
1036
3 1 32 48 370.33
2052
4 7 23 48 189.68
1051
5 8 15 48 103.05
571
6 19 5 34 286.05
1585
7 28 5 48 191.30
1060
8 29 0 41 334.06
1851
9 20 3 28 81.57
452
10 13 25 46 535.10
2965
11 23 0 47 52.70
292
12 7 1 15 219.64
1217
13 20 21 48 62.08
344
14 26 8 47 331.53
1837
15 13 20 48 177.59
984
16 4 6 45 32.67
181
17 21 3 44 229.38
1271
18 8 35 48 105.58
585
19 18 0 26 366.18
2029
20 25 15 48 344.52
1909
21 9 9 45 159.54
884
22 18 6 48 318.36
1764
23 11 32 47 485.83
2692
24 5 12 46 176.14
976
