30
1
5
0 120 0.1 0.1
5521
1 120 0.1 0.1
5525
2 120 0.1 0.1
5560
3 120 0.1 0.1
5386
4 170 0.1 0.1
5491
25
0 23 18 45 179.04
984
1 16 2 31 147.02
808
2 19 3 24 345.71
1900
3 23 1 48 250.18
1375
4 21 1 40 306.59
1685
5 15 20 48 570.78
3137
6 1 38 47 324.42
1783
7 10 1 26 220.71
1213
8 4 0 9 73.14
402
9 22 6 46 208.15
1144
10 43 2 46 283.48
1558
11 4 7 29 62.59
344
12 10 30 48 52.77
290
13 12 0 47 596.08
3276
14 6 1 48 197.96
1088
15 18 2 36 44.03
242
16 23 5 30 538.03
2957
17 10 11 47 89.52
492
18 13 3 48 325.15
1787
19 1 25 47 233.44
1283
20 10 22 47 589.16
3238
21 3 36 48 177.95
978
22 28 2 44 50.40
277
23 21 0 29 165.94
912
24 4 0 20 555.50
3053
