30
1
5
0 130 0.0 0.1
5556
1 150 0.1 0.1
5615
2 120 0.1 0.1
5479
3 120 0.1 0.1
5418
4 120 0.1 0.1
5454
25
0 12 0 47 977.02
5377
1 42 1 43 233.85
1287
2 20 7 47 11.45
63
3 13 25 47 199.15
1096
4 4 41 47 663.94
3654
5 39 4 48 580.91
3197
6 24 0 33 151.54
834
7 4 0 47 63.05
347
8 7 14 48 668.12
3677
9 31 6 47 506.04
2785
10 18 0 21 13.45
74
11 23 5 39 444.26
2445
12 2 16 39 155.72
857
13 1 0 38 417.74
2299
14 1 0 18 377.03
2075
15 6 0 37 614.16
3380
16 6 15 48 339.24
1867
17 34 0 38 181.89
1001
18 3 9 24 615.25
3386
19 8 32 43 114.65
631
20 23 5 44 371.40
2044
21 11 10 47 177.71
978
22 24 16 41 69.96
385
23 4 16 47 205.32
1130
24 11 16 47 121.20
667
