30
1
5
0 120 0.1 0.1
5405
1 120 0.1 0.1
5363
2 150 0.1 0.1
5508
3 170 0.1 0.1
5723
4 120 0.1 0.1
5630
25
0 8 2 25 13.40
74
1 15 20 45 230.33
1272
2 2 13 32 11.59
64
3 27 1 42 168.58
931
4 9 0 35 25.35
140
5 20 0 48 241.38
1333
6 3 25 44 52.51
290
7 4 0 30 322.86
1783
8 23 18 48 375.73
2075
9 21 4 47 127.30
703
10 8 0 47 525.12
2900
11 14 32 48 107.20
592
12 22 2 48 647.17
3574
13 8 21 47 41.83
231
14 17 8 45 103.76
573
15 4 4 48 81.85
452
16 4 0 15 461.02
2546
17 2 13 33 185.24
1023
18 20 0 28 469.35
2592
19 7 4 48 130.19
719
20 24 0 44 241.92
1336
21 10 4 29 419.74
2318
22 7 4 41 407.42
2250
23 26 11 47 290.45
1604
24 17 3 48 385.33
2128
