30
1
5
0 120 0.1 0.1
5334
1 170 0.1 0.1
5359
2 130 0.0 0.1
5573
3 170 0.1 0.1
5497
4 170 0.1 0.1
5489
25
0 9 36 48 114.52
624
1 22 15 47 416.41
2269
2 18 3 45 375.12
2044
3 25 12 40 308.32
1680
4 3 29 48 792.27
4317
5 23 10 48 380.44
2073
6 16 5 27 374.20
2039
7 32 9 47 247.21
1347
8 8 0 40 481.38
2623
9 4 1 32 198.02
1079
10 21 4 47 139.48
760
11 18 18 45 430.36
2345
12 3 2 18 178.20
971
13 10 34 47 419.72
2287
14 6 18 47 467.98
2550
15 6 0 46 322.82
1759
16 9 5 29 203.34
1108
17 5 1 47 90.11
491
18 32 4 44 49.73
271
19 8 11 47 328.14
1788
20 13 11 33 5.32
29
21 12 15 47 205.36
1119
22 21 7 48 4.22
23
23 4 27 48 66.07
360
24 10 3 29 149.39
814
