30
1
5
0 190 0.1 0.0
5450
1 170 0.1 0.1
5587
2 130 0.0 0.1
5431
3 170 0.1 0.1
5638
4 170 0.1 0.1
5477
25
0 20 5 37 72.71
401
1 12 11 47 166.81
920
2 21 3 45 153.03
844
3 13 1 24 293.00
1616
4 11 0 20 161.18
889
5 22 11 47 362.26
1998
6 5 0 48 445.48
2457
7 5 19 39 171.34
945
8 24 1 42 211.95
1169
9 5 6 33 273.60
1509
10 9 25 40 310.04
1710
11 28 6 44 324.55
1790
12 5 12 24 224.28
1237
13 15 0 32 215.22
1187
14 28 18 47 371.32
2048
15 6 0 44 174.60
963
16 4 20 39 354.64
1956
17 5 0 11 570.58
3147
18 7 6 41 260.54
1437
19 17 4 47 339.05
1870
20 11 28 47 506.40
2793
21 25 0 35 217.39
1199
22 24 0 33 278.31
1535
23 7 3 38 229.18
1264
24 11 25 47 149.22
823
