30
1
5
0 120 0.1 0.1
5611
1 170 0.1 0.1
5472
2 130 0.0 0.1
5420
3 190 0.1 0.0
5493
4 190 0.1 0.0
5473
25
0 13 13 48 96.30
529
1 13 13 47 85.74
471
2 6 0 28 613.68
3371
3 14 30 47 67.54
371
4 21 13 47 263.60
1448
5 13 3 44 298.01
1637
6 9 6 40 210.08
1154
7 29 2 42 2.18
12
8 7 1 40 491.35
2699
9 9 1 28 38.78
213
10 14 19 47 379.20
2083
11 19 17 48 757.68
4162
12 6 1 16 4.92
27
13 10 2 38 618.41
3397
14 8 7 30 34.59
190
15 17 28 47 73.73
405
16 6 5 48 360.45
1980
17 6 8 24 50.79
279
18 3 0 37 38.59
212
19 10 4 20 535.58
2942
20 3 1 44 31.68
174
21 6 0 48 2.91
16
22 11 11 48 760.05
4175
23 4 0 16 680.68
3739
24 16 7 41 455.12
2500
