30
1
5
0 190 0.1 0.0
5499
1 120 0.1 0.1
5399
2 190 0.1 0.0
5475
3 170 0.1 0.1
5537
4 170 0.1 0.1
5493
25
0 18 7 47 77.73
426
1 11 9 39 629.90
3452
2 10 0 23 206.38
1131
3 14 3 48 820.95
4499
4 10 1 26 405.82
2224
5 14 0 48 212.04
1162
6 6 1 10 36.49
200
7 23 3 47 220.61
1209
8 39 4 48 367.50
2014
9 25 2 47 60.58
332
10 7 0 10 695.78
3813
11 11 10 47 822.41
4507
12 22 1 47 184.85
1013
13 13 9 47 28.47
156
14 9 8 40 137.59
754
15 2 1 7 237.22
1300
16 4 0 36 241.23
1322
17 31 4 42 61.49
337
18 25 4 48 93.24
511
19 26 1 34 19.34
106
20 5 20 31 335.39
1838
21 5 16 41 449.62
2464
22 3 0 6 516.40
2830
23 8 9 24 235.57
1291
24 12 22 47 65.14
357
