30
1
5
0 120 0.1 0.1
5466
1 130 0.0 0.1
5485
2 170 0.1 0.1
5448
3 170 0.1 0.1
5447
4 130 0.0 0.1
5444
25
0 11 1 30 160.32
875
1 2 4 45 467.02
2549
2 4 1 27 368.45
2011
3 6 3 26 319.35
1743
4 12 23 48 68.52
374
5 18 14 33 359.84
1964
6 19 13 48 54.05
295
7 23 9 48 359.11
1960
8 18 28 47 213.82
1167
9 13 31 47 92.16
503
10 8 4 34 336.02
1834
11 22 18 46 112.86
616
12 1 0 4 442.29
2414
13 22 1 42 739.65
4037
14 10 27 48 424.52
2317
15 3 24 47 394.10
2151
16 38 1 43 329.79
1800
17 3 1 42 101.87
556
18 6 19 35 52.58
287
19 19 12 48 326.86
1784
20 19 18 47 17.96
98
21 5 20 48 163.43
892
22 15 5 48 270.61
1477
23 8 0 31 136.68
746
24 18 2 42 80.43
439
