30
1
5
0 170 0.1 0.1
5366
1 150 0.1 0.1
5526
2 150 0.1 0.1
5576
3 190 0.1 0.0
5413
4 170 0.1 0.1
5505
25
0 34 0 47 328.70
1800
1 5 0 30 108.47
594
2 1 0 42 125.82
689
3 45 2 48 136.78
749
4 2 43 47 942.64
5162
5 4 36 48 520.81
2852
6 5 0 22 309.53
1695
7 1 0 2 448.31
2455
8 23 18 47 427.13
2339
9 32 11 45 14.24
78
10 3 0 17 355.18
1945
11 7 13 45 30.86
169
12 25 11 47 421.28
2307
13 28 6 43 303.32
1661
14 17 0 46 34.51
189
15 3 0 16 19.72
108
16 2 35 48 19.17
105
17 17 9 33 157.23
861
18 6 41 48 334.91
1834
19 4 1 20 295.46
1618
20 26 10 48 29.40
161
21 9 1 47 428.59
2347
22 36 5 48 392.25
2148
23 27 0 32 756.19
4141
24 14 22 46 648.27
3550
