30
1
5
0 150 0.1 0.1
5499
1 150 0.1 0.1
5498
2 150 0.1 0.1
5512
3 170 0.1 0.1
5407
4 170 0.1 0.1
5498
25
0 27 18 45 61.47
337
1 3 0 44 87.55
480
2 16 18 47 49.61
272
3 26 9 48 134.43
737
4 2 0 19 486.27
2666
5 9 8 40 108.71
596
6 41 2 48 220.15
1207
7 7 1 33 38.67
212
8 10 32 48 586.77
3217
9 9 2 37 584.22
3203
10 2 30 48 82.26
451
11 5 41 48 468.58
2569
12 12 12 48 259.73
1424
13 18 4 48 473.14
2594
14 20 10 39 787.77
4319
15 21 12 45 196.99
1080
16 14 4 42 507.25
2781
17 15 2 48 99.95
548
18 2 23 47 180.57
990
19 12 18 47 243.14
1333
20 26 2 29 325.03
1782
21 5 1 39 482.44
2645
22 3 0 43 248.79
1364
23 17 3 21 479.71
2630
24 24 0 38 346.19
1898
