30
1
5
0 120 0.1 0.1
5569
1 170 0.1 0.1
5414
2 190 0.1 0.0
5375
3 120 0.1 0.1
5468
4 120 0.1 0.1
5637
25
0 24 14 43 176.29
968
1 11 7 30 903.13
4959
2 15 3 48 360.42
1979
3 9 6 28 19.12
105
4 7 40 47 317.07
1741
5 5 18 47 176.11
967
6 20 7 47 337.10
1851
7 14 10 40 23.49
129
8 21 3 48 225.46
1238
9 4 22 47 131.67
723
10 10 36 47 248.96
1367
11 30 7 46 30.78
169
12 13 11 47 183.94
1010
13 3 6 44 418.15
2296
14 2 0 29 696.79
3826
15 33 5 46 254.97
1400
16 20 4 35 343.84
1888
17 2 10 33 185.94
1021
18 26 6 48 25.68
141
19 32 1 47 48.08
264
20 25 2 40 287.57
1579
21 12 1 20 540.17
2966
22 5 1 13 33.33
183
23 25 10 47 788.94
4332
24 4 14 47 492.45
2704
