30
1
5
0 170 0.1 0.1
5565
1 170 0.1 0.1
5466
2 130 0.0 0.1
5423
3 130 0.0 0.1
5579
4 130 0.0 0.1
5666
25
0 33 8 47 400.65
2219
1 15 27 47 690.81
3826
2 19 15 47 57.24
317
3 18 2 27 77.10
427
4 5 2 32 433.51
2401
5 8 34 47 805.82
4463
6 2 7 37 82.33
456
7 24 14 48 289.61
1604
8 5 0 42 224.97
1246
9 8 1 30 556.29
3081
10 33 12 47 385.67
2136
11 18 6 48 199.69
1106
12 6 2 40 330.60
1831
13 6 2 19 195.36
1082
14 7 1 43 186.88
1035
15 13 11 30 225.51
1249
16 5 4 29 327.71
1815
17 18 6 45 486.06
2692
18 14 4 32 230.39
1276
19 12 0 17 235.08
1302
20 32 0 43 53.44
296
21 29 2 37 257.47
1426
22 13 0 30 281.67
1560
23 12 2 38 337.64
1870
24 23 0 34 385.85
2137
