30
1
5
0 120 0.1 0.1
5507
1 130 0.0 0.1
5444
2 150 0.1 0.1
5521
3 120 0.1 0.1
5487
4 190 0.1 0.0
5350
25
0 22 5 28 310.56
1696
1 18 21 47 259.65
1418
2 18 21 48 82.22
449
3 10 7 48 182.38
996
4 10 8 47 114.08
623
5 28 0 47 30.03
164
6 8 13 48 74.34
406
7 11 22 48 29.12
159
8 4 1 48 69.95
382
9 4 0 28 485.62
2652
10 7 9 45 816.50
4459
11 5 24 47 238.96
1305
12 30 0 39 32.78
179
13 27 0 45 805.70
4400
14 5 29 47 574.43
3137
15 9 1 47 134.41
734
16 27 0 39 153.45
838
17 8 17 47 727.14
3971
18 10 18 32 701.69
3832
19 2 38 44 114.26
624
20 14 33 47 901.83
4925
21 4 0 24 308.55
1685
22 7 4 48 133.67
730
23 25 4 46 153.63
839
24 12 2 39 276.87
1512
