30
1
5
0 150 0.1 0.1
5567
1 130 0.0 0.1
5531
2 130 0.0 0.1
5557
3 190 0.1 0.0
5450
4 130 0.0 0.1
5527
25
0 19 5 47 119.80
662
1 7 0 31 600.24
3317
2 3 14 27 373.86
2066
3 11 7 27 479.36
2649
4 25 8 47 582.51
3219
5 9 0 41 440.64
2435
6 5 2 21 55.74
308
7 19 4 40 461.81
2552
8 14 15 48 55.01
304
9 3 21 38 102.79
568
10 3 7 30 598.07
3305
11 3 23 48 248.64
1374
12 14 5 22 468.32
2588
13 14 25 47 743.38
4108
14 5 2 9 72.56
401
15 3 1 34 57.73
319
16 28 3 48 187.84
1038
17 30 0 47 356.67
1971
18 2 15 41 56.82
314
19 22 16 47 241.94
1337
20 24 17 48 413.31
2284
21 20 4 32 343.64
1899
22 6 1 35 68.22
377
23 24 12 47 137.17
758
24 11 13 48 220.95
1221
