30
1
5
0 170 0.1 0.1
5602
1 120 0.1 0.1
5368
2 120 0.1 0.1
5522
3 170 0.1 0.1
5471
4 120 0.1 0.1
5464
25
0 10 30 47 224.82
1233
1 5 2 42 164.47
902
2 5 0 47 276.24
1515
3 4 9 37 271.68
1490
4 34 9 47 234.85
1288
5 4 1 18 274.78
1507
6 13 0 26 164.10
900
7 11 0 48 66.01
362
8 6 1 15 26.99
148
9 28 0 45 382.36
2097
10 20 4 34 293.56
1610
11 11 23 48 406.98
2232
12 18 19 47 118.52
650
13 10 25 47 435.79
2390
14 22 4 47 192.37
1055
15 2 1 42 49.41
271
16 12 18 47 331.49
1818
17 11 0 16 520.94
2857
18 10 0 48 617.58
3387
19 8 0 38 33.55
184
20 11 0 35 342.61
1879
21 26 10 47 319.82
1754
22 23 6 36 380.90
2089
23 26 8 47 64.73
355
24 12 0 34 409.17
2244
