30
1
5
0 190 0.1 0.0
5504
1 190 0.1 0.0
5467
2 190 0.1 0.0
5699
3 120 0.1 0.1
5482
4 170 0.1 0.1
5508
25
0 1 0 42 321.66
1779
1 1 9 37 87.15
482
2 20 4 37 358.90
1985
3 5 10 48 514.76
2847
4 23 4 35 110.11
609
5 11 2 17 224.20
1240
6 8 0 23 74.31
411
7 25 8 47 81.91
453
8 31 7 48 545.32
3016
9 25 21 48 848.53
4693
10 14 25 48 571.17
3159
11 1 27 46 59.67
330
12 1 0 17 323.47
1789
13 5 21 48 251.87
1393
14 44 0 45 689.42
3813
15 26 4 38 140.31
776
16 5 1 47 384.58
2127
17 1 28 40 199.97
1106
18 2 2 47 678.93
3755
19 41 4 46 151.34
837
20 3 9 48 600.64
3322
21 1 37 48 110.29
610
22 13 2 48 325.27
1799
23 16 7 48 299.96
1659
24 9 11 43 128.37
710
