30
1
5
0 150 0.1 0.1
5455
1 170 0.1 0.1
5447
2 190 0.1 0.0
5486
3 190 0.1 0.0
5340
4 130 0.0 0.1
5385
25
0 21 6 36 122.65
665
1 22 3 47 256.17
1389
2 14 1 36 196.42
1065
3 3 0 5 496.12
2690
4 18 4 46 463.29
2512
5 3 1 20 233.31
1265
6 8 32 47 232.01
1258
7 7 12 44 130.76
709
8 24 1 46 1.84
10
9 14 3 48 365.17
1980
10 4 1 40 286.05
1551
11 12 1 31 220.03
1193
12 6 23 38 178.90
970
13 10 18 47 1.84
10
14 5 21 40 414.42
2247
15 7 19 48 210.62
1142
16 39 5 48 283.10
1535
17 9 27 48 535.77
2905
18 9 32 48 490.96
2662
19 22 3 36 306.34
1661
20 15 11 47 561.04
3042
21 28 0 43 641.08
3476
22 3 9 35 177.79
964
23 15 5 47 353.19
1915
24 19 14 47 67.69
367
