30
1
5
0 120 0.1 0.1
5471
1 120 0.1 0.1
5357
2 120 0.1 0.1
5545
3 130 0.0 0.1
5485
4 170 0.1 0.1
5466
25
0 15 1 45 46.30
253
1 5 0 23 527.99
2885
2 6 1 12 19.95
109
3 3 2 32 23.61
129
4 7 4 48 158.12
864
5 5 1 39 183.38
1002
6 9 4 26 494.86
2704
7 24 0 48 312.40
1707
8 14 22 48 786.22
4296
9 13 0 16 171.30
936
10 21 11 35 868.94
4748
11 3 1 43 435.93
2382
12 7 2 40 55.09
301
13 22 17 47 804.89
4398
14 29 14 48 264.27
1444
15 35 6 48 135.06
738
16 13 13 35 52.89
289
17 4 0 48 439.78
2403
18 35 3 48 125.36
685
19 3 32 48 342.60
1872
20 21 0 48 6.41
35
21 12 22 47 66.43
363
22 34 3 44 300.69
1643
23 39 7 47 352.12
1924
24 4 1 33 331.07
1809
