30
1
5
0 170 0.1 0.1
5631
1 130 0.0 0.1
5308
2 150 0.1 0.1
5554
3 170 0.1 0.1
5373
4 130 0.0 0.1
5510
25
0 11 2 47 40.38
221
1 19 10 47 324.52
1776
2 12 18 41 385.92
2112
3 21 0 47 120.05
657
4 5 2 45 803.09
4395
5 24 0 42 323.79
1772
6 21 0 28 538.13
2945
7 9 0 16 59.75
327
8 19 0 35 315.94
1729
9 14 23 47 208.13
1139
10 25 13 48 249.06
1363
11 21 0 48 238.46
1305
12 25 16 48 710.08
3886
13 8 0 11 243.21
1331
14 21 5 47 5.85
32
15 3 4 30 9.14
50
16 22 2 32 275.92
1510
17 23 7 48 387.93
2123
18 10 22 48 409.68
2242
19 2 10 36 70.90
388
20 1 15 38 333.11
1823
21 11 36 47 590.58
3232
22 8 0 26 224.94
1231
23 25 13 47 73.82
404
24 22 0 34 226.58
1240
