30
1
5
0 120 0.1 0.1
5591
1 120 0.1 0.1
5474
2 190 0.1 0.0
5481
3 190 0.1 0.0
5466
4 190 0.1 0.0
5541
25
0 15 5 27 84.03
463
1 13 14 46 391.64
2158
2 27 4 48 266.42
1468
3 9 2 40 503.61
2775
4 22 0 47 325.58
1794
5 8 38 47 439.19
2420
6 13 11 47 88.56
488
7 44 0 48 387.65
2136
8 7 0 24 320.68
1767
9 26 18 47 98.00
540
10 2 0 13 517.22
2850
11 6 9 41 176.95
975
12 23 14 48 325.94
1796
13 1 30 47 208.89
1151
14 25 0 47 722.84
3983
15 2 0 22 235.38
1297
16 22 7 47 0.36
2
17 9 1 43 184.02
1014
18 6 5 28 506.15
2789
19 8 4 16 295.27
1627
20 20 7 48 21.05
116
21 13 5 22 0.36
2
22 1 18 48 454.25
2503
23 14 19 46 302.89
1669
24 21 1 47 123.23
679
