30
1
5
0 190 0.1 0.0
5489
1 150 0.1 0.1
5454
2 170 0.1 0.1
5544
3 190 0.1 0.0
5510
4 130 0.0 0.1
5605
25
0 14 28 48 180.44
996
1 14 3 32 50.54
279
2 31 11 46 579.17
3197
3 12 20 36 688.42
3800
4 33 1 43 253.99
1402
5 13 2 45 485.15
2678
6 11 3 39 129.71
716
7 5 34 48 211.96
1170
8 18 1 47 53.26
294
9 21 4 48 165.76
915
10 12 10 33 255.80
1412
11 15 22 48 209.06
1154
12 6 25 40 30.80
170
13 9 2 47 652.00
3599
14 5 40 47 524.83
2897
15 7 20 48 133.15
735
16 16 11 48 483.34
2668
17 15 6 45 288.59
1593
18 15 3 48 229.35
1266
19 12 30 47 99.46
549
20 5 0 34 62.32
344
21 6 21 40 235.33
1299
22 10 21 47 470.66
2598
23 13 16 37 54.35
300
24 18 0 21 239.86
1324
