30
1
5
0 190 0.1 0.0
5444
1 150 0.1 0.1
5466
2 170 0.1 0.1
5667
3 130 0.0 0.1
5561
4 120 0.1 0.1
5371
25
0 26 0 28 809.83
4454
1 24 0 48 684.01
3762
2 10 2 30 7.09
39
3 25 18 48 873.29
4803
4 8 0 42 439.64
2418
5 17 5 46 30.91
170
6 4 0 37 583.28
3208
7 9 9 40 120.18
661
8 14 7 48 778.74
4283
9 28 3 46 261.10
1436
10 8 1 25 3.27
18
11 14 22 47 2.73
15
12 12 1 46 70.73
389
13 2 14 48 38.55
212
14 27 15 47 38.73
213
15 10 4 29 628.56
3457
16 15 3 47 828.01
4554
17 21 8 48 55.27
304
18 9 19 48 414.55
2280
19 12 1 29 30.00
165
20 1 0 36 8.18
45
21 23 1 32 313.28
1723
22 4 1 11 51.64
284
23 25 0 37 56.55
311
24 27 11 48 10.36
57
