30
1
5
0 150 0.1 0.1
5553
1 120 0.1 0.1
5537
2 130 0.0 0.1
5482
3 170 0.1 0.1
5486
4 190 0.1 0.0
5342
25
0 14 2 32 121.92
668
1 13 14 48 156.42
857
2 13 18 47 75.01
411
3 3 18 38 247.13
1354
4 12 1 30 551.56
3022
5 4 1 31 328.16
1798
6 12 14 30 293.49
1608
7 15 26 47 450.63
2469
8 23 0 37 17.34
95
9 15 0 47 20.08
110
10 40 3 47 120.28
659
11 15 25 46 229.24
1256
12 3 1 30 159.52
874
13 19 16 48 411.57
2255
14 16 1 42 764.19
4187
15 17 7 40 903.82
4952
16 20 4 47 173.76
952
17 25 13 48 8.03
44
18 2 11 47 178.68
979
19 21 1 27 386.02
2115
20 10 4 48 238.18
1305
21 27 12 47 202.05
1107
22 12 3 48 503.38
2758
23 5 34 48 186.71
1023
24 5 0 11 707.80
3878
