30
1
5
0 130 0.0 0.1
5463
1 150 0.1 0.1
5610
2 120 0.1 0.1
5374
3 190 0.1 0.0
5483
4 130 0.0 0.1
5529
25
0 3 0 10 157.72
866
1 25 8 48 193.60
1063
2 2 0 29 389.39
2138
3 1 9 24 14.75
81
4 26 2 46 136.41
749
5 11 32 47 380.83
2091
6 20 17 48 16.03
88
7 20 5 48 428.91
2355
8 35 7 48 90.33
496
9 23 0 47 331.65
1821
10 33 10 47 163.18
896
11 8 0 17 324.37
1781
12 19 5 39 219.83
1207
13 6 14 29 221.47
1216
14 11 3 30 156.63
860
15 17 0 45 219.46
1205
16 33 1 47 207.44
1139
17 1 42 47 289.94
1592
18 13 0 18 377.37
2072
19 4 0 20 366.07
2010
20 18 1 44 230.57
1266
21 1 0 24 104.54
574
22 4 41 47 366.80
2014
23 34 2 45 207.26
1138
24 5 4 48 609.03
3344
