30
1
5
0 130 0.0 0.1
5453
1 170 0.1 0.1
5328
2 190 0.1 0.0
5444
3 150 0.1 0.1
5492
4 190 0.1 0.0
5466
25
0 5 14 48 555.37
3019
1 7 2 45 192.05
1044
2 30 13 48 215.42
1171
3 1 35 47 417.95
2272
4 6 0 40 47.09
256
5 43 4 48 17.48
95
6 12 0 25 406.00
2207
7 27 12 43 87.93
478
8 4 24 48 231.60
1259
9 28 2 48 109.46
595
10 8 0 37 293.41
1595
11 23 3 41 129.87
706
12 19 13 45 211.74
1151
13 1 14 48 425.86
2315
14 27 13 47 469.28
2551
15 1 0 32 307.03
1669
16 21 26 48 477.37
2595
17 2 1 14 19.50
106
18 6 11 48 150.66
819
19 4 0 22 36.42
198
20 4 0 22 144.78
787
21 29 11 48 390.54
2123
22 7 2 42 410.23
2230
23 37 1 48 527.78
2869
24 3 17 48 130.79
711
