30
1
5
0 190 0.1 0.0
5357
1 190 0.1 0.0
5491
2 170 0.1 0.1
5515
3 120 0.1 0.1
5549
4 190 0.1 0.0
5505
25
0 5 6 47 45.23
248
1 15 1 28 660.64
3622
2 4 1 46 500.49
2744
3 13 25 48 188.41
1033
4 13 9 46 33.01
181
5 7 5 48 299.49
1642
6 1 0 12 439.76
2411
7 19 28 48 543.54
2980
8 3 0 48 495.39
2716
9 8 31 47 31.37
172
10 31 13 47 221.43
1214
11 3 0 34 383.58
2103
12 18 4 48 193.89
1063
13 15 5 27 381.21
2090
14 11 16 48 81.53
447
15 8 5 48 369.90
2028
16 25 1 44 122.39
671
17 30 2 32 728.49
3994
18 13 0 48 272.68
1495
19 37 10 47 502.68
2756
20 31 1 48 176.19
966
21 11 2 20 158.14
867
22 44 2 47 435.38
2387
23 10 23 43 375.01
2056
24 26 0 45 352.21
1931
