30
1
5
0 120 0.1 0.1
5532
1 150 0.1 0.1
5504
2 190 0.1 0.0
5675
3 150 0.1 0.1
5310
4 190 0.1 0.0
5515
25
0 8 0 46 330.26
1818
1 10 12 41 51.05
281
2 33 10 48 395.30
2176
3 3 30 47 487.94
2686
4 10 1 21 56.86
313
5 3 41 48 375.50
2067
6 24 6 43 161.13
887
7 3 3 44 489.94
2697
8 10 7 36 413.10
2274
9 7 3 34 241.43
1329
10 4 24 47 19.07
105
11 2 11 37 72.30
398
12 12 5 42 318.45
1753
13 3 2 21 37.24
205
14 18 23 47 236.16
1300
15 21 13 45 14.90
82
16 18 11 47 293.93
1618
17 7 0 35 377.86
2080
18 13 4 29 474.68
2613
19 27 12 43 108.09
595
20 24 19 48 624.37
3437
21 14 3 45 100.10
551
22 2 12 37 212.91
1172
23 23 0 47 325.36
1791
24 17 1 28 266.68
1468
