30
1
5
0 150 0.1 0.1
5456
1 170 0.1 0.1
5394
2 190 0.1 0.0
5552
3 170 0.1 0.1
5480
4 170 0.1 0.1
5579
25
0 5 38 48 141.49
777
1 9 28 46 246.02
1351
2 21 3 46 704.56
3869
3 31 1 34 270.79
1487
4 12 9 46 418.29
2297
5 25 5 45 179.92
988
6 21 1 36 106.71
586
7 16 6 47 77.39
425
8 25 5 47 191.57
1052
9 38 0 47 479.66
2634
10 13 4 42 270.06
1483
11 3 40 48 526.10
2889
12 40 2 43 11.84
65
13 11 9 47 52.81
290
14 11 8 48 402.27
2209
15 24 2 41 292.64
1607
16 8 39 48 340.17
1868
17 5 29 47 565.25
3104
18 3 1 24 271.52
1491
19 22 6 39 16.75
92
20 19 2 48 710.93
3904
21 4 38 47 118.55
651
22 12 11 44 653.20
3587
23 5 0 28 12.02
66
24 9 37 47 358.56
1969
