30
1
5
0 130 0.0 0.1
5516
1 120 0.1 0.1
5622
2 190 0.1 0.0
5666
3 150 0.1 0.1
5517
4 170 0.1 0.1
5525
25
0 28 0 30 105.59
588
1 28 0 33 436.02
2428
2 20 5 28 463.32
2580
3 14 27 48 419.50
2336
4 5 2 37 178.86
996
5 9 0 18 365.99
2038
6 4 18 35 87.10
485
7 9 0 42 374.79
2087
8 12 8 48 105.41
587
9 14 4 43 388.79
2165
10 12 3 48 131.45
732
11 16 7 47 332.76
1853
12 8 28 43 127.50
710
13 1 15 47 795.37
4429
14 4 17 37 542.34
3020
15 25 17 48 686.18
3821
16 12 28 48 154.80
862
17 13 32 47 267.22
1488
18 1 0 13 201.13
1120
19 25 2 48 182.10
1014
20 12 34 48 541.62
3016
21 13 34 48 308.88
1720
22 6 0 48 541.80
3017
23 12 11 47 249.62
1390
24 1 33 48 14.73
82
