30
1
5
0 150 0.1 0.1
5684
1 150 0.1 0.1
5514
2 150 0.1 0.1
5532
3 170 0.1 0.1
5345
4 170 0.1 0.1
5451
25
0 3 1 40 8.90
49
1 23 21 48 123.93
682
2 8 22 48 282.21
1553
3 25 1 47 51.79
285
4 3 28 44 380.34
2093
5 10 21 47 8.72
48
6 3 0 44 337.45
1857
7 26 1 43 199.35
1097
8 17 24 47 67.05
369
9 6 16 47 159.91
880
10 19 3 41 76.14
419
11 11 10 48 625.30
3441
12 26 0 39 87.04
479
13 14 17 45 118.66
653
14 22 0 32 590.04
3247
15 24 2 35 261.86
1441
16 4 8 48 652.37
3590
17 31 1 34 509.36
2803
18 7 5 32 53.79
296
19 22 11 48 694.17
3820
20 8 7 48 592.22
3259
21 16 6 47 47.79
263
22 13 7 43 381.07
2097
23 4 0 29 61.24
337
24 20 2 39 40.71
224
