30
1
5
0 150 0.1 0.1
5344
1 170 0.1 0.1
5414
2 170 0.1 0.1
5416
3 190 0.1 0.0
5603
4 170 0.1 0.1
5520
25
0 27 3 48 94.36
515
1 29 3 47 322.10
1758
2 7 0 45 278.68
1521
3 29 9 47 452.92
2472
4 1 40 48 22.90
125
5 5 3 37 635.04
3466
6 13 4 48 342.07
1867
7 42 0 46 22.17
121
8 4 15 40 503.13
2746
9 5 3 35 135.22
738
10 15 26 47 97.29
531
11 2 33 48 149.51
816
12 13 7 48 515.40
2813
13 1 10 48 234.16
1278
14 12 4 41 315.51
1722
15 2 0 42 309.46
1689
16 2 32 48 518.70
2831
17 26 16 46 693.86
3787
18 35 6 44 285.09
1556
19 6 2 40 98.39
537
20 15 4 47 88.50
483
21 14 3 29 98.21
536
22 17 5 48 67.43
368
23 14 0 23 362.78
1980
24 22 20 48 192.75
1052
