30
1
5
0 170 0.1 0.1
5443
1 120 0.1 0.1
5644
2 190 0.1 0.0
5469
3 130 0.0 0.1
5526
4 150 0.1 0.1
5346
25
0 22 14 48 194.94
1069
1 2 1 48 847.58
4648
2 18 10 47 144.24
791
3 32 11 47 31.73
174
4 6 10 37 128.01
702
5 8 1 39 446.40
2448
6 6 4 39 293.77
1611
7 16 1 41 88.44
485
8 25 1 38 291.95
1601
9 6 9 35 404.46
2218
10 19 7 47 363.61
1994
11 4 0 12 492.17
2699
12 13 32 47 210.07
1152
13 2 1 47 16.78
92
14 33 4 46 13.68
75
15 12 0 42 652.64
3579
16 37 7 48 328.42
1801
17 32 1 46 700.42
3841
18 14 8 37 197.67
1084
19 4 4 26 167.40
918
20 19 2 44 155.00
850
21 6 1 14 24.80
136
22 11 0 34 43.40
238
23 16 7 43 140.59
771
24 25 14 47 640.79
3514
