30
1
5
0 170 0.1 0.1
5569
1 150 0.1 0.1
5362
2 150 0.1 0.1
5552
3 120 0.1 0.1
5567
4 150 0.1 0.1
5617
25
0 40 0 46 9.04
50
1 32 7 45 143.17
792
2 1 0 36 20.61
114
3 12 15 46 512.84
2837
4 4 39 47 527.66
2919
5 15 12 47 713.49
3947
6 24 14 45 793.21
4388
7 15 14 47 212.76
1177
8 32 3 37 303.33
1678
9 3 35 41 165.40
915
10 11 7 47 388.29
2148
11 17 0 40 169.92
940
12 10 5 28 514.28
2845
13 1 0 48 688.00
3806
14 13 13 43 9.40
52
15 21 2 38 83.88
464
16 3 29 46 673.36
3725
17 40 2 47 23.14
128
18 28 1 44 151.12
836
19 5 19 35 136.12
753
20 30 0 43 145.88
807
21 12 8 48 182.94
1012
22 13 0 48 468.73
2593
23 6 12 48 6.87
38
24 5 7 26 525.49
2907
