30
1
5
0 130 0.0 0.1
5447
1 120 0.1 0.1
5401
2 130 0.0 0.1
5434
3 190 0.1 0.0
5442
4 120 0.1 0.1
5573
25
0 2 19 48 413.28
2256
1 1 0 47 264.71
1445
2 17 23 47 531.44
2901
3 4 1 34 117.43
641
4 12 12 33 28.94
158
5 20 11 48 104.60
571
6 2 38 48 415.30
2267
7 10 15 48 235.58
1286
8 10 1 42 562.03
3068
9 11 1 46 63.02
344
10 6 14 47 488.21
2665
11 22 5 41 90.86
496
12 13 32 48 480.14
2621
13 31 1 48 124.57
680
14 8 1 23 193.82
1058
15 37 6 47 253.35
1383
16 5 22 47 291.27
1590
17 16 0 29 730.20
3986
18 7 5 47 138.68
757
19 13 0 29 55.14
301
20 7 1 46 287.98
1572
21 29 0 31 254.27
1388
22 4 8 46 200.23
1093
23 7 6 47 468.79
2559
24 24 9 40 370.60
2023
