30
1
5
0 130 0.0 0.1
5426
1 120 0.1 0.1
5361
2 170 0.1 0.1
5409
3 120 0.1 0.1
5484
4 190 0.1 0.0
5543
25
0 15 2 25 817.98
4453
1 19 25 48 195.08
1062
2 2 5 15 221.72
1207
3 17 0 35 13.23
72
4 1 6 34 21.12
115
5 24 20 47 13.04
71
6 21 0 31 166.24
905
7 9 2 30 347.73
1893
8 24 9 47 284.36
1548
9 5 19 48 604.90
3293
10 23 0 24 56.21
306
11 1 13 47 492.30
2680
12 18 2 38 66.86
364
13 22 16 48 115.73
630
14 12 0 20 485.13
2641
15 15 0 41 429.29
2337
16 2 7 26 5.51
30
17 2 2 45 11.39
62
18 14 0 27 10.29
56
19 13 6 45 255.88
1393
20 4 20 46 209.78
1142
21 4 5 48 661.84
3603
22 30 0 43 616.47
3356
23 18 0 43 53.27
290
24 4 34 39 69.07
376
