30
1
5
0 190 0.1 0.0
5370
1 170 0.1 0.1
5451
2 190 0.1 0.0
5507
3 130 0.0 0.1
5607
4 150 0.1 0.1
5378
25
0 17 4 41 113.71
621
1 6 9 47 76.36
417
2 16 11 30 503.92
2752
3 11 3 48 432.87
2364
4 8 26 48 87.89
480
5 12 0 45 451.73
2467
6 6 5 45 73.79
403
7 16 6 28 483.41
2640
8 25 9 45 342.60
1871
9 26 11 48 153.26
837
10 4 36 47 62.44
341
11 5 5 47 428.84
2342
12 31 0 47 300.12
1639
13 10 6 46 416.21
2273
14 7 34 42 52.37
286
15 19 1 37 282.17
1541
16 12 4 48 6.78
37
17 18 13 47 486.89
2659
18 4 0 8 564.71
3084
19 9 4 46 6.96
38
20 11 13 47 197.39
1078
21 16 2 26 66.47
363
22 6 15 48 598.22
3267
23 10 28 47 447.89
2446
24 12 0 48 77.46
423
