30
1
5
0 150 0.1 0.1
5573
1 130 0.0 0.1
5551
2 190 0.1 0.0
5614
3 120 0.1 0.1
5495
4 150 0.1 0.1
5434
25
0 16 5 47 580.91
3214
1 3 2 47 372.88
2063
2 5 12 48 371.07
2053
3 4 12 31 214.36
1186
4 1 24 46 166.65
922
5 18 11 47 249.07
1378
6 2 0 47 117.30
649
7 33 6 45 76.45
423
8 16 16 48 490.18
2712
9 33 6 46 215.63
1193
10 15 25 48 28.02
155
11 7 11 34 118.75
657
12 20 8 37 450.05
2490
13 12 6 39 426.38
2359
14 5 11 30 347.39
1922
15 3 0 24 110.43
611
16 22 2 48 145.50
805
17 3 0 3 244.55
1353
18 22 3 30 36.15
200
19 3 33 48 332.93
1842
20 27 6 45 257.02
1422
21 7 13 34 244.55
1353
22 37 2 41 219.24
1213
23 12 8 23 528.86
2926
24 28 1 45 333.29
1844
