30
1
5
0 120 0.1 0.1
5515
1 120 0.1 0.1
5539
2 120 0.1 0.1
5299
3 130 0.0 0.1
5544
4 170 0.1 0.1
5539
25
0 23 3 47 273.08
1498
1 4 0 36 63.44
348
2 10 0 16 280.19
1537
3 1 5 28 131.25
720
4 25 7 47 354.20
1943
5 34 7 47 101.18
555
6 4 0 10 99.17
544
7 19 2 47 90.78
498
8 18 18 48 199.98
1097
9 5 0 31 98.08
538
10 13 6 35 185.58
1018
11 3 1 9 634.40
3480
12 1 6 36 413.27
2267
13 11 32 48 432.05
2370
14 19 1 32 537.78
2950
15 25 0 27 48.31
265
16 20 23 47 321.76
1765
17 15 11 36 30.63
168
18 17 29 47 794.27
4357
19 16 2 32 118.31
649
20 4 11 30 244.10
1339
21 7 1 31 390.66
2143
22 17 22 48 331.60
1819
23 14 9 47 225.14
1235
24 21 3 33 535.04
2935
