30
1
5
0 120 0.1 0.1
5568
1 130 0.0 0.1
5220
2 190 0.1 0.0
5559
3 170 0.1 0.1
5578
4 190 0.1 0.0
5513
25
0 11 7 47 383.65
2104
1 20 26 48 174.50
957
2 9 37 47 195.84
1074
3 10 6 38 315.09
1728
4 1 0 36 566.91
3109
5 8 0 38 66.92
367
6 14 14 48 156.27
857
7 34 2 44 470.81
2582
8 8 37 47 529.35
2903
9 22 2 35 326.03
1788
10 18 7 32 74.40
408
11 7 1 48 73.48
403
12 3 0 47 124.91
685
13 4 22 46 423.95
2325
14 21 14 46 87.89
482
15 11 4 46 12.03
66
16 17 0 23 163.93
899
17 6 2 45 566.91
3109
18 26 4 46 428.51
2350
19 22 17 48 563.63
3091
20 1 31 47 413.01
2265
21 13 21 48 411.92
2259
22 31 1 48 299.59
1643
23 30 0 34 423.59
2323
24 1 0 29 40.12
220
