30
1
5
0 150 0.1 0.1
5549
1 130 0.0 0.1
5546
2 130 0.0 0.1
5491
3 130 0.0 0.1
5658
4 190 0.1 0.0
5618
25
0 21 3 48 217.17
1210
1 10 5 48 155.43
866
2 19 0 43 444.38
2476
3 12 30 47 265.27
1478
4 13 1 40 631.93
3521
5 4 41 48 197.60
1101
6 2 0 32 112.35
626
7 14 0 46 264.19
1472
8 4 22 47 286.62
1597
9 1 2 44 314.80
1754
10 20 5 47 282.85
1576
11 14 11 47 404.36
2253
12 18 13 42 518.33
2888
13 2 35 47 484.94
2702
14 17 8 48 210.35
1172
15 2 0 26 802.80
4473
16 22 15 47 526.22
2932
17 24 3 31 416.38
2320
18 17 13 41 218.06
1215
19 16 17 48 333.83
1860
20 18 2 36 276.57
1541
21 3 20 38 234.04
1304
22 35 1 47 140.17
781
23 14 5 46 383.72
2138
24 18 1 39 24.41
136
