30
1
5
0 150 0.1 0.1
5393
1 120 0.1 0.1
5571
2 120 0.1 0.1
5600
3 150 0.1 0.1
5505
4 170 0.1 0.1
5388
25
0 16 27 48 813.48
4466
1 31 6 47 364.85
2003
2 19 16 48 549.55
3017
3 4 17 47 47.36
260
4 19 1 42 38.43
211
5 7 3 35 599.64
3292
6 3 0 43 147.72
811
7 3 0 48 48.45
266
8 2 0 31 17.12
94
9 20 10 44 29.14
160
10 21 0 47 880.33
4833
11 30 5 46 653.37
3587
12 4 10 47 427.69
2348
13 37 2 47 53.55
294
14 9 1 41 339.53
1864
15 1 7 48 389.07
2136
16 3 0 7 434.61
2386
17 26 1 44 81.97
450
18 2 0 22 151.91
834
19 26 0 40 535.16
2938
20 32 6 45 525.32
2884
21 16 21 47 39.16
215
22 2 21 30 246.63
1354
23 16 4 26 311.48
1710
24 17 18 47 300.00
1647
