30
1
5
0 170 0.1 0.1
5456
1 190 0.1 0.0
5442
2 130 0.0 0.1
5444
3 120 0.1 0.1
5488
4 120 0.1 0.1
5492
25
0 14 17 47 762.58
4167
1 6 9 48 10.98
60
2 2 0 34 28.73
157
3 22 6 33 233.88
1278
4 2 3 48 522.48
2855
5 11 18 47 45.75
250
6 15 11 47 297.02
1623
7 5 1 20 768.07
4197
8 2 25 47 333.07
1820
9 5 0 22 33.67
184
10 4 0 48 931.13
5088
11 5 0 15 138.90
759
12 14 1 48 12.99
71
13 11 23 48 131.40
718
14 7 0 12 21.78
119
15 31 16 47 21.41
117
16 16 7 47 11.16
61
17 30 5 41 592.75
3239
18 16 17 47 11.71
64
19 8 2 48 371.87
2032
20 29 0 42 10.98
60
21 19 6 48 133.59
730
22 45 0 48 536.76
2933
23 28 6 40 242.67
1326
24 2 1 34 615.81
3365
