30
1
5
0 190 0.1 0.0
5467
1 150 0.1 0.1
5447
2 130 0.0 0.1
5471
3 170 0.1 0.1
5418
4 190 0.1 0.0
5569
25
0 31 6 48 124.77
683
1 29 4 44 309.47
1694
2 38 2 44 542.39
2969
3 3 3 48 157.11
860
4 15 5 48 267.08
1462
5 17 0 46 43.48
238
6 30 1 43 164.05
898
7 21 0 44 308.74
1690
8 18 24 47 71.98
394
9 42 0 43 389.30
2131
10 2 1 47 302.52
1656
11 11 1 26 210.45
1152
12 6 3 48 291.93
1598
13 27 13 44 90.79
497
14 4 41 48 308.92
1691
15 5 21 45 472.60
2587
16 5 30 47 423.83
2320
17 13 3 17 627.89
3437
18 5 15 48 626.79
3431
19 10 22 47 270.74
1482
20 19 0 48 521.01
2852
21 4 19 48 225.43
1234
22 32 1 40 208.63
1142
23 18 16 48 199.86
1094
24 1 27 43 243.15
1331
