30
1
5
0 190 0.1 0.0
5414
1 190 0.1 0.0
5466
2 120 0.1 0.1
5465
3 130 0.0 0.1
5459
4 170 0.1 0.1
5409
25
0 2 8 15 275.06
1497
1 15 3 39 632.06
3440
2 5 28 48 576.94
3140
3 2 4 39 223.98
1219
4 16 0 22 64.49
351
5 23 6 45 66.33
361
6 7 2 13 33.44
182
7 7 8 48 350.21
1906
8 5 3 28 598.81
3259
9 10 14 48 72.21
393
10 2 27 40 94.07
512
11 13 10 45 159.67
869
12 8 1 48 156.00
849
13 8 34 47 573.82
3123
14 31 2 47 273.96
1491
15 27 5 48 103.45
563
16 24 6 39 94.44
514
17 12 1 27 209.46
1140
18 25 3 48 145.15
790
19 28 17 47 33.26
181
20 9 4 43 237.39
1292
21 9 3 32 548.10
2983
22 1 28 47 190.91
1039
23 3 31 45 302.07
1644
24 44 2 46 747.82
4070
