30
1
5
0 170 0.1 0.1
5615
1 130 0.0 0.1
5529
2 130 0.0 0.1
5563
3 150 0.1 0.1
5492
4 130 0.0 0.1
5407
25
0 22 12 45 225.17
1243
1 12 29 47 253.79
1401
2 24 1 35 322.26
1779
3 30 5 40 99.09
547
4 6 2 26 59.05
326
5 20 17 47 430.41
2376
6 8 2 14 193.83
1070
7 6 11 27 142.02
784
8 10 0 14 478.78
2643
9 8 4 45 543.63
3001
10 9 1 40 278.43
1537
11 28 0 47 1.45
8
12 15 17 47 494.90
2732
13 13 5 23 367.91
2031
14 27 0 40 225.17
1243
15 18 0 33 946.69
5226
16 3 0 20 255.96
1413
17 8 1 16 334.95
1849
18 12 12 48 269.01
1485
19 25 4 38 196.55
1085
20 1 0 31 2.35
13
21 18 0 18 20.11
111
22 8 0 12 180.61
997
23 14 0 36 163.22
901
24 13 29 48 665.54
3674
