30
1
5
0 120 0.1 0.1
5469
1 120 0.1 0.1
5567
2 130 0.0 0.1
5453
3 150 0.1 0.1
5563
4 130 0.0 0.1
5530
25
0 6 40 48 316.17
1744
1 13 11 48 112.22
619
2 15 2 47 14.32
79
3 1 22 27 679.30
3747
4 16 2 32 161.71
892
5 5 9 46 294.42
1624
6 14 0 29 420.96
2322
7 10 5 15 95.36
526
8 20 6 35 197.43
1089
9 28 0 48 613.49
3384
10 15 32 47 1.45
8
11 12 2 48 713.02
3933
12 19 4 48 229.70
1267
13 20 0 47 564.90
3116
14 6 32 46 167.33
923
15 17 23 48 498.19
2748
16 14 4 21 271.39
1497
17 18 13 48 628.72
3468
18 2 0 46 444.16
2450
19 2 0 29 154.64
853
20 10 3 33 132.34
730
21 13 0 39 600.62
3313
22 21 8 38 535.90
2956
23 5 26 47 217.91
1202
24 6 0 36 598.26
3300
