30
1
5
0 120 0.1 0.1
5417
1 120 0.1 0.1
5544
2 130 0.0 0.1
5486
3 120 0.1 0.1
5517
4 170 0.1 0.1
5582
25
0 5 17 40 613.40
3379
1 9 8 48 639.00
3520
2 4 0 42 636.09
3504
3 3 1 25 317.14
1747
4 19 15 47 287.19
1582
5 38 0 44 371.42
2046
6 19 7 48 143.59
791
7 20 1 33 276.66
1524
8 14 9 26 147.77
814
9 33 5 45 230.00
1267
10 25 0 46 228.55
1259
11 14 1 47 193.51
1066
12 15 8 42 131.25
723
13 14 10 28 16.16
89
14 7 38 47 46.84
258
15 16 0 21 317.68
1750
16 2 21 48 335.84
1850
17 4 26 41 126.53
697
18 2 18 29 531.17
2926
19 3 0 34 627.20
3455
20 43 0 47 63.72
351
21 13 32 48 507.20
2794
22 3 39 48 583.63
3215
23 40 4 48 663.14
3653
24 2 10 35 176.27
971
