30
1
5
0 120 0.1 0.1
5448
1 190 0.1 0.0
5412
2 130 0.0 0.1
5377
3 130 0.0 0.1
5613
4 170 0.1 0.1
5631
25
0 4 28 47 169.45
931
1 15 4 48 38.04
209
2 28 0 42 438.46
2409
3 14 0 48 7.46
41
4 10 1 48 250.99
1379
5 1 9 37 40.22
221
6 27 4 45 41.13
226
7 25 19 47 8.19
45
8 16 0 30 429.00
2357
9 17 28 47 355.28
1952
10 25 2 37 280.84
1543
11 6 18 48 193.48
1063
12 29 6 42 765.90
4208
13 21 2 47 270.83
1488
14 4 20 47 220.78
1213
15 13 4 20 606.82
3334
16 8 1 16 15.29
84
17 11 13 39 223.51
1228
18 3 2 30 288.49
1585
19 1 1 20 198.57
1091
20 6 29 47 704.74
3872
21 3 6 42 422.45
2321
22 18 27 48 481.78
2647
23 12 32 48 110.84
609
24 11 4 47 315.79
1735
