30
1
5
0 120 0.1 0.1
5495
1 170 0.1 0.1
5386
2 130 0.0 0.1
5583
3 190 0.1 0.0
5590
4 190 0.1 0.0
5481
25
0 24 12 46 338.00
1861
1 23 0 46 193.06
1063
2 18 12 46 542.32
2986
3 3 2 45 238.29
1312
4 8 35 45 262.99
1448
5 13 26 47 617.15
3398
6 22 11 47 223.58
1231
7 11 5 42 22.70
125
8 10 30 48 157.28
866
9 24 2 42 287.51
1583
10 2 22 47 201.78
1111
11 5 1 32 206.50
1137
12 11 1 13 116.96
644
13 2 5 48 532.15
2930
14 6 0 18 382.68
2107
15 2 0 27 150.56
829
16 8 1 47 455.14
2506
17 27 1 36 93.90
517
18 9 0 13 563.93
3105
19 2 43 47 489.29
2694
20 3 1 25 238.11
1311
21 31 1 46 260.44
1434
22 31 3 48 491.65
2707
23 2 0 30 258.81
1425
24 11 32 48 173.27
954
