30
1
5
0 170 0.1 0.1
5478
1 150 0.1 0.1
5369
2 130 0.0 0.1
5357
3 190 0.1 0.0
5502
4 190 0.1 0.0
5502
25
0 25 6 36 215.41
1172
1 8 29 48 490.37
2668
2 24 5 33 206.59
1124
3 13 1 21 50.18
273
4 19 5 40 17.83
97
5 3 20 41 495.51
2696
6 10 0 47 461.33
2510
7 21 1 46 387.81
2110
8 9 1 16 582.45
3169
9 23 10 47 57.90
315
10 6 20 37 291.68
1587
11 5 1 33 99.62
542
12 2 8 45 22.79
124
13 18 8 43 459.31
2499
14 37 1 39 359.14
1954
15 25 12 47 310.06
1687
16 5 0 45 362.26
1971
17 20 3 48 131.23
714
18 19 0 40 415.56
2261
19 29 15 48 237.10
1290
20 24 18 47 441.66
2403
21 17 27 47 212.84
1158
22 10 6 47 611.67
3328
23 24 8 43 91.35
497
24 7 37 47 425.85
2317
