30
1
5
0 190 0.1 0.0
5357
1 190 0.1 0.0
5554
2 170 0.1 0.1
5534
3 130 0.0 0.1
5518
4 150 0.1 0.1
5473
25
0 2 40 47 746.77
4097
1 4 1 21 313.87
1722
2 24 3 35 314.24
1724
3 23 3 48 450.40
2471
4 10 6 48 111.37
611
5 31 2 46 161.13
884
6 32 11 48 261.93
1437
7 6 1 47 186.46
1023
8 19 15 46 174.07
955
9 21 4 45 533.51
2927
10 21 6 39 107.18
588
11 4 0 10 420.87
2309
12 2 0 42 653.45
3585
13 40 4 48 382.59
2099
14 19 0 41 164.59
903
15 7 22 48 304.76
1672
16 22 14 48 301.30
1653
17 13 28 48 12.76
70
18 10 1 48 53.77
295
19 2 30 47 119.94
658
20 7 0 24 664.20
3644
21 20 2 36 21.69
119
22 10 30 48 225.47
1237
23 2 0 44 157.30
863
24 7 23 45 503.44
2762
