30
1
5
0 130 0.0 0.1
5403
1 150 0.1 0.1
5587
2 190 0.1 0.0
5516
3 150 0.1 0.1
5505
4 190 0.1 0.0
5308
25
0 10 7 31 575.79
3145
1 13 27 48 378.06
2065
2 4 4 46 384.11
2098
3 18 1 39 519.77
2839
4 17 26 48 525.81
2872
5 24 16 47 117.17
640
6 23 10 48 60.23
329
7 5 20 48 132.92
726
8 27 16 48 403.88
2206
9 14 7 48 241.85
1321
10 23 0 45 249.36
1362
11 3 6 42 468.69
2560
12 3 7 23 82.94
453
13 8 9 46 192.24
1050
14 6 1 44 389.05
2125
15 4 0 31 128.16
700
16 9 4 28 102.34
559
17 8 0 9 68.84
376
18 25 0 45 297.69
1626
19 11 0 32 216.04
1180
20 15 17 47 33.32
182
21 18 2 39 97.58
533
22 29 1 44 707.24
3863
23 38 2 48 65.18
356
24 8 0 30 450.01
2458
