30
1
5
0 150 0.1 0.1
5439
1 130 0.0 0.1
5358
2 190 0.1 0.0
5583
3 130 0.0 0.1
5441
4 190 0.1 0.0
5509
25
0 8 0 35 305.58
1670
1 3 12 48 530.84
2901
2 10 0 44 404.58
2211
3 37 10 47 233.49
1276
4 11 29 47 16.47
90
5 15 29 47 428.18
2340
6 3 1 33 430.93
2355
7 22 3 40 167.25
914
8 26 9 44 281.06
1536
9 15 3 45 319.12
1744
10 32 9 47 309.79
1693
11 24 9 47 20.68
113
12 12 28 48 490.95
2683
13 23 1 35 607.69
3321
14 7 5 14 13.72
75
15 18 1 29 55.81
305
16 43 4 47 312.72
1709
17 4 36 47 612.45
3347
18 5 15 47 498.08
2722
19 15 7 38 187.01
1022
20 3 20 48 1.83
10
21 33 9 48 2.01
11
22 17 0 48 125.34
685
23 28 0 37 344.56
1883
24 19 6 48 301.56
1648
