30
1
5
0 170 0.1 0.1
5408
1 170 0.1 0.1
5617
2 130 0.0 0.1
5521
3 190 0.1 0.0
5536
4 190 0.1 0.0
5670
25
0 1 3 48 425.13
2359
1 39 6 47 786.64
4365
2 14 0 26 987.03
5477
3 2 7 48 401.70
2229
4 12 1 45 204.90
1137
5 1 1 12 189.59
1052
6 38 1 47 15.68
87
7 16 3 42 165.44
918
8 36 2 47 406.92
2258
9 2 23 48 309.43
1717
10 33 6 47 353.22
1960
11 18 26 48 477.39
2649
12 19 0 47 283.66
1574
13 5 0 48 561.73
3117
14 25 2 40 397.37
2205
15 18 16 45 308.71
1713
16 5 15 48 352.14
1954
17 34 5 43 154.98
860
18 5 28 48 92.99
516
19 2 17 48 679.41
3770
20 24 6 47 16.40
91
21 6 0 47 173.01
960
22 1 0 29 454.50
2522
23 14 10 47 320.96
1781
24 2 20 47 195.35
1084
