30
1
5
0 120 0.1 0.1
5604
1 170 0.1 0.1
5458
2 150 0.1 0.1
5509
3 150 0.1 0.1
5605
4 190 0.1 0.0
5459
25
0 4 3 25 211.90
1171
1 7 14 48 372.04
2056
2 35 1 39 43.43
240
3 7 31 48 50.12
277
4 5 32 47 214.43
1185
5 4 11 47 161.05
890
6 15 28 47 574.53
3175
7 26 3 39 483.88
2674
8 17 4 47 70.03
387
9 6 13 48 440.81
2436
10 18 6 39 630.45
3484
11 6 14 48 132.46
732
12 14 1 42 120.88
668
13 14 12 48 433.93
2398
14 23 22 48 156.16
863
15 7 0 15 392.67
2170
16 21 0 48 210.27
1162
17 12 6 26 61.16
338
18 4 17 47 217.15
1200
19 18 2 40 317.58
1755
20 17 17 47 214.07
1183
21 6 1 21 669.90
3702
22 10 0 46 491.66
2717
23 10 9 48 472.48
2611
24 8 13 48 603.85
3337
