30
1
5
0 190 0.1 0.0
5533
1 150 0.1 0.1
5419
2 150 0.1 0.1
5503
3 130 0.0 0.1
5460
4 190 0.1 0.0
5445
25
0 2 10 30 420.35
2300
1 19 5 45 915.26
5008
2 16 12 41 37.47
205
3 14 0 24 20.83
114
4 16 4 48 19.56
107
5 40 5 48 409.75
2242
6 2 0 39 47.15
258
7 17 21 48 557.41
3050
8 8 0 16 37.83
207
9 12 17 47 179.10
980
10 18 11 48 14.26
78
11 7 2 18 187.69
1027
12 28 12 48 422.72
2313
13 26 13 47 699.42
3827
14 17 2 47 149.86
820
15 9 0 47 416.51
2279
16 2 24 32 385.07
2107
17 3 0 4 188.24
1030
18 9 7 33 104.17
570
19 12 0 33 541.15
2961
20 4 0 38 115.69
633
21 2 1 41 696.13
3809
22 19 27 48 414.31
2267
23 8 0 32 136.52
747
24 15 20 48 139.44
763
