30
1
5
0 120 0.1 0.1
5532
1 120 0.1 0.1
5509
2 150 0.1 0.1
5414
3 120 0.1 0.1
5498
4 150 0.1 0.1
5475
25
0 5 23 47 575.54
3157
1 21 0 43 190.14
1043
2 18 2 33 380.29
2086
3 30 3 44 306.27
1680
4 6 20 47 261.43
1434
5 14 21 44 273.28
1499
6 8 25 43 662.13
3632
7 7 26 47 593.22
3254
8 11 4 43 123.24
676
9 18 4 48 344.37
1889
10 9 26 48 13.49
74
11 19 2 26 146.39
803
12 33 1 47 405.81
2226
13 13 2 32 541.81
2972
14 19 0 40 281.11
1542
15 17 2 48 223.87
1228
16 7 0 31 130.53
716
17 8 6 48 226.61
1243
18 16 8 46 388.31
2130
19 11 2 42 93.34
512
20 6 14 48 187.41
1028
21 23 0 24 490.22
2689
22 4 9 47 176.11
966
23 5 1 40 335.08
1838
24 8 13 48 1.82
10
