30
1
5
0 150 0.1 0.1
5467
1 120 0.1 0.1
5572
2 130 0.0 0.1
5524
3 130 0.0 0.1
5356
4 150 0.1 0.1
5524
25
0 19 10 47 416.58
2286
1 2 15 47 346.60
1902
2 42 4 46 355.71
1952
3 1 4 48 466.33
2559
4 13 5 31 77.45
425
5 14 1 43 207.74
1140
6 11 30 48 75.44
414
7 5 1 9 341.32
1873
8 27 4 43 598.99
3287
9 12 21 46 275.17
1510
10 6 2 32 81.64
448
11 11 2 26 477.81
2622
12 13 7 47 75.44
414
13 29 10 47 517.53
2840
14 8 0 40 311.98
1712
15 22 2 40 338.40
1857
16 15 10 29 83.64
459
17 18 0 47 29.34
161
18 32 0 35 61.41
337
19 19 23 48 67.06
368
20 3 31 48 90.20
495
21 11 13 48 479.81
2633
22 39 1 47 402.54
2209
23 8 15 35 15.85
87
24 15 2 47 377.03
2069
