30
1
5
0 130 0.0 0.1
5539
1 170 0.1 0.1
5424
2 120 0.1 0.1
5580
3 120 0.1 0.1
5482
4 190 0.1 0.0
5562
25
0 15 7 45 102.60
566
1 10 6 47 481.80
2658
2 8 6 47 507.90
2802
3 2 36 48 797.74
4401
4 19 0 47 488.87
2697
5 7 0 41 98.43
543
6 11 16 48 88.09
486
7 34 6 46 90.45
499
8 21 14 48 262.47
1448
9 32 0 33 112.02
618
10 16 2 27 293.29
1618
11 18 12 33 354.73
1957
12 18 11 44 602.89
3326
13 15 18 42 149.54
825
14 3 0 5 476.73
2630
15 21 9 33 673.76
3717
16 9 0 28 114.74
633
17 5 0 22 292.38
1613
18 2 29 47 106.22
586
19 10 7 27 195.58
1079
20 10 0 29 199.21
1099
21 8 0 13 412.38
2275
22 1 0 11 58.37
322
23 1 0 26 118.00
651
24 30 2 44 65.07
359
