30
1
5
0 150 0.1 0.1
5617
1 170 0.1 0.1
5349
2 120 0.1 0.1
5541
3 150 0.1 0.1
5590
4 170 0.1 0.1
5488
25
0 28 1 47 316.75
1747
1 25 18 48 113.86
628
2 20 8 48 804.48
4437
3 4 6 47 577.30
3184
4 3 6 35 75.43
416
5 12 1 35 87.57
483
6 4 40 47 136.17
751
7 5 4 32 483.92
2669
8 5 27 45 361.17
1992
9 9 2 16 247.49
1365
10 20 17 48 106.79
589
11 10 3 33 231.72
1278
12 2 0 37 635.68
3506
13 10 0 21 354.47
1955
14 29 5 48 237.70
1311
15 29 6 48 161.37
890
16 16 2 48 80.68
445
17 14 1 47 335.07
1848
18 3 9 48 757.52
4178
19 14 1 34 89.93
496
20 4 1 32 531.97
2934
21 22 4 47 41.52
229
22 39 2 45 87.21
481
23 6 0 17 91.20
503
24 3 9 33 409.95
2261
