30
1
5
0 150 0.1 0.1
5646
1 120 0.1 0.1
5506
2 120 0.1 0.1
5454
3 130 0.0 0.1
5606
4 190 0.1 0.0
5401
25
0 24 7 38 443.39
2448
1 14 31 47 437.41
2415
2 2 6 8 224.23
1238
3 21 17 47 244.52
1350
4 6 12 47 572.17
3159
5 6 0 25 271.50
1499
6 28 11 48 244.16
1348
7 22 9 32 233.47
1289
8 14 31 47 402.82
2224
9 6 2 39 451.18
2491
10 3 0 8 230.93
1275
11 5 0 18 742.79
4101
12 6 1 36 179.86
993
13 5 2 22 403.00
2225
14 12 21 45 86.58
478
15 20 0 45 317.33
1752
16 2 8 47 73.90
408
17 13 31 47 302.11
1668
18 23 5 48 219.34
1211
19 24 5 47 194.53
1074
20 2 8 47 359.35
1984
21 14 9 32 202.13
1116
22 17 24 45 419.12
2314
23 5 20 48 114.47
632
24 25 11 40 128.60
710
