30
1
5
0 130 0.0 0.1
5390
1 190 0.1 0.0
5505
2 150 0.1 0.1
5728
3 190 0.1 0.0
5506
4 130 0.0 0.1
5430
25
0 1 0 34 283.88
1564
1 4 32 48 22.51
124
2 3 21 37 410.03
2259
3 23 0 33 305.48
1683
4 12 22 47 651.80
3591
5 19 0 39 70.43
388
6 12 15 47 11.62
64
7 13 17 48 118.53
653
8 18 5 29 40.11
221
9 11 8 38 749.27
4128
10 31 3 48 121.07
667
11 7 6 36 751.45
4140
12 7 2 28 741.83
4087
13 28 0 46 124.70
687
14 14 5 37 399.14
2199
15 19 7 47 201.66
1111
16 9 1 35 114.90
633
17 10 5 39 16.15
89
18 11 12 44 466.30
2569
19 25 14 47 367.19
2023
20 4 13 46 84.40
465
21 25 0 42 686.29
3781
22 21 2 47 739.83
4076
23 1 0 14 272.99
1504
24 16 14 31 70.06
386
