30
1
5
0 170 0.1 0.1
5496
1 130 0.0 0.1
5455
2 190 0.1 0.0
5507
3 190 0.1 0.0
5637
4 150 0.1 0.1
5657
25
0 3 0 37 487.64
2706
1 35 7 47 94.43
524
2 15 18 46 512.14
2842
3 36 10 48 43.25
240
4 12 0 37 544.94
3024
5 4 3 36 512.50
2844
6 4 18 48 476.82
2646
7 25 13 45 224.36
1245
8 3 1 7 847.15
4701
9 17 1 35 604.41
3354
10 34 8 48 201.47
1118
11 23 4 35 204.35
1134
12 4 4 47 219.31
1217
13 16 7 37 37.66
209
14 4 13 48 219.31
1217
15 5 2 26 141.46
785
16 31 3 48 376.45
2089
17 4 43 48 95.87
532
18 27 1 47 315.72
1752
19 10 19 48 403.30
2238
20 5 0 25 35.86
199
21 29 10 48 65.41
363
22 17 0 31 24.33
135
23 32 2 47 901.39
5002
24 3 1 27 353.38
1961
