30
1
5
0 170 0.1 0.1
5448
1 170 0.1 0.1
5383
2 120 0.1 0.1
5387
3 130 0.0 0.1
5547
4 130 0.0 0.1
5602
25
0 20 10 47 93.20
510
1 20 9 37 108.92
596
2 4 26 47 56.83
311
3 9 30 48 245.43
1343
4 16 12 46 50.62
277
5 9 18 48 139.07
761
6 12 35 48 135.23
740
7 16 1 41 407.71
2231
8 28 0 44 362.94
1986
9 22 15 41 357.82
1958
10 6 33 48 412.83
2259
11 17 18 48 290.39
1589
12 4 0 46 258.59
1415
13 13 17 47 58.30
319
14 3 31 36 141.81
776
15 6 16 48 458.33
2508
16 28 0 34 599.78
3282
17 3 4 39 168.31
921
18 5 37 47 428.54
2345
19 5 26 38 436.59
2389
20 7 23 48 115.50
632
21 4 0 18 307.93
1685
22 18 0 26 293.31
1605
23 10 8 48 343.02
1877
24 22 6 34 214.36
1173
