30
1
5
0 190 0.1 0.0
5559
1 130 0.0 0.1
5367
2 130 0.0 0.1
5595
3 120 0.1 0.1
5462
4 150 0.1 0.1
5640
25
0 17 8 31 161.87
894
1 18 1 47 262.73
1451
2 18 2 27 70.07
387
3 6 0 41 58.12
321
4 16 4 44 90.35
499
5 13 25 47 499.56
2759
6 1 3 48 11.23
62
7 18 12 48 530.71
2931
8 2 0 24 360.68
1992
9 16 12 48 92.71
512
10 13 2 47 128.01
707
11 23 0 44 158.25
874
12 1 18 39 454.84
2512
13 4 0 8 2.72
15
14 27 7 48 31.14
172
15 17 4 47 587.02
3242
16 1 43 48 369.38
2040
17 15 4 31 2.53
14
18 9 9 47 428.22
2365
19 11 3 46 361.41
1996
20 4 0 17 66.45
367
21 16 4 32 313.43
1731
22 34 10 48 784.20
4331
23 2 0 15 231.95
1281
24 1 4 35 57.40
317
