30
1
5
0 150 0.1 0.1
5479
1 130 0.0 0.1
5627
2 190 0.1 0.0
5549
3 170 0.1 0.1
5527
4 170 0.1 0.1
5410
25
0 18 8 34 287.63
1587
1 3 0 44 55.10
304
2 16 11 31 309.20
1706
3 10 19 48 474.86
2620
4 2 1 17 152.61
842
5 18 2 37 83.37
460
6 21 11 48 487.91
2692
7 28 19 48 164.39
907
8 4 6 45 75.03
414
9 7 0 36 664.44
3666
10 14 1 48 206.44
1139
11 14 25 48 511.11
2820
12 14 0 45 87.72
484
13 19 23 48 9.06
50
14 9 0 46 169.46
935
15 14 14 31 84.82
468
16 35 7 48 602.45
3324
17 18 26 48 369.55
2039
18 6 0 44 634.17
3499
19 4 0 20 120.16
663
20 3 1 48 11.06
61
21 16 26 48 246.31
1359
22 18 20 47 58.18
321
23 12 7 36 339.65
1874
24 21 1 45 319.89
1765
