30
1
5
0 170 0.1 0.1
5552
1 130 0.0 0.1
5549
2 150 0.1 0.1
5396
3 130 0.0 0.1
5469
4 150 0.1 0.1
5582
25
0 19 0 48 372.50
2052
1 14 6 27 124.35
685
2 26 10 48 49.74
274
3 13 27 47 417.34
2299
4 21 0 39 237.80
1310
5 6 0 38 639.35
3522
6 6 2 48 82.41
454
7 13 31 48 173.54
956
8 10 22 47 454.00
2501
9 27 6 45 204.58
1127
10 7 0 47 188.97
1041
11 1 10 26 344.91
1900
12 13 26 47 341.46
1881
13 7 0 35 362.15
1995
14 6 0 9 503.20
2772
15 22 3 44 78.42
432
16 16 4 37 230.36
1269
17 14 2 48 231.09
1273
18 7 3 10 51.19
282
19 17 21 44 452.19
2491
20 18 8 47 343.45
1892
21 17 2 47 246.34
1357
22 2 0 23 177.17
976
23 5 0 27 362.33
1996
24 18 11 39 236.17
1301
