30
1
5
0 170 0.1 0.1
5544
1 170 0.1 0.1
5493
2 130 0.0 0.1
5704
3 190 0.1 0.0
5496
4 130 0.0 0.1
5392
25
0 5 13 48 84.36
466
1 20 9 44 333.82
1844
2 22 0 40 89.25
493
3 24 1 30 175.78
971
4 3 4 43 136.32
753
5 27 7 37 465.61
2572
6 7 6 43 60.10
332
7 11 12 44 270.82
1496
8 22 0 29 62.46
345
9 29 0 42 93.59
517
10 25 18 45 104.45
577
11 18 2 27 426.33
2355
12 8 7 17 236.43
1306
13 12 7 48 403.15
2227
14 4 23 47 80.56
445
15 8 17 47 904.97
4999
16 22 3 38 11.59
64
17 15 2 37 443.89
2452
18 21 4 39 308.84
1706
19 4 7 40 418.36
2311
20 20 2 33 64.81
358
21 7 25 37 172.16
951
22 11 24 47 177.05
978
23 12 30 47 667.10
3685
24 17 2 48 456.02
2519
