30
1
5
0 170 0.1 0.1
5481
1 150 0.1 0.1
5550
2 120 0.1 0.1
5432
3 150 0.1 0.1
5596
4 190 0.1 0.0
5528
25
0 12 27 48 565.36
3119
1 1 29 47 740.46
4085
2 4 32 48 535.63
2955
3 7 23 47 134.32
741
4 2 1 41 322.47
1779
5 16 20 48 111.66
616
6 12 25 48 63.80
352
7 28 3 48 192.14
1060
8 3 0 21 244.71
1350
9 18 28 48 54.92
303
10 1 1 47 60.90
336
11 14 14 43 595.27
3284
12 13 1 48 138.12
762
13 25 0 28 714.54
3942
14 14 0 48 586.57
3236
15 30 0 31 271.71
1499
16 1 0 33 522.95
2885
17 23 1 42 118.73
655
18 38 4 48 306.15
1689
19 27 3 40 19.03
105
20 25 2 48 69.06
381
21 34 3 48 444.28
2451
22 13 15 46 52.57
290
23 3 9 48 92.99
513
24 6 20 48 394.25
2175
