30
1
5
0 150 0.1 0.1
5542
1 150 0.1 0.1
5653
2 190 0.1 0.0
5503
3 190 0.1 0.0
5384
4 170 0.1 0.1
5526
25
0 6 0 31 15.40
85
1 18 11 47 105.97
585
2 22 0 40 674.24
3722
3 18 0 39 204.16
1127
4 10 2 38 226.80
1252
5 2 2 42 252.52
1394
6 15 3 23 154.16
851
7 4 39 48 188.76
1042
8 10 0 43 217.92
1203
9 5 8 16 235.50
1300
10 17 20 47 156.70
865
11 5 3 37 21.01
116
12 27 18 48 355.78
1964
13 11 14 43 527.51
2912
14 27 19 47 176.26
973
15 10 0 38 611.57
3376
16 11 7 48 149.99
828
17 17 15 45 452.88
2500
18 16 2 48 299.26
1652
19 9 5 29 599.97
3312
20 1 0 4 274.62
1516
21 16 21 47 85.68
473
22 7 14 48 207.06
1143
23 20 2 41 47.64
263
24 6 4 47 693.45
3828
