30
1
5
0 170 0.1 0.1
5468
1 150 0.1 0.1
5593
2 120 0.1 0.1
5591
3 130 0.0 0.1
5440
4 170 0.1 0.1
5478
25
0 11 1 21 163.42
901
1 12 1 27 309.26
1705
2 21 10 48 512.58
2826
3 12 33 47 442.21
2438
4 6 2 47 144.56
797
5 11 20 47 259.92
1433
6 5 21 47 26.30
145
7 18 0 37 188.27
1038
8 13 3 42 134.40
741
9 19 19 47 50.42
278
10 12 3 47 494.99
2729
11 7 19 30 320.68
1768
12 14 20 47 373.28
2058
13 18 4 37 210.22
1159
14 5 14 48 175.21
966
15 23 4 43 169.95
937
16 7 1 31 276.61
1525
17 5 0 15 469.60
2589
18 6 9 42 75.64
417
19 7 4 46 153.81
848
20 5 1 39 51.15
282
21 12 32 48 438.40
2417
22 7 2 35 153.45
846
23 17 23 47 380.36
2097
24 11 3 38 145.65
803
