30
1
5
0 150 0.1 0.1
5538
1 190 0.1 0.0
5640
2 190 0.1 0.0
5490
3 150 0.1 0.1
5570
4 150 0.1 0.1
5738
25
0 7 12 47 125.67
703
1 35 0 43 134.25
751
2 34 2 43 132.82
743
3 10 0 23 82.95
464
4 32 7 48 415.81
2326
5 4 4 48 77.23
432
6 6 0 32 136.58
764
7 2 10 48 60.24
337
8 9 5 28 29.50
165
9 26 8 48 18.77
105
10 3 14 47 377.91
2114
11 10 4 46 245.09
1371
12 3 6 47 363.97
2036
13 29 11 47 40.76
228
14 4 14 44 579.92
3244
15 17 7 31 121.38
679
16 16 1 27 47.19
264
17 16 21 48 617.82
3456
18 7 37 47 187.35
1048
19 3 9 44 257.42
1440
20 10 0 43 256.71
1436
21 11 0 22 282.81
1582
22 25 9 48 445.67
2493
23 2 17 47 685.75
3836
24 39 0 40 705.41
3946
