30
1
5
0 120 0.1 0.1
5677
1 120 0.1 0.1
5653
2 170 0.1 0.1
5636
3 120 0.1 0.1
5562
4 130 0.0 0.1
5480
25
0 10 22 47 176.59
989
1 21 0 46 293.36
1643
2 23 14 47 411.92
2307
3 5 0 35 572.25
3205
4 2 28 48 416.91
2335
5 13 9 45 259.97
1456
6 35 0 45 39.10
219
7 6 14 48 359.78
2015
8 27 14 42 421.56
2361
9 1 6 28 229.26
1284
10 18 14 47 410.13
2297
11 5 0 25 84.28
472
12 2 7 47 47.49
266
13 9 35 48 660.46
3699
14 21 16 39 93.74
525
15 14 6 28 262.83
1472
16 12 20 41 78.92
442
17 12 23 45 413.70
2317
18 21 1 47 93.20
522
19 20 5 37 561.54
3145
20 16 2 38 413.52
2316
21 14 5 47 385.13
2157
22 7 0 48 13.75
77
23 22 20 47 123.74
693
24 19 2 38 454.05
2543
