30
1
5
0 150 0.1 0.1
5497
1 170 0.1 0.1
5453
2 170 0.1 0.1
5503
3 120 0.1 0.1
5643
4 130 0.0 0.1
5255
25
0 1 2 26 111.39
609
1 7 1 10 55.24
302
2 28 0 38 83.40
456
3 27 15 47 842.46
4606
4 15 2 43 232.47
1271
5 20 21 47 94.75
518
6 19 12 48 200.28
1095
7 12 9 47 61.46
336
8 5 0 19 711.14
3888
9 17 10 44 529.88
2897
10 10 1 20 633.22
3462
11 10 0 47 704.19
3850
12 8 1 16 234.48
1282
13 4 2 9 271.80
1486
14 1 8 47 170.47
932
15 1 12 48 62.55
342
16 10 9 47 69.14
378
17 21 7 47 220.22
1204
18 20 0 35 107.91
590
19 6 6 47 338.19
1849
20 4 0 45 366.54
2004
21 8 17 47 256.80
1404
22 35 0 47 359.23
1964
23 1 1 15 539.75
2951
24 23 11 47 312.40
1708
