30
1
5
0 120 0.1 0.1
5447
1 130 0.0 0.1
5452
2 120 0.1 0.1
5467
3 190 0.1 0.0
5534
4 150 0.1 0.1
5610
25
0 11 6 25 425.17
2339
1 39 1 46 175.59
966
2 12 0 43 432.08
2377
3 17 21 48 306.84
1688
4 4 32 47 366.10
2014
5 7 8 48 387.36
2131
6 20 24 47 418.81
2304
7 4 9 47 531.87
2926
8 15 0 43 314.47
1730
9 7 8 25 194.32
1069
10 5 34 47 66.17
364
11 21 20 44 499.52
2748
12 23 3 46 559.87
3080
13 27 0 43 226.13
1244
14 13 0 21 149.06
820
15 2 0 47 506.97
2789
16 5 1 42 151.06
831
17 17 13 45 37.08
204
18 15 11 48 238.13
1310
19 5 0 41 549.32
3022
20 7 3 47 241.22
1327
21 9 4 46 863.61
4751
22 6 7 47 40.54
223
23 18 16 48 595.86
3278
24 15 9 45 216.68
1192
