30
1
5
0 130 0.0 0.1
5515
1 120 0.1 0.1
5554
2 150 0.1 0.1
5481
3 150 0.1 0.1
5642
4 170 0.1 0.1
5455
25
0 19 5 27 66.20
366
1 3 8 22 312.74
1729
2 15 0 39 24.60
136
3 21 3 47 752.81
4162
4 6 23 47 59.87
331
5 6 0 39 99.12
548
6 6 4 38 126.07
697
7 16 4 42 359.94
1990
8 24 11 40 231.34
1279
9 10 34 48 26.05
144
10 9 30 47 394.67
2182
11 14 33 48 59.51
329
12 10 11 41 105.81
585
13 20 9 47 511.70
2829
14 10 2 14 232.25
1284
15 10 3 39 47.93
265
16 11 24 47 32.92
182
17 5 2 21 493.97
2731
18 11 1 39 163.33
903
19 3 6 26 77.23
427
20 10 1 48 84.47
467
21 10 0 37 48.29
267
22 22 9 48 160.44
887
23 17 12 48 700.72
3874
24 18 0 40 442.79
2448
