30
1
5
0 170 0.1 0.1
5513
1 120 0.1 0.1
5382
2 170 0.1 0.1
5360
3 120 0.1 0.1
5598
4 190 0.1 0.0
5538
25
0 16 4 40 241.75
1324
1 5 39 48 67.19
368
2 11 18 48 54.78
300
3 11 2 27 337.07
1846
4 16 3 43 526.78
2885
5 27 1 48 560.56
3070
6 11 25 48 308.40
1689
7 6 5 47 237.74
1302
8 15 1 35 590.32
3233
9 5 9 39 386.37
2116
10 23 0 38 355.69
1948
11 8 29 45 73.59
403
12 11 26 48 115.76
634
13 6 12 41 186.79
1023
14 12 8 48 476.39
2609
15 15 8 47 127.45
698
16 4 6 48 184.24
1009
17 10 7 43 23.37
128
18 12 1 28 164.88
903
19 13 22 47 244.13
1337
20 12 3 48 397.87
2179
21 21 10 48 149.00
816
22 12 5 47 295.07
1616
23 9 15 39 55.14
302
24 10 16 41 252.34
1382
