30
1
5
0 120 0.1 0.1
5617
1 150 0.1 0.1
5442
2 120 0.1 0.1
5443
3 120 0.1 0.1
5567
4 130 0.0 0.1
5517
25
0 14 4 38 133.24
735
1 9 0 23 428.00
2361
2 2 8 27 167.32
923
3 12 2 44 533.14
2941
4 19 27 48 597.86
3298
5 2 15 25 532.06
2935
6 10 1 39 114.39
631
7 13 17 48 96.62
533
8 2 5 31 410.96
2267
9 2 1 45 144.66
798
10 6 9 39 542.21
2991
11 30 5 44 709.35
3913
12 7 0 33 73.42
405
13 32 1 40 60.55
334
14 18 8 48 626.68
3457
15 30 13 47 23.20
128
16 25 10 48 216.09
1192
17 9 25 47 39.70
219
18 6 9 47 523.17
2886
19 5 2 30 58.92
325
20 20 24 47 298.93
1649
21 16 2 41 498.34
2749
22 12 3 36 153.36
846
23 17 13 47 158.08
872
24 5 10 47 177.47
979
