30
1
5
0 120 0.1 0.1
5404
1 120 0.1 0.1
5529
2 190 0.1 0.0
5500
3 190 0.1 0.0
5465
4 120 0.1 0.1
5651
25
0 3 38 43 51.74
285
1 19 1 45 2.54
14
2 11 24 48 252.70
1392
3 25 8 38 167.37
922
4 32 2 47 219.11
1207
5 37 0 48 328.21
1808
6 19 8 37 202.96
1118
7 3 0 36 205.50
1132
8 9 24 48 392.48
2162
9 3 29 47 236.54
1303
10 13 6 48 532.26
2932
11 18 2 38 90.40
498
12 25 3 48 561.12
3091
13 12 11 47 146.50
807
14 1 0 14 76.61
422
15 5 4 48 540.61
2978
16 5 8 48 284.46
1567
17 11 1 47 3.09
17
18 8 32 48 385.58
2124
19 32 1 47 197.51
1088
20 17 7 47 187.16
1031
21 15 31 48 485.97
2677
22 22 6 43 566.57
3121
23 3 0 47 262.86
1448
24 19 0 37 594.16
3273
