30
1
5
0 190 0.1 0.0
5477
1 170 0.1 0.1
5393
2 190 0.1 0.0
5338
3 120 0.1 0.1
5612
4 120 0.1 0.1
5501
25
0 29 2 34 676.05
3693
1 21 2 46 150.30
821
2 33 8 42 346.36
1892
3 1 18 33 66.45
363
4 4 0 47 74.69
408
5 3 13 45 679.90
3714
6 16 8 34 5.86
32
7 20 4 45 283.57
1549
8 19 25 47 645.85
3528
9 6 1 47 344.89
1884
10 17 3 31 714.68
3904
11 13 31 48 64.26
351
12 4 14 47 569.88
3113
13 24 1 41 7.51
41
14 17 8 43 507.64
2773
15 18 2 38 76.15
416
16 21 4 34 220.41
1204
17 5 26 48 382.79
2091
18 25 2 46 235.60
1287
19 17 4 25 88.05
481
20 4 0 16 800.54
4373
21 15 9 48 5.67
31
22 14 11 47 563.29
3077
23 18 14 47 57.85
316
24 22 18 43 4.76
26
