30
1
5
0 170 0.1 0.1
5603
1 170 0.1 0.1
5568
2 150 0.1 0.1
5460
3 120 0.1 0.1
5487
4 150 0.1 0.1
5565
25
0 2 1 35 53.83
298
1 11 5 42 36.31
201
2 24 7 37 99.17
549
3 3 44 47 159.86
885
4 5 5 43 115.97
642
5 8 3 43 97.00
537
6 14 0 43 28.18
156
7 33 4 40 398.12
2204
8 31 0 47 646.49
3579
9 14 32 48 586.70
3248
10 9 0 33 272.40
1508
11 4 19 47 77.85
431
12 3 18 48 70.99
393
13 2 0 38 390.35
2161
14 4 23 48 539.55
2987
15 11 4 37 25.83
143
16 33 9 45 98.26
544
17 8 16 47 339.23
1878
18 3 0 47 566.47
3136
19 10 1 37 936.76
5186
20 10 23 45 574.41
3180
21 17 14 34 255.60
1415
22 9 31 48 335.44
1857
23 30 4 41 419.25
2321
24 21 2 41 56.54
313
