30
1
5
0 130 0.0 0.1
5450
1 120 0.1 0.1
5557
2 150 0.1 0.1
5520
3 170 0.1 0.1
5593
4 190 0.1 0.0
5416
25
0 29 11 47 286.21
1576
1 5 1 16 108.60
598
2 4 4 20 197.95
1090
3 18 0 19 267.32
1472
4 13 30 47 610.38
3361
5 5 8 43 200.86
1106
6 8 9 22 195.23
1075
7 26 2 48 155.82
858
8 16 2 36 114.59
631
9 7 0 43 508.50
2800
10 3 12 24 210.12
1157
11 14 2 38 397.17
2187
12 15 2 23 218.84
1205
13 5 0 29 92.07
507
14 16 7 38 82.63
455
15 17 11 48 266.78
1469
16 4 0 27 22.88
126
17 5 1 9 158.36
872
18 35 3 47 208.12
1146
19 18 18 48 316.36
1742
20 29 17 47 223.56
1231
21 11 20 35 204.85
1128
22 11 0 25 448.93
2472
23 2 10 48 292.02
1608
24 7 2 11 312.54
1721
