30
1
5
0 130 0.0 0.1
5600
1 120 0.1 0.1
5468
2 170 0.1 0.1
5545
3 130 0.0 0.1
5362
4 190 0.1 0.0
5491
25
0 15 0 47 306.99
1686
1 8 10 35 277.86
1526
2 3 0 40 265.66
1459
3 4 0 37 51.71
284
4 1 26 43 30.95
170
5 11 1 14 50.80
279
6 19 14 47 362.53
1991
7 24 2 33 14.75
81
8 10 8 48 142.02
780
9 25 7 37 172.61
948
10 10 29 47 25.67
141
11 14 27 47 445.01
2444
12 3 21 45 570.65
3134
13 17 10 46 415.69
2283
14 14 30 48 336.85
1850
15 13 18 47 190.28
1045
16 9 32 47 724.69
3980
17 21 4 47 895.48
4918
18 20 2 45 493.26
2709
19 7 4 21 276.40
1518
20 25 6 41 149.31
820
21 7 2 29 287.51
1579
22 17 2 44 194.10
1066
23 19 12 47 19.66
108
24 1 27 36 702.11
3856
