30
1
5
0 130 0.0 0.1
5459
1 120 0.1 0.1
5445
2 130 0.0 0.1
5430
3 130 0.0 0.1
5394
4 170 0.1 0.1
5518
25
0 38 0 43 69.56
379
1 25 19 47 165.17
900
2 15 21 39 719.96
3923
3 7 3 29 196.19
1069
4 6 0 31 461.56
2515
5 3 0 47 469.82
2560
6 7 1 38 108.10
589
7 21 1 47 122.96
670
8 10 4 44 23.86
130
9 24 4 45 80.75
440
10 16 28 48 239.68
1306
11 16 0 41 884.58
4820
12 26 8 47 296.57
1616
13 6 0 38 144.98
790
14 23 6 47 505.79
2756
15 4 0 40 342.09
1864
16 11 26 46 68.64
374
17 2 0 32 288.32
1571
18 1 19 47 389.44
2122
19 22 6 47 269.60
1469
20 11 2 24 248.67
1355
21 2 0 43 474.22
2584
22 5 17 48 590.58
3218
23 8 33 47 58.36
318
24 20 6 41 11.75
64
