30
1
5
0 120 0.1 0.1
5399
1 150 0.1 0.1
5488
2 120 0.1 0.1
5463
3 120 0.1 0.1
5456
4 190 0.1 0.0
5597
25
0 16 0 45 192.34
1054
1 9 13 32 125.00
685
2 2 0 40 269.17
1475
3 31 4 43 55.11
302
4 26 7 47 583.78
3199
5 12 8 22 517.90
2838
6 17 4 27 609.51
3340
7 4 2 23 157.67
864
8 8 7 48 319.17
1749
9 2 0 4 259.68
1423
10 17 0 41 284.68
1560
11 3 42 47 246.91
1353
12 10 14 48 39.78
218
13 14 24 48 117.89
646
14 8 39 47 739.80
4054
15 19 28 48 386.87
2120
16 7 0 14 8.58
47
17 14 17 47 305.85
1676
18 6 0 30 43.43
238
19 14 10 45 75.00
411
20 23 24 47 9.67
53
21 21 17 47 436.33
2391
22 21 2 46 8.03
44
23 8 3 48 71.17
390
24 16 2 48 821.92
4504
