30
1
5
0 170 0.1 0.1
5504
1 170 0.1 0.1
5407
2 130 0.0 0.1
5425
3 130 0.0 0.1
5393
4 170 0.1 0.1
5498
25
0 16 28 47 40.95
223
1 2 43 47 258.22
1406
2 13 34 48 846.83
4611
3 13 6 40 685.22
3731
4 16 1 25 220.20
1199
5 13 4 19 698.62
3804
6 19 21 48 303.58
1653
7 2 0 44 61.34
334
8 3 18 39 92.19
502
9 15 8 46 43.16
235
10 15 13 47 431.22
2348
11 12 3 34 89.99
490
12 11 22 47 296.23
1613
13 15 22 47 480.07
2614
14 2 0 35 505.97
2755
15 26 4 33 422.04
2298
16 3 3 47 653.26
3557
17 24 0 44 20.20
110
18 27 2 37 520.11
2832
19 4 0 32 403.31
2196
20 17 9 42 57.85
315
21 11 21 48 117.72
641
22 15 1 30 91.83
500
23 17 30 47 27.18
148
24 16 4 44 305.42
1663
