30
1
5
0 150 0.1 0.1
5444
1 130 0.0 0.1
5399
2 170 0.1 0.1
5603
3 170 0.1 0.1
5490
4 150 0.1 0.1
5385
25
0 12 0 28 423.57
2314
1 4 10 40 289.95
1584
2 2 0 7 358.22
1957
3 18 23 48 222.95
1218
4 41 4 48 47.41
259
5 8 6 36 198.24
1083
6 7 8 40 538.89
2944
7 10 5 22 274.02
1497
8 4 1 12 481.96
2633
9 24 2 46 258.65
1413
10 16 1 47 36.43
199
11 10 12 29 133.99
732
12 23 10 48 494.41
2701
13 4 17 41 365.18
1995
14 22 8 47 449.38
2455
15 29 4 38 363.71
1987
16 19 9 34 104.34
570
17 14 21 47 140.40
767
18 2 0 39 368.11
2011
19 11 6 40 179.02
978
20 8 12 47 16.47
90
21 18 28 47 102.87
562
22 6 0 21 43.75
239
23 15 21 47 426.32
2329
24 11 3 47 624.19
3410
