30
1
5
0 170 0.1 0.1
5437
1 170 0.1 0.1
5377
2 120 0.1 0.1
5425
3 120 0.1 0.1
5510
4 130 0.0 0.1
5499
25
0 11 6 48 46.61
254
1 36 3 45 475.49
2591
2 2 0 33 17.25
94
3 4 9 38 106.81
582
4 17 2 48 268.48
1463
5 29 12 48 331.43
1806
6 12 11 41 362.81
1977
7 7 16 48 191.77
1045
8 6 0 22 591.10
3221
9 2 0 43 352.16
1919
10 24 3 47 45.70
249
11 22 15 43 165.90
904
12 28 3 40 505.95
2757
13 6 24 47 322.07
1755
14 21 3 45 26.06
142
15 5 14 48 274.35
1495
16 20 0 48 308.86
1683
17 19 27 48 359.51
1959
18 2 0 40 412.72
2249
19 7 15 47 235.45
1283
20 30 2 42 409.79
2233
21 6 8 48 328.49
1790
22 31 10 46 411.62
2243
23 2 0 48 141.67
772
24 13 32 47 415.11
2262
