30
1
5
0 120 0.1 0.1
5262
1 190 0.1 0.0
5443
2 150 0.1 0.1
5234
3 190 0.1 0.0
5617
4 150 0.1 0.1
5556
25
0 17 9 47 535.25
2900
1 27 5 48 284.97
1544
2 34 1 38 177.19
960
3 13 2 17 281.10
1523
4 21 9 30 90.44
490
5 9 16 45 93.58
507
6 36 4 46 476.55
2582
7 16 0 29 618.12
3349
8 29 0 46 83.98
455
9 22 5 39 404.57
2192
10 11 35 48 657.62
3563
11 12 19 47 106.31
576
12 7 33 47 249.35
1351
13 14 1 30 263.75
1429
14 11 0 36 195.83
1061
15 5 10 40 35.44
192
16 11 2 48 799.55
4332
17 2 45 48 380.76
2063
18 14 22 46 234.03
1268
19 14 13 44 465.11
2520
20 15 16 47 24.55
133
21 12 6 43 17.90
97
22 11 0 26 125.51
680
23 2 22 48 520.48
2820
24 2 41 48 282.02
1528
