30
1
5
0 190 0.1 0.0
5685
1 190 0.1 0.0
5498
2 150 0.1 0.1
5446
3 130 0.0 0.1
5570
4 190 0.1 0.0
5511
25
0 2 0 11 14.44
80
1 17 19 47 155.93
864
2 4 0 22 87.89
487
3 18 10 30 20.03
111
4 12 6 47 336.59
1865
5 26 3 47 15.34
85
6 15 7 44 586.02
3247
7 15 5 47 327.57
1815
8 13 1 36 114.06
632
9 2 28 48 107.02
593
10 2 19 48 419.25
2323
11 18 3 46 137.89
764
12 25 1 38 93.13
516
13 1 40 47 476.10
2638
14 8 9 47 710.00
3934
15 6 0 28 110.27
611
16 2 20 46 147.09
815
17 5 0 48 843.38
4673
18 25 4 39 70.93
393
19 15 4 43 532.77
2952
20 17 11 47 758.55
4203
21 34 5 48 143.66
796
22 43 0 47 365.29
2024
23 12 10 47 184.09
1020
24 18 15 34 619.22
3431
