30
1
5
0 190 0.1 0.0
5479
1 190 0.1 0.0
5542
2 170 0.1 0.1
5489
3 170 0.1 0.1
5498
4 150 0.1 0.1
5491
25
0 10 28 47 373.84
2056
1 8 0 43 218.56
1202
2 2 33 47 269.29
1481
3 6 14 41 504.39
2774
4 7 5 30 119.10
655
5 18 12 48 136.37
750
6 22 0 38 26.18
144
7 3 0 28 470.39
2587
8 23 9 44 368.38
2026
9 25 3 48 105.46
580
10 4 27 46 29.46
162
11 12 8 48 334.02
1837
12 11 2 47 836.95
4603
13 18 1 31 103.82
571
14 3 9 48 349.29
1921
15 26 2 29 27.46
151
16 18 2 34 184.37
1014
17 22 23 48 506.57
2786
18 32 2 40 102.73
565
19 10 17 47 10.91
60
20 9 5 48 203.10
1117
21 6 1 42 596.94
3283
22 20 22 48 186.92
1028
23 13 4 48 629.49
3462
24 12 4 48 124.01
682
