30
1
5
0 170 0.1 0.1
5466
1 120 0.1 0.1
5404
2 130 0.0 0.1
5507
3 130 0.0 0.1
5569
4 120 0.1 0.1
5533
25
0 10 28 48 190.35
1046
1 16 1 48 38.94
214
2 17 7 47 580.32
3189
3 1 0 44 186.34
1024
4 28 19 47 220.19
1210
5 12 35 47 46.40
255
6 2 2 34 44.40
244
7 14 7 47 265.69
1460
8 13 0 44 197.63
1086
9 8 3 40 398.71
2191
10 10 29 47 551.75
3032
11 15 8 44 53.50
294
12 2 0 25 93.17
512
13 13 13 41 275.33
1513
14 25 1 34 779.95
4286
15 1 0 24 531.01
2918
16 2 10 46 740.28
4068
17 32 0 37 37.67
207
18 7 0 47 79.34
436
19 26 0 42 42.04
231
20 16 2 48 481.15
2644
21 30 16 48 258.95
1423
22 10 26 47 44.22
243
23 33 5 47 841.28
4623
24 2 0 45 266.60
1465
