30
1
5
0 130 0.0 0.1
5531
1 190 0.1 0.0
5461
2 130 0.0 0.1
5370
3 120 0.1 0.1
5706
4 190 0.1 0.0
5418
25
0 7 4 48 54.96
302
1 5 4 14 782.57
4300
2 22 10 47 143.23
787
3 4 0 44 183.99
1011
4 36 3 42 703.58
3866
5 29 4 44 45.32
249
6 5 0 31 933.07
5127
7 14 11 39 212.57
1168
8 12 5 46 130.67
718
9 9 2 36 195.28
1073
10 5 1 11 284.27
1562
11 3 18 48 96.82
532
12 18 24 48 151.42
832
13 30 6 47 622.23
3419
14 9 4 38 450.43
2475
15 12 19 47 598.03
3286
16 22 23 47 39.31
216
17 35 7 48 441.88
2428
18 6 0 16 24.75
136
19 5 38 46 112.47
618
20 25 7 47 193.64
1064
21 6 3 31 93.00
511
22 30 5 47 32.76
180
23 4 1 20 330.68
1817
24 6 3 29 468.27
2573
