30
1
5
0 120 0.1 0.1
5635
1 130 0.0 0.1
5418
2 190 0.1 0.0
5397
3 190 0.1 0.0
5469
4 190 0.1 0.0
5467
25
0 11 0 19 689.56
3776
1 1 0 4 504.39
2762
2 6 0 10 135.87
744
3 11 16 47 571.23
3128
4 10 8 38 57.16
313
5 11 28 46 381.30
2088
6 1 1 31 191.38
1048
7 8 7 30 556.43
3047
8 3 43 48 303.51
1662
9 3 40 47 302.96
1659
10 12 9 48 300.04
1643
11 20 1 37 582.73
3191
12 1 0 6 56.06
307
13 25 2 44 249.09
1364
14 5 1 36 180.43
988
15 21 1 40 140.07
767
16 3 6 48 2.74
15
17 14 29 46 264.43
1448
18 35 3 46 2.56
14
19 1 2 33 489.78
2682
20 20 27 47 920.94
5043
21 9 5 25 5.48
30
22 14 2 47 6.03
33
23 5 2 35 302.23
1655
24 25 6 48 133.68
732
