30
1
5
0 170 0.1 0.1
5489
1 190 0.1 0.0
5426
2 120 0.1 0.1
5406
3 150 0.1 0.1
5264
4 130 0.0 0.1
5484
25
0 1 0 10 523.04
2831
1 13 31 47 236.86
1282
2 20 6 39 606.55
3283
3 6 2 33 76.12
412
4 17 5 28 138.94
752
5 15 17 47 833.80
4513
6 20 12 47 180.51
977
7 17 12 35 418.10
2263
8 15 0 47 320.74
1736
9 18 11 47 7.76
42
10 18 11 48 361.38
1956
11 9 29 48 141.15
764
12 17 2 45 9.05
49
13 20 0 44 328.68
1779
14 15 19 47 367.85
1991
15 7 10 47 128.22
694
16 7 29 48 270.48
1464
17 14 3 23 400.18
2166
18 38 8 47 38.80
210
19 19 3 37 530.62
2872
20 19 1 34 368.40
1994
21 13 10 34 57.64
312
22 8 2 41 156.67
848
23 12 3 35 198.80
1076
24 4 26 48 248.13
1343
