30
1
5
0 150 0.1 0.1
5296
1 190 0.1 0.0
5473
2 150 0.1 0.1
5503
3 190 0.1 0.0
5604
4 120 0.1 0.1
5577
25
0 11 15 46 197.14
1082
1 22 18 47 242.87
1333
2 24 17 47 355.11
1949
3 5 20 47 147.95
812
4 5 20 47 655.20
3596
5 4 16 39 129.00
708
6 13 2 37 379.53
2083
7 22 3 48 212.63
1167
8 24 2 47 479.19
2630
9 7 0 34 894.79
4911
10 9 4 43 116.97
642
11 24 12 48 384.26
2109
12 9 3 29 156.15
857
13 23 17 48 496.68
2726
14 36 0 44 130.09
714
15 21 7 48 581.59
3192
16 22 4 47 337.26
1851
17 10 3 25 260.55
1430
18 16 30 47 121.35
666
19 12 2 28 332.34
1824
20 11 1 48 134.65
739
21 38 7 48 40.08
220
22 11 1 45 471.36
2587
23 5 5 47 323.59
1776
24 1 11 48 312.11
1713
