30
1
5
0 150 0.1 0.1
5409
1 120 0.1 0.1
5689
2 170 0.1 0.1
5443
3 170 0.1 0.1
5528
4 170 0.1 0.1
5696
25
0 16 11 31 176.20
978
1 39 0 47 167.20
928
2 22 2 35 607.88
3374
3 17 23 48 284.30
1578
4 13 0 29 58.01
322
5 3 1 18 560.50
3111
6 10 9 48 503.21
2793
7 1 12 48 27.39
152
8 7 0 32 72.43
402
9 4 20 47 296.19
1644
10 8 3 34 938.13
5207
11 20 8 48 41.08
228
12 2 0 41 145.03
805
13 18 14 48 60.54
336
14 29 5 48 24.86
138
15 23 0 47 750.22
4164
16 9 21 48 194.04
1077
17 10 9 48 692.74
3845
18 32 15 47 586.62
3256
19 13 12 48 371.14
2060
20 11 16 48 143.59
797
21 20 3 24 31.71
176
22 1 17 48 782.29
4342
23 14 4 44 578.52
3211
24 6 21 42 230.79
1281
