30
1
5
0 190 0.1 0.0
5548
1 170 0.1 0.1
5555
2 150 0.1 0.1
5392
3 120 0.1 0.1
5326
4 130 0.0 0.1
5479
25
0 18 14 46 33.16
181
1 8 10 47 40.85
223
2 4 5 39 291.29
1590
3 5 20 48 36.46
199
4 26 7 45 395.89
2161
5 4 21 48 398.46
2175
6 11 3 30 341.30
1863
7 23 2 29 350.83
1915
8 26 1 43 7.88
43
9 32 1 36 414.58
2263
10 10 1 35 81.89
447
11 24 2 44 435.65
2378
12 5 4 47 304.84
1664
13 14 13 30 132.09
721
14 24 1 48 565.72
3088
15 3 24 43 314.19
1715
16 6 1 48 879.17
4799
17 15 2 48 277.00
1512
18 21 17 44 37.74
206
19 13 29 48 164.88
900
20 17 0 40 407.07
2222
21 9 0 37 194.37
1061
22 21 2 43 209.95
1146
23 3 1 37 248.23
1355
24 6 1 13 439.50
2399
