30
1
5
0 120 0.1 0.1
5699
1 120 0.1 0.1
5386
2 120 0.1 0.1
5473
3 120 0.1 0.1
5531
4 190 0.1 0.0
5437
25
0 11 3 48 92.13
507
1 12 26 39 149.19
821
2 13 3 46 159.73
879
3 7 2 47 123.02
677
4 7 25 48 608.20
3347
5 27 15 47 55.97
308
6 18 6 45 30.35
167
7 11 12 41 539.69
2970
8 3 34 47 51.97
286
9 23 0 48 420.85
2316
10 20 3 47 466.64
2568
11 5 23 47 712.14
3919
12 6 15 48 258.76
1424
13 5 1 46 396.87
2184
14 7 0 28 634.37
3491
15 3 39 48 462.10
2543
16 38 0 42 123.93
682
17 6 24 35 401.95
2212
18 4 7 47 33.62
185
19 11 0 47 392.69
2161
20 25 0 41 181.90
1001
21 23 0 47 200.80
1105
22 17 13 40 61.06
336
23 6 0 26 312.37
1719
24 16 5 39 948.19
5218
