30
1
5
0 130 0.0 0.1
5539
1 190 0.1 0.0
5479
2 190 0.1 0.0
5447
3 190 0.1 0.0
5489
4 120 0.1 0.1
5513
25
0 15 4 36 66.45
365
1 10 4 29 40.41
222
2 22 8 47 571.43
3139
3 8 0 44 45.33
249
4 16 0 28 8.37
46
5 8 3 42 621.49
3414
6 23 13 48 82.10
451
7 6 3 40 296.37
1628
8 24 6 44 695.40
3820
9 17 0 33 84.10
462
10 16 19 48 57.89
318
11 10 3 29 310.20
1704
12 17 23 48 669.73
3679
13 9 28 48 104.86
576
14 7 8 34 162.38
892
15 7 0 31 283.99
1560
16 29 7 44 75.73
416
17 19 7 48 435.26
2391
18 13 1 33 92.11
506
19 6 11 41 70.27
386
20 18 9 39 165.48
909
21 7 30 48 498.07
2736
22 18 4 29 425.43
2337
23 4 25 47 830.11
4560
24 12 19 43 93.21
512
