30
1
5
0 120 0.1 0.1
5477
1 130 0.0 0.1
5641
2 190 0.1 0.0
5512
3 150 0.1 0.1
5553
4 170 0.1 0.1
5559
25
0 5 22 48 684.77
3799
1 5 15 45 205.30
1139
2 3 0 4 722.08
4006
3 8 4 32 655.93
3639
4 1 18 48 270.74
1502
5 4 1 13 121.67
675
6 32 8 47 510.65
2833
7 16 4 47 51.73
287
8 9 2 35 68.13
378
9 15 0 20 93.55
519
10 1 19 48 6.13
34
11 29 4 38 134.65
747
12 20 3 44 313.63
1740
13 21 20 48 108.15
600
14 22 0 35 73.36
407
15 6 3 32 382.49
2122
16 9 16 48 687.65
3815
17 4 4 13 540.21
2997
18 28 16 47 18.75
104
19 31 0 47 159.88
887
20 11 10 47 60.38
335
21 5 19 41 466.49
2588
22 17 5 48 724.06
4017
23 16 1 42 409.89
2274
24 24 17 46 340.31
1888
