30
1
5
0 130 0.0 0.1
5725
1 120 0.1 0.1
5532
2 170 0.1 0.1
5338
3 190 0.1 0.0
5521
4 130 0.0 0.1
5553
25
0 5 18 48 362.86
2007
1 1 46 48 134.87
746
2 8 20 47 379.49
2099
3 4 17 47 205.75
1138
4 4 42 48 418.18
2313
5 8 8 47 414.57
2293
6 27 0 39 335.56
1856
7 26 5 32 95.28
527
8 1 16 47 69.43
384
9 5 0 32 440.06
2434
10 31 3 48 275.90
1526
11 33 7 47 292.53
1618
12 1 5 45 47.01
260
13 9 24 47 592.29
3276
14 24 8 46 504.24
2789
15 1 33 48 175.55
971
16 23 18 48 28.57
158
17 7 10 44 113.18
626
18 1 21 48 425.78
2355
19 5 0 37 282.95
1565
20 3 42 48 65.45
362
21 35 1 40 228.89
1266
22 28 3 48 409.87
2267
23 7 36 48 317.66
1757
24 9 18 48 72.50
401
