30
1
5
0 150 0.1 0.1
5528
1 190 0.1 0.0
5437
2 150 0.1 0.1
5426
3 170 0.1 0.1
5453
4 170 0.1 0.1
5691
25
0 19 23 47 738.57
4066
1 5 0 19 176.19
970
2 17 15 44 235.23
1295
3 22 12 48 95.91
528
4 7 39 47 400.71
2206
5 23 0 34 149.13
821
6 22 0 40 99.72
549
7 11 0 39 309.34
1703
8 12 2 44 290.09
1597
9 12 30 48 152.76
841
10 23 10 48 8.17
45
11 2 1 47 427.59
2354
12 6 0 10 835.56
4600
13 18 8 35 138.23
761
14 3 1 11 416.15
2291
15 8 28 48 18.53
102
16 10 1 47 422.32
2325
17 16 13 48 509.51
2805
18 12 6 47 502.25
2765
19 10 3 21 322.78
1777
20 2 33 47 49.77
274
21 18 1 37 528.04
2907
22 17 2 47 495.16
2726
23 7 16 45 194.54
1071
24 19 14 47 314.79
1733
