30
1
5
0 170 0.1 0.1
5480
1 120 0.1 0.1
5433
2 170 0.1 0.1
5477
3 130 0.0 0.1
5530
4 120 0.1 0.1
5349
25
0 10 5 37 473.86
2584
1 16 9 40 49.88
272
2 5 0 30 227.76
1242
3 12 4 17 135.15
737
4 3 1 27 176.23
961
5 5 0 9 569.03
3103
6 22 11 47 781.39
4261
7 8 3 31 366.76
2000
8 6 2 26 508.70
2774
9 21 16 48 405.64
2212
10 24 0 33 604.24
3295
11 4 13 36 121.58
663
12 12 4 47 121.95
665
13 5 1 32 451.12
2460
14 9 2 37 92.42
504
15 1 37 48 169.63
925
16 5 3 47 264.07
1440
17 15 12 47 65.47
357
18 5 5 25 582.97
3179
19 6 0 37 28.06
153
20 34 6 48 25.86
141
21 14 1 40 178.06
971
22 7 1 25 714.82
3898
23 30 15 48 386.02
2105
24 24 15 48 80.32
438
