30
1
5
0 170 0.1 0.1
5504
1 170 0.1 0.1
5543
2 170 0.1 0.1
5661
3 150 0.1 0.1
5472
4 130 0.0 0.1
5458
25
0 4 27 48 79.98
442
1 14 3 33 176.60
976
2 6 20 47 120.33
665
3 26 10 47 153.80
850
4 3 5 33 253.32
1400
5 4 17 46 468.10
2587
6 8 0 24 233.05
1288
7 6 0 47 288.96
1597
8 11 12 48 2.17
12
9 14 5 47 193.61
1070
10 7 1 34 696.99
3852
11 21 21 47 503.74
2784
12 36 3 48 576.84
3188
13 2 22 47 138.78
767
14 1 27 47 59.53
329
15 16 31 48 273.22
1510
16 8 11 36 94.45
522
17 23 0 46 248.25
1372
18 9 1 41 145.30
803
19 26 10 47 204.64
1131
20 21 10 47 448.55
2479
21 1 42 47 533.78
2950
22 20 0 46 448.55
2479
23 5 20 48 200.12
1106
24 37 2 47 215.50
1191
