30
1
5
0 170 0.1 0.1
5488
1 150 0.1 0.1
5478
2 130 0.0 0.1
5646
3 150 0.1 0.1
5523
4 120 0.1 0.1
5628
25
0 7 0 46 444.73
2469
1 39 2 47 482.19
2677
2 10 15 44 52.24
290
3 23 1 41 50.07
278
4 4 3 41 56.92
316
5 10 3 38 453.01
2515
6 3 3 46 126.27
701
7 25 16 47 300.99
1671
8 25 13 48 327.65
1819
9 7 0 43 46.83
260
10 8 19 47 99.97
555
11 22 12 43 344.58
1913
12 1 10 47 314.14
1744
13 32 10 48 37.65
209
14 8 23 47 233.80
1298
15 5 1 26 206.96
1149
16 36 7 47 40.17
223
17 15 15 46 132.75
737
18 30 2 46 545.78
3030
19 11 0 26 48.81
271
20 38 3 47 373.58
2074
21 9 12 48 118.16
656
22 22 3 47 310.36
1723
23 7 0 39 276.31
1534
24 1 7 47 302.43
1679
