30
1
5
0 130 0.0 0.1
5511
1 170 0.1 0.1
5416
2 130 0.0 0.1
5433
3 190 0.1 0.0
5504
4 170 0.1 0.1
5328
25
0 8 12 47 770.01
4187
1 14 11 45 256.18
1393
2 24 6 48 44.51
242
3 17 3 42 645.14
3508
4 14 29 48 72.27
393
5 15 1 23 466.20
2535
6 8 1 25 212.59
1156
7 1 10 48 479.44
2607
8 30 0 41 21.70
118
9 28 1 47 359.54
1955
10 2 7 48 7.17
39
11 9 6 47 472.82
2571
12 6 1 35 506.29
2753
13 6 1 19 537.19
2921
14 1 3 48 80.92
440
15 6 37 48 391.72
2130
16 4 24 48 151.17
822
17 11 7 34 54.99
299
18 9 27 48 135.17
735
19 5 30 48 28.32
154
20 2 6 48 960.17
5221
21 10 0 14 63.82
347
22 35 0 47 4.78
26
23 23 1 37 155.22
844
24 13 8 42 291.31
1584
