30
1
5
0 120 0.1 0.1
5501
1 150 0.1 0.1
5432
2 120 0.1 0.1
5652
3 130 0.0 0.1
5512
4 170 0.1 0.1
5440
25
0 4 6 41 159.64
879
1 9 20 48 113.87
627
2 9 25 41 544.11
2996
3 25 0 35 89.72
494
4 22 2 28 153.28
844
5 15 3 35 410.99
2263
6 11 28 47 512.14
2820
7 18 2 44 171.80
946
8 26 21 47 85.72
472
9 8 0 42 69.19
381
10 20 23 48 288.94
1591
11 28 19 48 435.68
2399
12 19 7 28 106.97
589
13 3 0 28 414.07
2280
14 2 0 8 181.25
998
15 9 22 45 166.90
919
16 19 3 34 541.56
2982
17 17 10 47 177.98
980
18 12 4 38 436.41
2403
19 9 0 24 473.82
2609
20 5 5 48 453.12
2495
21 20 11 48 113.87
627
22 11 5 45 451.85
2488
23 2 0 5 83.54
460
24 10 32 48 489.62
2696
