30
1
5
0 130 0.0 0.1
5478
1 190 0.1 0.0
5667
2 150 0.1 0.1
5623
3 150 0.1 0.1
5385
4 190 0.1 0.0
5359
25
0 9 7 17 156.01
858
1 3 6 45 277.11
1524
2 34 0 47 64.37
354
3 4 17 47 266.38
1465
4 6 38 48 63.64
350
5 16 1 34 194.56
1070
6 6 31 48 284.56
1565
7 4 27 47 613.86
3376
8 2 0 47 528.40
2906
9 35 5 48 452.94
2491
10 32 0 48 567.49
3121
11 23 9 47 56.55
311
12 3 26 41 354.39
1949
13 16 5 40 376.39
2070
14 15 10 47 460.76
2534
15 31 1 48 213.83
1176
16 31 13 46 61.28
337
17 3 24 45 674.77
3711
18 9 1 19 544.76
2996
19 5 31 45 117.28
645
20 34 0 43 218.01
1199
21 2 0 13 149.65
823
22 10 4 37 285.47
1570
23 11 17 37 166.19
914
24 21 17 47 494.03
2717
