30
1
5
0 150 0.1 0.1
5625
1 130 0.0 0.1
5578
2 120 0.1 0.1
5581
3 120 0.1 0.1
5592
4 130 0.0 0.1
5542
25
0 17 1 25 175.70
981
1 27 3 40 275.46
1538
2 25 0 39 26.87
150
3 36 1 41 2.87
16
4 11 27 48 177.67
992
5 10 5 48 7.70
43
6 8 37 47 24.89
139
7 23 19 47 189.49
1058
8 18 26 48 464.05
2591
9 13 19 48 98.15
548
10 6 2 42 540.34
3017
11 27 11 47 445.06
2485
12 18 9 36 22.75
127
13 6 0 41 80.42
449
14 39 6 47 93.31
521
15 6 1 44 45.85
256
16 15 12 36 6.63
37
17 28 6 39 549.12
3066
18 7 10 30 190.03
1061
19 12 7 29 672.16
3753
20 6 0 23 616.64
3443
21 8 36 47 4.66
26
22 22 10 48 101.01
564
23 11 20 47 14.69
82
24 10 6 32 689.71
3851
