30
1
5
0 150 0.1 0.1
5576
1 150 0.1 0.1
5589
2 120 0.1 0.1
5525
3 170 0.1 0.1
5535
4 120 0.1 0.1
5378
25
0 5 0 47 299.30
1652
1 31 7 44 306.37
1691
2 38 3 43 328.29
1812
3 25 1 35 608.93
3361
4 11 2 48 99.46
549
5 3 0 4 347.85
1920
6 7 22 39 407.82
2251
7 6 5 31 32.97
182
8 32 9 45 60.51
334
9 23 3 35 33.88
187
10 14 0 48 173.38
957
11 10 13 44 21.56
119
12 3 1 39 356.01
1965
13 14 27 42 35.33
195
14 24 0 38 280.46
1548
15 4 36 48 438.62
2421
16 5 10 48 67.40
372
17 3 38 48 65.58
362
18 28 3 39 243.68
1345
19 5 19 47 496.42
2740
20 10 0 47 621.06
3428
21 28 15 46 464.71
2565
22 26 0 41 16.85
93
23 4 24 47 801.51
4424
24 14 7 48 302.38
1669
