30
1
5
0 190 0.1 0.0
5458
1 130 0.0 0.1
5539
2 190 0.1 0.0
5574
3 120 0.1 0.1
5477
4 170 0.1 0.1
5534
25
0 24 11 46 36.62
202
1 14 21 48 261.60
1443
2 4 1 48 598.98
3304
3 2 16 47 614.75
3391
4 20 25 48 289.88
1599
5 1 0 29 148.84
821
6 1 0 47 409.71
2260
7 17 2 21 404.64
2232
8 12 0 45 348.07
1920
9 23 3 35 57.65
318
10 19 0 29 105.87
584
11 25 6 47 517.94
2857
12 24 5 48 370.55
2044
13 7 7 41 153.01
844
14 4 11 35 44.05
243
15 17 2 34 45.14
249
16 22 16 48 273.75
1510
17 28 2 48 199.60
1101
18 12 10 41 315.80
1742
19 4 7 41 454.31
2506
20 4 0 38 31.91
176
21 32 9 47 566.16
3123
22 6 19 34 287.70
1587
23 2 12 47 228.97
1263
24 20 10 46 103.52
571
