30
1
5
0 130 0.0 0.1
5458
1 120 0.1 0.1
5508
2 150 0.1 0.1
5582
3 120 0.1 0.1
5413
4 190 0.1 0.0
5523
25
0 25 3 45 509.81
2802
1 28 0 28 570.76
3137
2 6 25 47 543.65
2988
3 7 1 26 45.85
252
4 9 3 36 174.30
958
5 9 25 47 302.94
1665
6 26 1 48 110.99
610
7 12 27 47 48.03
264
8 1 18 48 68.59
377
9 19 10 35 55.13
303
10 9 16 47 44.39
244
11 12 22 48 111.53
613
12 19 2 41 378.08
2078
13 17 21 48 711.58
3911
14 13 8 31 784.36
4311
15 6 33 47 115.17
633
16 11 6 30 40.57
223
17 5 9 46 16.92
93
18 23 3 42 41.85
230
19 19 3 45 14.19
78
20 8 0 20 509.63
2801
21 6 2 38 461.41
2536
22 10 0 30 21.47
118
23 1 17 35 107.35
590
24 8 27 48 586.59
3224
