30
1
5
0 150 0.1 0.1
5709
1 190 0.1 0.0
5509
2 130 0.0 0.1
5540
3 120 0.1 0.1
5549
4 190 0.1 0.0
5550
25
0 21 4 47 506.06
2819
1 15 0 22 479.85
2673
2 7 2 15 306.61
1708
3 7 1 16 509.65
2839
4 19 1 31 229.96
1281
5 3 0 33 19.57
109
6 5 19 48 20.46
114
7 37 1 44 23.88
133
8 28 6 41 410.55
2287
9 7 0 34 588.99
3281
10 21 7 48 101.61
566
11 15 0 24 152.77
851
12 22 21 47 670.67
3736
13 4 23 48 264.79
1475
14 3 0 18 393.68
2193
15 15 14 44 15.26
85
16 16 14 48 367.11
2045
17 7 17 48 590.79
3291
18 9 0 45 546.81
3046
19 4 2 41 443.41
2470
20 19 2 45 71.27
397
21 16 20 46 13.46
75
22 8 8 26 31.95
178
23 22 11 48 194.95
1086
24 5 4 48 158.15
881
