30
1
5
0 170 0.1 0.1
5556
1 150 0.1 0.1
5330
2 190 0.1 0.0
5542
3 120 0.1 0.1
5541
4 150 0.1 0.1
5352
25
0 11 1 44 190.21
1039
1 7 31 48 314.15
1716
2 3 25 38 378.78
2069
3 9 1 35 340.88
1862
4 26 4 48 325.14
1776
5 15 17 48 145.91
797
6 19 3 28 529.81
2894
7 6 13 48 428.39
2340
8 15 10 45 179.59
981
9 23 10 47 579.06
3163
10 2 0 9 466.29
2547
11 16 6 34 87.69
479
12 17 4 48 30.94
169
13 3 0 46 627.76
3429
14 37 6 48 138.59
757
15 18 16 47 124.86
682
16 19 0 44 366.88
2004
17 6 8 47 194.42
1062
18 21 13 40 702.08
3835
19 13 13 47 157.44
860
20 24 22 48 319.83
1747
21 14 2 31 43.57
238
22 22 2 41 203.39
1111
23 14 4 46 315.62
1724
24 7 0 47 14.10
77
