30
1
5
0 120 0.1 0.1
5536
1 130 0.0 0.1
5603
2 150 0.1 0.1
5689
3 150 0.1 0.1
5507
4 150 0.1 0.1
5478
25
0 3 4 47 654.85
3642
1 28 12 46 89.00
495
2 3 23 47 403.48
2244
3 1 0 3 114.54
637
4 3 1 45 172.61
960
5 3 0 43 2.16
12
6 7 1 30 159.31
886
7 2 37 47 493.56
2745
8 3 26 46 77.14
429
9 13 0 34 61.31
341
10 1 0 2 325.63
1811
11 3 0 33 144.74
805
12 4 0 42 663.84
3692
13 3 8 48 322.03
1791
14 39 4 47 283.91
1579
15 34 4 47 917.01
5100
16 2 9 47 53.22
296
17 38 7 48 104.47
581
18 6 0 37 640.65
3563
19 34 10 48 56.28
313
20 23 4 44 849.94
4727
21 7 4 31 387.48
2155
22 29 17 48 120.47
670
23 1 0 47 84.69
471
24 2 3 39 161.82
900
