30
1
5
0 170 0.1 0.1
5597
1 130 0.0 0.1
5478
2 170 0.1 0.1
5486
3 130 0.0 0.1
5463
4 150 0.1 0.1
5391
25
0 25 4 44 390.17
2139
1 4 1 45 134.07
735
2 34 1 46 50.53
277
3 14 2 47 100.14
549
4 4 0 29 45.24
248
5 6 20 48 136.81
750
6 32 10 47 145.01
795
7 10 5 19 94.49
518
8 5 27 47 344.75
1890
9 8 10 44 365.91
2006
10 7 2 25 52.53
288
11 11 5 45 829.41
4547
12 6 0 48 686.40
3763
13 15 27 47 21.34
117
14 8 1 47 196.09
1075
15 20 7 43 79.35
435
16 35 2 42 240.05
1316
17 2 39 47 54.18
297
18 18 6 45 39.22
215
19 28 14 45 264.31
1449
20 21 3 48 426.65
2339
21 37 3 44 417.53
2289
22 16 9 41 763.93
4188
23 2 35 47 613.99
3366
24 19 21 48 57.28
314
