30
1
5
0 120 0.1 0.1
5520
1 130 0.0 0.1
5629
2 190 0.1 0.0
5380
3 120 0.1 0.1
5456
4 130 0.0 0.1
5663
25
0 13 12 48 150.88
834
1 29 3 34 142.20
786
2 25 13 47 376.66
2082
3 3 4 33 173.13
957
4 22 7 43 317.32
1754
5 1 0 18 352.41
1948
6 26 21 47 40.52
224
7 2 14 48 298.32
1649
8 9 5 48 464.58
2568
9 13 12 48 185.25
1024
10 8 7 36 72.36
400
11 11 7 48 321.66
1778
12 21 1 47 121.21
670
13 17 6 36 645.31
3567
14 31 4 37 228.85
1265
15 20 18 47 506.91
2802
16 5 4 31 249.84
1381
17 7 35 48 41.07
227
18 17 0 48 240.07
1327
19 18 9 32 188.87
1044
20 6 0 35 85.57
473
21 10 5 35 544.18
3008
22 1 0 26 558.11
3085
23 32 5 48 603.34
3335
24 5 0 37 417.18
2306
