30
1
5
0 120 0.1 0.1
5484
1 130 0.0 0.1
5344
2 120 0.1 0.1
5569
3 120 0.1 0.1
5460
4 190 0.1 0.0
5601
25
0 36 2 48 191.80
1053
1 4 1 18 20.95
115
2 5 1 31 361.01
1982
3 25 3 34 145.72
800
4 6 1 38 288.15
1582
5 6 1 23 490.88
2695
6 2 13 47 26.59
146
7 37 5 48 210.92
1158
8 2 0 38 118.58
651
9 2 19 47 158.28
869
10 1 20 47 177.59
975
11 32 6 45 105.28
578
12 2 0 46 577.77
3172
13 3 11 47 193.62
1063
14 1 0 36 185.06
1016
15 8 26 46 121.13
665
16 9 10 48 638.06
3503
17 29 1 45 3.64
20
18 38 4 48 395.99
2174
19 30 13 46 167.03
917
20 27 3 37 622.76
3419
21 4 3 33 237.34
1303
22 31 15 48 172.86
949
23 26 4 46 11.66
64
24 2 15 47 139.34
765
