30
1
5
0 130 0.0 0.1
5591
1 190 0.1 0.0
5577
2 150 0.1 0.1
5596
3 170 0.1 0.1
5494
4 190 0.1 0.0
5535
25
0 9 6 35 362.34
2014
1 15 9 48 146.45
814
2 13 3 35 149.87
833
3 16 25 47 790.35
4393
4 22 2 43 258.53
1437
5 15 7 34 396.52
2204
6 10 0 19 395.26
2197
7 17 11 48 351.54
1954
8 16 2 47 413.79
2300
9 14 31 48 234.42
1303
10 3 13 44 326.18
1813
11 14 3 26 379.25
2108
12 26 18 47 207.44
1153
13 14 1 45 315.38
1753
14 19 2 39 133.67
743
15 12 4 44 120.00
667
16 3 17 37 431.24
2397
17 16 4 38 9.36
52
18 9 27 48 495.29
2753
19 3 1 44 80.06
445
20 31 1 36 64.77
360
21 4 18 45 9.36
52
22 12 20 47 127.56
709
23 11 14 42 236.94
1317
24 14 4 48 207.26
1152
