30
1
5
0 150 0.1 0.1
5494
1 170 0.1 0.1
5526
2 150 0.1 0.1
5550
3 120 0.1 0.1
5392
4 190 0.1 0.0
5380
25
0 11 3 29 105.53
577
1 2 13 21 329.03
1799
2 25 6 47 64.20
351
3 16 7 47 646.18
3533
4 15 15 48 363.97
1990
5 16 0 24 441.88
2416
6 10 28 47 304.89
1667
7 5 15 36 32.74
179
8 21 2 48 471.33
2577
9 15 1 32 272.34
1489
10 12 16 48 286.05
1564
11 12 3 43 237.04
1296
12 22 1 26 309.28
1691
13 23 12 47 73.53
402
14 3 0 35 248.93
1361
15 23 1 37 314.40
1719
16 14 7 43 198.08
1083
17 1 17 40 622.40
3403
18 20 5 45 207.59
1135
19 19 4 47 254.59
1392
20 11 14 48 283.68
1551
21 1 19 26 62.92
344
22 26 5 36 393.60
2152
23 15 9 48 196.62
1075
24 10 20 36 400.91
2192
