30
1
5
0 130 0.0 0.1
5686
1 150 0.1 0.1
5659
2 150 0.1 0.1
5507
3 130 0.0 0.1
5502
4 190 0.1 0.0
5449
25
0 11 26 48 205.43
1142
1 2 5 25 5.04
28
2 34 1 48 286.56
1593
3 20 18 47 331.89
1845
4 5 22 41 381.90
2123
5 12 33 47 267.31
1486
6 12 2 27 52.53
292
7 12 9 47 411.04
2285
8 25 16 47 101.82
566
9 17 18 48 417.52
2321
10 10 6 28 230.98
1284
11 14 2 45 14.57
81
12 18 7 47 203.81
1133
13 3 1 41 285.84
1589
14 18 13 48 234.21
1302
15 13 1 47 293.94
1634
16 12 4 34 30.40
169
17 7 12 47 226.66
1260
18 20 9 47 6.48
36
19 22 0 44 127.90
711
20 18 7 47 678.54
3772
21 9 37 48 27.52
153
22 16 6 25 806.80
4485
23 11 10 39 200.40
1114
24 20 1 48 270.91
1506
