30
1
5
0 130 0.0 0.1
5521
1 120 0.1 0.1
5420
2 190 0.1 0.0
5458
3 130 0.0 0.1
5331
4 120 0.1 0.1
5400
25
0 5 33 47 249.20
1352
1 17 6 26 518.13
2811
2 8 16 33 246.81
1339
3 11 25 44 164.42
892
4 16 29 47 249.02
1351
5 20 4 47 233.17
1265
6 20 5 46 86.82
471
7 20 22 47 222.11
1205
8 9 9 48 539.14
2925
9 14 4 48 27.46
149
10 13 24 48 646.60
3508
11 12 0 30 219.16
1189
12 45 1 47 96.77
525
13 1 16 31 280.72
1523
14 12 5 44 272.24
1477
15 8 15 43 255.66
1387
16 1 10 47 91.24
495
17 7 29 48 104.14
565
18 1 35 48 595.36
3230
19 18 10 48 110.96
602
20 8 15 47 90.69
492
21 17 15 47 184.69
1002
22 19 2 24 126.81
688
23 21 0 32 209.94
1139
24 20 1 29 342.47
1858
