30
1
5
0 150 0.1 0.1
5520
1 120 0.1 0.1
5597
2 120 0.1 0.1
5472
3 150 0.1 0.1
5553
4 120 0.1 0.1
5606
25
0 10 17 48 642.62
3566
1 7 0 43 439.35
2438
2 15 2 36 393.75
2185
3 15 19 48 240.94
1337
4 7 36 47 84.34
468
5 5 0 33 174.26
967
6 24 8 48 78.03
433
7 8 19 48 311.58
1729
8 10 22 48 323.65
1796
9 11 19 44 394.83
2191
10 20 2 35 190.48
1057
11 14 8 36 313.92
1742
12 15 13 48 69.74
387
13 5 0 35 150.29
834
14 17 6 38 349.78
1941
15 4 0 17 241.84
1342
16 6 15 44 143.63
797
17 6 1 38 541.34
3004
18 10 2 41 185.25
1028
19 18 3 47 233.19
1294
20 8 14 48 214.09
1188
21 19 5 37 180.39
1001
22 9 7 32 90.46
502
23 15 6 48 511.43
2838
24 20 3 39 312.84
1736
