30
1
5
0 150 0.1 0.1
5435
1 190 0.1 0.0
5501
2 130 0.0 0.1
5403
3 150 0.1 0.1
5584
4 130 0.0 0.1
5553
25
0 24 12 48 38.22
210
1 5 3 42 105.20
578
2 15 16 48 299.94
1648
3 3 0 44 222.77
1224
4 21 2 34 201.48
1107
5 18 0 29 2.91
16
6 8 14 39 572.41
3145
7 18 9 48 310.14
1704
8 18 1 29 393.86
2164
9 2 1 43 33.12
182
10 26 12 48 94.82
521
11 5 5 33 359.82
1977
12 20 24 47 306.86
1686
13 14 1 43 464.30
2551
14 12 14 35 3.46
19
15 15 5 47 386.03
2121
16 24 1 27 299.94
1648
17 22 11 48 494.33
2716
18 19 10 31 185.65
1020
19 8 2 42 544.38
2991
20 20 4 32 91.00
500
21 18 26 48 504.70
2773
22 1 16 38 111.39
612
23 8 2 25 24.75
136
24 11 0 26 418.61
2300
