30
1
5
0 150 0.1 0.1
5512
1 130 0.0 0.1
5461
2 130 0.0 0.1
5386
3 150 0.1 0.1
5432
4 170 0.1 0.1
5421
25
0 5 2 48 27.38
149
1 1 0 1 27.56
150
2 5 20 48 27.20
148
3 16 19 40 61.56
335
4 10 11 48 378.35
2059
5 24 10 39 448.73
2442
6 31 1 38 545.01
2966
7 29 6 45 431.82
2350
8 25 10 38 238.88
1300
9 8 3 16 338.29
1841
10 9 1 34 328.92
1790
11 44 2 48 19.48
106
12 8 10 48 509.73
2774
13 3 0 8 639.28
3479
14 5 37 48 434.94
2367
15 36 3 48 158.58
863
16 18 1 39 532.15
2896
17 11 0 14 493.56
2686
18 8 0 29 240.72
1310
19 10 26 48 84.89
462
20 1 0 43 244.58
1331
21 11 6 48 342.70
1865
22 3 0 43 33.26
181
23 3 1 34 641.12
3489
24 34 3 47 303.38
1651
