30
1
5
0 170 0.1 0.1
5330
1 170 0.1 0.1
5501
2 150 0.1 0.1
5549
3 120 0.1 0.1
5334
4 150 0.1 0.1
5593
25
0 4 15 48 308.10
1682
1 3 21 40 205.34
1121
2 17 1 32 262.31
1432
3 23 2 48 315.61
1723
4 15 2 48 253.15
1382
5 10 3 14 168.34
919
6 14 15 47 372.58
2034
7 25 3 48 21.43
117
8 3 1 36 860.02
4695
9 1 18 48 142.51
778
10 24 5 47 311.04
1698
11 22 6 48 254.62
1390
12 3 37 47 23.81
130
13 19 11 48 204.61
1117
14 12 5 41 393.83
2150
15 22 21 48 199.66
1090
16 20 11 47 679.04
3707
17 7 0 24 339.43
1853
18 11 0 23 679.04
3707
19 18 10 48 417.28
2278
20 26 8 48 63.38
346
21 19 0 32 381.38
2082
22 9 11 34 263.04
1436
23 12 9 21 147.46
805
24 3 41 48 869.18
4745
