30
1
5
0 170 0.1 0.1
5464
1 150 0.1 0.1
5458
2 170 0.1 0.1
5520
3 170 0.1 0.1
5449
4 150 0.1 0.1
5487
25
0 19 2 39 383.16
2098
1 13 21 48 560.86
3071
2 20 3 30 418.05
2289
3 6 4 48 54.61
299
4 10 2 32 28.13
154
5 7 2 39 308.10
1687
6 15 12 48 267.92
1467
7 3 0 12 135.51
742
8 7 1 39 560.32
3068
9 8 0 44 47.30
259
10 9 2 38 101.36
555
11 3 0 10 445.44
2439
12 21 11 42 208.38
1141
13 7 6 44 577.48
3162
14 10 2 47 188.66
1033
15 14 0 47 95.15
521
16 13 14 48 319.79
1751
17 31 2 40 209.84
1149
18 15 1 35 118.89
651
19 5 32 47 541.14
2963
20 18 2 33 201.26
1102
21 14 15 48 133.14
729
22 12 6 47 227.19
1244
23 18 5 48 427.36
2340
24 15 2 47 242.72
1329
