30
1
5
0 190 0.1 0.0
5496
1 120 0.1 0.1
5383
2 170 0.1 0.1
5599
3 120 0.1 0.1
5468
4 190 0.1 0.0
5395
25
0 9 6 29 197.00
1077
1 8 25 48 239.80
1311
2 20 1 23 333.08
1821
3 14 7 34 227.54
1244
4 16 27 47 613.12
3352
5 9 12 40 42.98
235
6 7 14 47 461.49
2523
7 4 26 34 137.18
750
8 9 6 47 120.17
657
9 10 37 48 305.65
1671
10 21 2 34 367.65
2010
11 14 2 29 568.49
3108
12 6 22 45 36.77
201
13 18 2 40 443.38
2424
14 8 0 14 144.50
790
15 20 26 48 346.07
1892
16 16 6 41 249.31
1363
17 12 6 40 260.65
1425
18 11 2 47 393.08
2149
19 17 2 42 167.37
915
20 21 7 43 432.59
2365
21 15 0 19 233.76
1278
22 14 31 48 129.69
709
23 33 4 47 181.82
994
24 17 18 47 320.28
1751
