30
1
5
0 170 0.1 0.1
5598
1 190 0.1 0.0
5537
2 150 0.1 0.1
5460
3 170 0.1 0.1
5380
4 150 0.1 0.1
5495
25
0 29 3 38 510.28
2803
1 16 0 45 377.21
2072
2 3 0 40 286.91
1576
3 9 2 48 381.39
2095
4 17 1 32 94.12
517
5 9 27 40 150.74
828
6 10 17 41 375.39
2062
7 20 17 47 462.40
2540
8 19 0 20 467.87
2570
9 7 16 48 280.72
1542
10 19 27 47 214.64
1179
11 3 0 10 7.46
41
12 24 1 44 5.46
30
13 31 0 45 173.67
954
14 31 0 46 155.83
856
15 14 12 37 341.89
1878
16 15 4 48 93.03
511
17 18 5 47 142.91
785
18 32 1 45 120.52
662
19 24 0 48 321.13
1764
20 7 39 48 620.42
3408
21 2 0 39 34.59
190
22 11 0 38 608.77
3344
23 12 7 47 608.23
3341
24 3 13 47 553.25
3039
