30
1
5
0 130 0.0 0.1
5475
1 120 0.1 0.1
5499
2 150 0.1 0.1
5548
3 190 0.1 0.0
5462
4 170 0.1 0.1
5482
25
0 18 4 48 228.11
1253
1 34 4 46 143.45
788
2 13 1 33 456.76
2509
3 12 17 47 38.78
213
4 17 23 47 53.89
296
5 3 14 47 584.01
3208
6 22 6 47 687.05
3774
7 9 7 31 70.09
385
8 18 7 36 293.28
1611
9 32 1 43 200.25
1100
10 14 12 47 305.66
1679
11 20 6 38 702.71
3860
12 29 0 37 66.08
363
13 6 11 46 437.10
2401
14 6 36 44 216.64
1190
15 18 27 48 435.82
2394
16 9 1 33 129.07
709
17 2 8 39 478.97
2631
18 3 40 48 104.31
573
19 1 13 48 30.77
169
20 5 1 6 442.20
2429
21 13 1 38 52.07
286
22 8 10 43 449.66
2470
23 25 7 48 111.05
610
24 4 2 46 180.77
993
