30
1
5
0 170 0.1 0.1
5490
1 120 0.1 0.1
5540
2 190 0.1 0.0
5412
3 150 0.1 0.1
5513
4 170 0.1 0.1
5563
25
0 1 0 20 155.00
853
1 12 7 47 30.53
168
2 19 0 35 28.89
159
3 7 5 27 731.59
4026
4 27 1 44 209.52
1153
5 8 28 48 39.98
220
6 27 4 38 104.85
577
7 14 32 48 350.89
1931
8 15 12 43 131.38
723
9 33 2 39 318.18
1751
10 20 10 42 443.39
2440
11 7 37 48 84.32
464
12 27 0 38 686.52
3778
13 11 31 48 537.70
2959
14 10 2 26 112.12
617
15 30 12 48 90.86
500
16 1 0 8 110.85
610
17 5 4 45 86.13
474
18 25 2 39 240.41
1323
19 16 20 44 109.03
600
20 7 34 47 85.04
468
21 1 0 40 308.92
1700
22 1 0 16 791.37
4355
23 4 26 43 165.54
911
24 14 10 48 376.70
2073
