30
1
5
0 150 0.1 0.1
5547
1 190 0.1 0.0
5447
2 190 0.1 0.0
5620
3 190 0.1 0.0
5662
4 150 0.1 0.1
5524
25
0 14 7 30 4.14
23
1 10 2 48 60.62
337
2 5 2 35 259.40
1442
3 14 0 48 94.80
527
4 21 7 31 178.27
991
5 1 0 47 563.23
3131
6 9 28 43 580.86
3229
7 16 10 48 198.24
1102
8 22 14 47 384.06
2135
9 4 25 48 139.41
775
10 10 6 39 299.34
1664
11 26 14 47 275.23
1530
12 6 15 47 363.74
2022
13 15 4 48 678.54
3772
14 16 14 47 614.14
3414
15 17 12 48 39.94
222
16 3 0 22 553.70
3078
17 26 0 47 455.12
2530
18 21 6 48 9.53
53
19 17 2 40 57.38
319
20 24 14 48 3.60
20
21 23 22 48 53.97
300
22 4 0 43 232.24
1291
23 15 24 47 501.89
2790
24 18 5 25 11.51
64
