30
1
5
0 120 0.1 0.1
5299
1 190 0.1 0.0
5552
2 120 0.1 0.1
5409
3 170 0.1 0.1
5588
4 150 0.1 0.1
5503
25
0 27 5 42 230.97
1263
1 6 23 38 43.71
239
2 6 1 8 495.05
2707
3 16 12 46 52.12
285
4 10 17 48 805.57
4405
5 17 13 47 491.21
2686
6 12 2 40 49.93
273
7 27 0 46 429.58
2349
8 3 0 37 383.67
2098
9 17 4 36 318.02
1739
10 12 35 48 84.85
464
11 4 1 15 6.03
33
12 6 14 31 340.88
1864
13 39 1 47 15.91
87
14 1 0 11 537.84
2941
15 15 20 47 275.23
1505
16 15 9 48 393.73
2153
17 25 12 47 359.90
1968
18 1 0 27 4.57
25
19 21 2 37 235.91
1290
20 7 1 34 244.51
1337
21 20 1 47 283.64
1551
22 5 5 48 366.12
2002
23 8 2 26 53.95
295
24 21 4 33 455.18
2489
