30
1
5
0 190 0.1 0.0
5650
1 130 0.0 0.1
5486
2 130 0.0 0.1
5433
3 120 0.1 0.1
5511
4 190 0.1 0.0
5593
25
0 19 0 46 347.16
1921
1 27 2 47 191.02
1057
2 1 17 42 75.54
418
3 7 3 24 76.80
425
4 2 16 25 227.34
1258
5 16 1 26 317.52
1757
6 20 0 35 193.19
1069
7 12 8 33 170.42
943
8 2 0 40 454.32
2514
9 14 10 48 249.21
1379
10 2 0 21 237.28
1313
11 2 38 47 169.87
940
12 7 22 48 135.72
751
13 6 0 10 220.84
1222
14 4 4 22 511.07
2828
15 30 3 41 850.45
4706
16 13 0 48 103.91
575
17 9 26 47 672.99
3724
18 2 38 47 567.09
3138
19 20 1 46 163.19
903
20 2 10 33 279.93
1549
21 12 0 43 6.51
36
22 24 6 48 151.44
838
23 33 13 48 448.36
2481
24 16 22 47 424.50
2349
