30
1
5
0 130 0.0 0.1
5465
1 120 0.1 0.1
5471
2 170 0.1 0.1
5567
3 150 0.1 0.1
5556
4 150 0.1 0.1
5629
25
0 36 0 48 666.80
3692
1 7 40 47 88.68
491
2 5 4 47 728.20
4032
3 26 6 48 258.81
1433
4 25 8 45 445.74
2468
5 34 0 39 134.55
745
6 28 10 46 141.78
785
7 22 16 46 405.64
2246
8 2 0 29 249.06
1379
9 21 9 47 33.77
187
10 21 0 35 22.58
125
11 8 1 47 7.59
42
12 2 0 46 606.66
3359
13 5 0 15 283.73
1571
14 30 17 47 9.21
51
15 4 27 48 263.69
1460
16 5 29 48 190.90
1057
17 4 0 39 219.62
1216
18 36 3 46 85.07
471
19 33 3 47 302.52
1675
20 16 19 47 862.76
4777
21 6 0 17 178.44
988
22 2 3 30 128.59
712
23 5 2 46 608.82
3371
24 26 4 48 406.00
2248
