30
1
5
0 130 0.0 0.1
5424
1 170 0.1 0.1
5540
2 150 0.1 0.1
5494
3 150 0.1 0.1
5558
4 150 0.1 0.1
5493
25
0 22 11 45 234.30
1289
1 5 2 38 398.99
2195
2 9 18 48 223.58
1230
3 4 0 7 191.95
1056
4 4 0 21 231.03
1271
5 25 20 48 339.00
1865
6 7 3 30 9.27
51
7 33 1 45 214.31
1179
8 1 0 36 453.70
2496
9 27 19 48 268.66
1478
10 26 17 48 123.79
681
11 38 9 48 404.26
2224
12 34 5 48 363.73
2001
13 5 2 14 214.67
1181
14 10 17 47 231.76
1275
15 2 1 16 284.65
1566
16 4 1 32 404.99
2228
17 4 0 47 6.00
33
18 8 37 47 312.47
1719
19 2 3 47 353.55
1945
20 20 14 42 69.07
380
21 36 1 48 236.85
1303
22 3 0 43 679.83
3740
23 25 6 37 157.23
865
24 7 0 18 444.43
2445
