30
1
5
0 150 0.1 0.1
5389
1 130 0.0 0.1
5361
2 190 0.1 0.0
5573
3 120 0.1 0.1
5387
4 190 0.1 0.0
5399
25
0 24 11 47 133.19
722
1 42 0 47 392.38
2127
2 16 29 48 739.38
4008
3 5 6 24 191.12
1036
4 8 0 27 848.41
4599
5 3 1 45 278.74
1511
6 20 5 38 502.33
2723
7 5 3 47 621.50
3369
8 7 1 17 97.77
530
9 5 2 42 332.98
1805
10 25 11 48 341.65
1852
11 11 2 36 37.08
201
12 31 7 48 69.18
375
13 31 6 48 60.32
327
14 27 5 48 207.54
1125
15 6 7 38 50.55
274
16 22 8 33 110.50
599
17 24 3 47 475.21
2576
18 24 4 47 106.07
575
19 9 0 15 310.66
1684
20 9 0 41 460.45
2496
21 13 18 48 155.88
845
22 8 9 37 333.72
1809
23 3 1 30 160.86
872
24 3 0 30 327.82
1777
