30
1
5
0 190 0.1 0.0
5547
1 190 0.1 0.0
5581
2 150 0.1 0.1
5554
3 120 0.1 0.1
5585
4 190 0.1 0.0
5389
25
0 25 4 39 123.14
681
1 20 7 47 429.82
2377
2 7 3 48 450.80
2493
3 2 0 36 106.32
588
4 15 13 48 138.87
768
5 9 2 29 795.99
4402
6 22 6 48 279.37
1545
7 3 30 45 165.45
915
8 25 13 47 80.29
444
9 2 0 3 366.71
2028
10 11 3 47 3.07
17
11 10 21 47 496.72
2747
12 4 23 39 513.36
2839
13 10 30 47 656.03
3628
14 10 2 38 375.57
2077
15 33 0 38 121.69
673
16 5 1 25 147.01
813
17 16 13 45 448.81
2482
18 15 0 20 314.63
1740
19 28 1 35 230.73
1276
20 6 11 47 98.19
543
21 10 22 39 517.88
2864
22 8 3 33 91.68
507
23 10 1 19 150.81
834
24 7 6 39 159.31
881
