30
1
5
0 150 0.1 0.1
5456
1 130 0.0 0.1
5646
2 190 0.1 0.0
5494
3 170 0.1 0.1
5504
4 120 0.1 0.1
5552
25
0 1 29 47 770.58
4261
1 36 5 48 107.60
595
2 28 0 47 516.13
2854
3 8 12 26 200.01
1106
4 25 0 36 658.27
3640
5 1 21 42 301.47
1667
6 8 9 40 232.75
1287
7 7 0 44 3.80
21
8 13 17 34 433.84
2399
9 12 17 48 184.28
1019
10 17 0 37 276.69
1530
11 26 1 45 551.21
3048
12 26 6 42 79.21
438
13 16 12 48 422.99
2339
14 17 11 34 146.12
808
15 6 9 48 673.46
3724
16 14 0 27 382.67
2116
17 3 27 47 356.44
1971
18 17 9 44 3.80
21
19 21 20 48 149.38
826
20 3 23 47 311.41
1722
21 1 30 47 391.89
2167
22 19 1 36 487.37
2695
23 7 12 48 134.73
745
24 9 9 47 347.40
1921
