30
1
5
0 120 0.1 0.1
5560
1 190 0.1 0.0
5627
2 120 0.1 0.1
5488
3 120 0.1 0.1
5599
4 130 0.0 0.1
5573
25
0 10 4 47 469.20
2613
1 28 12 47 263.42
1467
2 15 7 45 479.44
2670
3 3 12 28 271.32
1511
4 28 0 48 212.61
1184
5 19 20 46 156.94
874
6 6 4 35 118.69
661
7 12 11 45 275.45
1534
8 3 8 48 176.87
985
9 22 12 37 209.73
1168
10 2 0 10 319.45
1779
11 8 35 47 374.75
2087
12 2 35 47 584.66
3256
13 3 0 12 207.58
1156
14 3 1 20 289.10
1610
15 11 3 47 212.07
1181
16 17 11 42 108.64
605
17 9 2 18 792.96
4416
18 23 0 42 147.06
819
19 8 37 47 250.85
1397
20 30 10 47 58.72
327
21 2 26 48 383.91
2138
22 36 8 48 339.38
1890
23 10 0 43 47.94
267
24 16 26 45 378.88
2110
