30
1
5
0 170 0.1 0.1
5530
1 190 0.1 0.0
5412
2 190 0.1 0.0
5441
3 150 0.1 0.1
5425
4 130 0.0 0.1
5549
25
0 2 0 44 337.06
1844
1 2 8 48 422.42
2311
2 12 8 21 107.84
590
3 1 12 48 480.18
2627
4 25 20 46 5.30
29
5 2 12 47 225.74
1235
6 24 13 48 102.36
560
7 7 3 29 544.89
2981
8 4 23 43 93.77
513
9 7 27 43 320.43
1753
10 6 14 47 253.71
1388
11 4 18 45 311.47
1704
12 36 1 48 355.34
1944
13 22 4 45 718.36
3930
14 10 15 48 153.91
842
15 19 20 48 462.45
2530
16 8 29 42 199.42
1091
17 28 13 48 475.25
2600
18 5 6 47 320.43
1753
19 12 3 33 410.91
2248
20 12 8 28 538.86
2948
21 4 7 33 85.36
467
22 8 0 13 6.03
33
23 1 11 47 199.42
1091
24 6 0 47 139.65
764
