30
1
5
0 120 0.1 0.1
5581
1 170 0.1 0.1
5452
2 120 0.1 0.1
5547
3 190 0.1 0.0
5576
4 150 0.1 0.1
5570
25
0 5 32 47 266.56
1478
1 6 10 37 8.48
47
2 17 6 46 62.94
349
3 10 19 47 49.78
276
4 19 13 34 144.82
803
5 1 0 33 127.87
709
6 10 33 44 47.25
262
7 6 19 47 763.60
4234
8 26 2 46 178.91
992
9 35 0 42 36.25
201
10 10 0 36 86.39
479
11 2 3 48 562.15
3117
12 32 1 42 58.07
322
13 28 14 48 631.59
3502
14 1 0 23 616.44
3418
15 7 32 47 872.17
4836
16 18 23 48 81.52
452
17 7 26 48 174.94
970
18 23 9 42 115.42
640
19 6 35 48 149.15
827
20 18 7 48 728.61
4040
21 3 40 47 159.25
883
22 23 6 45 55.19
306
23 18 10 35 294.33
1632
24 13 8 22 589.38
3268
