30
1
5
0 120 0.1 0.1
5468
1 130 0.0 0.1
5459
2 170 0.1 0.1
5494
3 130 0.0 0.1
5483
4 170 0.1 0.1
5468
25
0 23 1 34 317.66
1739
1 2 14 47 326.25
1786
2 1 12 48 65.58
359
3 21 9 37 138.65
759
4 15 4 20 422.33
2312
5 13 0 16 347.25
1901
6 3 4 28 99.92
547
7 5 5 15 273.46
1497
8 25 9 47 269.80
1477
9 9 10 48 35.44
194
10 7 0 36 162.39
889
11 11 1 29 326.80
1789
12 8 3 31 504.72
2763
13 27 17 46 238.57
1306
14 7 5 36 116.00
635
15 19 5 41 859.82
4707
16 29 3 46 295.01
1615
17 11 25 46 100.10
548
18 2 42 48 170.07
931
19 9 1 47 13.88
76
20 5 5 46 150.70
825
21 16 19 48 209.34
1146
22 7 0 35 284.78
1559
23 20 17 47 284.96
1560
24 1 45 48 26.30
144
