30
1
5
0 170 0.1 0.1
5518
1 190 0.1 0.0
5489
2 120 0.1 0.1
5363
3 190 0.1 0.0
5675
4 190 0.1 0.0
5553
25
0 20 4 48 213.49
1178
1 19 6 39 269.86
1489
2 14 13 47 127.41
703
3 13 5 48 109.65
605
4 13 6 48 35.16
194
5 7 8 46 62.16
343
6 22 1 34 430.43
2375
7 10 7 47 135.38
747
8 22 0 35 536.27
2959
9 13 5 46 597.16
3295
10 17 0 48 341.44
1884
11 26 6 47 162.38
896
12 1 15 21 86.27
476
13 24 14 48 623.08
3438
14 25 19 47 481.54
2657
15 2 43 47 531.92
2935
16 11 29 44 541.34
2987
17 16 6 48 362.47
2000
18 18 19 47 136.47
753
19 24 5 36 719.49
3970
20 1 4 23 113.81
628
21 2 42 48 97.32
537
22 20 2 37 249.38
1376
23 9 22 37 149.34
824
24 6 1 36 241.58
1333
