30
1
5
0 130 0.0 0.1
5613
1 130 0.0 0.1
5476
2 130 0.0 0.1
5660
3 190 0.1 0.0
5390
4 150 0.1 0.1
5402
25
0 20 21 46 173.45
955
1 11 17 48 270.07
1487
2 3 10 31 8.35
46
3 3 0 41 363.97
2004
4 3 0 38 455.14
2506
5 16 13 47 35.60
196
6 20 14 47 161.82
891
7 20 2 39 291.68
1606
8 3 6 24 709.41
3906
9 24 4 33 45.95
253
10 1 19 47 401.38
2210
11 3 16 48 314.38
1731
12 3 32 48 535.60
2949
13 11 6 47 47.22
260
14 38 2 47 248.27
1367
15 33 6 46 145.66
802
16 3 0 45 314.75
1733
17 13 10 37 64.11
353
18 29 11 46 399.56
2200
19 19 2 28 235.20
1295
20 1 2 47 247.73
1364
21 44 0 48 363.78
2003
22 32 9 46 331.64
1826
23 18 0 35 527.42
2904
24 33 9 46 103.52
570
