30
1
5
0 170 0.1 0.1
5486
1 120 0.1 0.1
5286
2 190 0.1 0.0
5409
3 120 0.1 0.1
5644
4 150 0.1 0.1
5377
25
0 1 2 45 52.60
286
1 6 16 47 77.61
422
2 10 15 47 62.89
342
3 38 0 48 109.24
594
4 14 12 47 240.17
1306
5 11 8 48 312.81
1701
6 8 0 33 155.39
845
7 3 0 41 4.97
27
8 15 32 48 390.23
2122
9 7 5 33 445.77
2424
10 38 1 48 61.24
333
11 26 6 44 114.94
625
12 1 0 7 2.94
16
13 15 3 43 139.03
756
14 33 5 47 574.50
3124
15 31 15 48 394.28
2144
16 15 6 34 141.60
770
17 8 1 41 105.37
573
18 11 1 12 173.05
941
19 9 2 12 121.74
662
20 7 0 29 436.02
2371
21 12 20 48 246.24
1339
22 2 5 31 482.37
2623
23 25 3 31 73.38
399
24 3 2 6 211.12
1148
