30
1
5
0 120 0.1 0.1
5376
1 130 0.0 0.1
5305
2 120 0.1 0.1
5386
3 170 0.1 0.1
5362
4 170 0.1 0.1
5408
25
0 20 10 47 231.59
1243
1 11 5 31 135.45
727
2 6 11 47 689.93
3703
3 12 8 48 193.96
1041
4 9 1 48 1.49
8
5 2 16 47 231.97
1245
6 5 5 37 100.43
539
7 35 0 47 1.49
8
8 29 3 48 92.79
498
9 30 6 48 313.39
1682
10 24 6 48 464.68
2494
11 10 2 38 392.94
2109
12 27 12 47 120.36
646
13 10 2 47 220.23
1182
14 3 24 43 350.65
1882
15 12 18 44 248.92
1336
16 31 1 43 224.33
1204
17 1 40 48 329.60
1769
18 11 29 47 510.51
2740
19 11 12 48 62.60
336
20 2 39 47 278.92
1497
21 1 11 47 134.52
722
22 3 21 48 242.40
1301
23 2 36 47 80.30
431
24 5 19 47 154.08
827
