30
1
5
0 190 0.1 0.0
5419
1 190 0.1 0.0
5518
2 170 0.1 0.1
5635
3 120 0.1 0.1
5454
4 120 0.1 0.1
5501
25
0 9 3 16 172.95
952
1 14 16 48 787.55
4335
2 4 19 47 625.32
3442
3 4 1 26 26.16
144
4 4 4 48 146.97
809
5 21 3 48 55.41
305
6 33 5 39 362.62
1996
7 3 43 47 386.42
2127
8 31 15 48 203.65
1121
9 22 7 45 132.62
730
10 2 1 40 106.10
584
11 31 5 40 261.97
1442
12 3 22 44 203.84
1122
13 26 5 47 39.06
215
14 3 18 47 24.71
136
15 34 5 46 90.47
498
16 12 14 47 77.21
425
17 8 0 20 372.43
2050
18 13 0 19 395.32
2176
19 42 1 46 178.04
980
20 9 1 48 257.25
1416
21 23 10 43 602.61
3317
22 10 3 39 513.41
2826
23 39 4 48 646.93
3561
24 13 0 45 371.34
2044
