30
1
5
0 170 0.1 0.1
5446
1 190 0.1 0.0
5460
2 130 0.0 0.1
5484
3 150 0.1 0.1
5507
4 120 0.1 0.1
5538
25
0 6 16 47 260.81
1431
1 18 15 47 114.27
627
2 5 12 29 270.47
1484
3 16 7 27 146.53
804
4 5 1 48 647.55
3553
5 23 5 40 355.94
1953
6 18 4 26 474.78
2605
7 4 21 40 566.45
3108
8 1 0 31 229.82
1261
9 10 0 10 152.91
839
10 19 4 28 175.15
961
11 3 6 26 330.61
1814
12 20 1 27 157.47
864
13 13 6 28 394.77
2166
14 18 14 47 2.73
15
15 22 9 46 367.61
2017
16 23 1 40 129.04
708
17 10 22 40 124.48
683
18 16 1 37 3.28
18
19 7 23 39 175.15
961
20 15 32 48 900.34
4940
21 20 21 48 785.89
4312
22 13 7 38 231.10
1268
23 28 17 48 178.06
977
24 12 33 47 171.14
939
