30
1
5
0 170 0.1 0.1
5359
1 170 0.1 0.1
5603
2 130 0.0 0.1
5540
3 130 0.0 0.1
5314
4 170 0.1 0.1
5703
25
0 10 25 44 416.01
2288
1 33 0 47 56.00
308
2 8 2 14 410.74
2259
3 23 5 41 124.18
683
4 9 0 33 169.46
932
5 2 6 32 253.28
1393
6 32 13 48 488.19
2685
7 12 3 48 108.37
596
8 10 15 38 262.55
1444
9 14 19 47 204.91
1127
10 10 9 42 408.74
2248
11 14 1 25 327.46
1801
12 14 5 25 275.64
1516
13 26 21 48 115.64
636
14 10 9 22 455.83
2507
15 17 25 47 239.28
1316
16 15 0 33 478.37
2631
17 7 1 18 7.82
43
18 12 7 34 274.37
1509
19 27 18 48 315.83
1737
20 29 5 48 7.27
40
21 23 14 47 461.28
2537
22 14 1 48 779.47
4287
23 5 2 46 780.38
4292
24 9 6 47 324.01
1782
