30
1
5
0 190 0.1 0.0
5377
1 120 0.1 0.1
5350
2 120 0.1 0.1
5547
3 130 0.0 0.1
5533
4 130 0.0 0.1
5525
25
0 9 0 27 974.73
5327
1 20 3 48 438.05
2394
2 16 11 43 39.52
216
3 5 22 47 72.46
396
4 11 30 47 74.11
405
5 4 3 45 251.41
1374
6 16 29 48 502.65
2747
7 12 2 30 66.97
366
8 4 2 41 47.21
258
9 13 34 47 218.84
1196
10 26 0 35 507.77
2775
11 26 0 48 249.04
1361
12 5 2 38 369.80
2021
13 23 17 48 378.40
2068
14 6 7 46 507.59
2774
15 20 23 48 382.06
2088
16 11 5 47 38.24
209
17 8 1 47 482.88
2639
18 18 25 47 484.90
2650
19 12 1 33 218.30
1193
20 8 0 21 24.89
136
21 19 20 48 18.12
99
22 18 2 31 408.59
2233
23 5 11 42 14.46
79
24 12 6 33 387.55
2118
