30
1
5
0 150 0.1 0.1
5468
1 190 0.1 0.0
5413
2 120 0.1 0.1
5643
3 150 0.1 0.1
5659
4 170 0.1 0.1
5413
25
0 19 2 39 30.81
170
1 18 0 21 412.00
2273
2 2 0 7 479.79
2647
3 3 0 4 284.75
1571
4 6 0 6 215.33
1188
5 15 6 46 145.55
803
6 19 2 47 137.57
759
7 1 2 45 313.03
1727
8 17 0 22 57.28
316
9 12 3 28 260.47
1437
10 26 17 48 472.54
2607
11 19 0 47 283.49
1564
12 2 18 25 657.60
3628
13 12 6 28 309.59
1708
14 13 23 43 44.95
248
15 23 0 47 545.58
3010
16 4 26 48 112.92
623
17 16 25 48 183.79
1014
18 2 15 38 98.42
543
19 27 19 48 416.71
2299
20 21 1 35 455.50
2513
21 16 0 26 95.70
528
22 15 8 39 86.82
479
23 25 6 48 396.95
2190
24 12 3 39 542.14
2991
