30
1
5
0 120 0.1 0.1
5544
1 120 0.1 0.1
5537
2 190 0.1 0.0
5342
3 190 0.1 0.0
5462
4 150 0.1 0.1
5541
25
0 11 34 47 592.62
3250
1 6 11 47 34.28
188
2 3 1 6 481.21
2639
3 5 8 17 487.96
2676
4 23 24 47 310.17
1701
5 3 13 34 72.39
397
6 7 2 30 76.77
421
7 34 0 48 170.13
933
8 18 6 47 222.28
1219
9 4 0 41 74.76
410
10 32 5 48 576.03
3159
11 10 5 47 237.05
1300
12 14 0 33 715.71
3925
13 11 16 47 10.76
59
14 34 0 48 64.00
351
15 15 5 23 297.22
1630
16 21 7 44 31.18
171
17 21 0 25 233.04
1278
18 9 4 42 372.35
2042
19 21 22 47 377.46
2070
20 19 4 45 255.65
1402
21 22 14 47 313.45
1719
22 7 18 48 402.98
2210
23 7 3 32 330.96
1815
24 24 3 47 72.94
400
