30
1
5
0 190 0.1 0.0
5577
1 130 0.0 0.1
5528
2 120 0.1 0.1
5594
3 130 0.0 0.1
5441
4 130 0.0 0.1
5504
25
0 18 21 48 504.86
2791
1 3 0 33 27.86
154
2 6 21 47 382.58
2115
3 2 4 34 56.98
315
4 7 2 26 262.83
1453
5 10 1 32 461.09
2549
6 15 1 34 506.49
2800
7 25 10 46 333.56
1844
8 10 2 46 202.96
1122
9 4 4 48 393.61
2176
10 8 13 48 61.68
341
11 27 19 47 566.54
3132
12 16 9 29 27.86
154
13 11 0 19 53.36
295
14 13 16 47 356.35
1970
15 20 10 47 223.94
1238
16 5 24 48 770.59
4260
17 14 1 47 32.56
180
18 31 0 41 365.21
2019
19 12 5 31 41.06
227
20 4 8 48 417.85
2310
21 12 2 25 467.78
2586
22 26 1 47 276.76
1530
23 6 3 19 433.23
2395
24 3 0 15 938.99
5191
