30
1
5
0 170 0.1 0.1
5512
1 150 0.1 0.1
5386
2 190 0.1 0.0
5431
3 130 0.0 0.1
5453
4 120 0.1 0.1
5452
25
0 26 17 47 722.30
3934
1 4 4 47 491.32
2676
2 14 0 42 232.99
1269
3 20 16 48 125.22
682
4 8 5 43 303.68
1654
5 3 1 37 6.79
37
6 5 9 24 316.90
1726
7 6 32 47 497.93
2712
8 20 19 48 757.18
4124
9 27 1 40 192.78
1050
10 24 6 34 325.71
1774
11 11 3 40 6.06
33
12 11 15 40 432.94
2358
13 5 13 21 770.40
4196
14 7 11 48 123.93
675
15 28 6 47 5.69
31
16 22 0 42 408.15
2223
17 21 4 48 17.81
97
18 9 1 34 89.23
486
19 10 22 45 269.16
1466
20 11 6 48 8.26
45
21 16 4 25 936.93
5103
22 11 3 29 446.16
2430
23 22 14 47 143.03
779
24 30 3 46 74.73
407
