30
1
5
0 120 0.1 0.1
5372
1 120 0.1 0.1
5470
2 120 0.1 0.1
5535
3 150 0.1 0.1
5731
4 150 0.1 0.1
5643
25
0 7 23 47 210.37
1167
1 16 2 38 372.25
2065
2 10 3 32 406.86
2257
3 4 2 33 4.15
23
4 1 0 41 21.63
120
5 9 11 24 361.80
2007
6 21 10 48 4.33
24
7 9 35 48 373.87
2074
8 16 3 47 151.60
841
9 1 25 45 287.89
1597
10 1 25 41 205.86
1142
11 12 6 47 220.29
1222
12 13 4 48 751.35
4168
13 26 0 47 176.66
980
14 17 18 48 484.92
2690
15 21 13 47 114.29
634
16 13 9 47 20.19
112
17 9 17 48 321.42
1783
18 27 7 39 277.79
1541
19 10 1 26 238.85
1325
20 6 0 34 930.72
5163
21 22 12 35 574.51
3187
22 10 3 48 645.90
3583
23 7 13 47 7.39
41
24 11 2 25 153.95
854
