30
1
5
0 190 0.1 0.0
5499
1 190 0.1 0.0
5386
2 170 0.1 0.1
5442
3 190 0.1 0.0
5616
4 150 0.1 0.1
5439
25
0 12 3 32 540.98
2962
1 12 6 34 43.47
238
2 14 29 47 383.36
2099
3 10 18 47 201.82
1105
4 15 27 48 73.60
403
5 13 2 47 701.52
3841
6 9 2 47 478.51
2620
7 6 0 10 167.11
915
8 28 0 47 665.35
3643
9 11 3 29 234.33
1283
10 9 20 48 580.43
3178
11 15 28 48 70.32
385
12 2 2 35 226.11
1238
13 11 6 37 40.36
221
14 2 22 33 153.23
839
15 13 25 48 452.94
2480
16 21 4 30 274.51
1503
17 9 2 34 313.04
1714
18 15 32 48 730.74
4001
19 7 0 33 596.50
3266
20 9 2 43 42.74
234
21 16 12 35 57.17
313
22 8 4 18 42.74
234
23 16 7 43 111.04
608
24 4 2 14 65.20
357
