30
1
5
0 170 0.1 0.1
5594
1 120 0.1 0.1
5471
2 150 0.1 0.1
5418
3 120 0.1 0.1
5538
4 190 0.1 0.0
5590
25
0 14 30 48 303.37
1675
1 1 6 26 480.50
2653
2 16 8 40 13.04
72
3 22 1 36 471.62
2604
4 6 24 46 615.43
3398
5 15 15 35 81.86
452
6 13 6 24 171.34
946
7 15 15 47 168.07
928
8 10 8 47 50.89
281
9 6 1 30 47.45
262
10 27 17 47 45.82
253
11 23 3 40 748.73
4134
12 12 3 31 429.61
2372
13 19 12 46 42.38
234
14 5 2 35 93.64
517
15 1 7 27 117.54
649
16 6 2 31 422.90
2335
17 10 31 48 606.19
3347
18 13 5 38 694.03
3832
19 14 5 39 292.68
1616
20 12 28 48 761.77
4206
21 7 3 47 68.46
378
22 38 0 42 119.90
662
23 17 14 48 295.58
1632
24 7 8 47 584.46
3227
