30
1
5
0 130 0.0 0.1
5612
1 120 0.1 0.1
5500
2 130 0.0 0.1
5353
3 190 0.1 0.0
5522
4 150 0.1 0.1
5449
25
0 13 1 19 151.12
829
1 6 1 17 201.06
1103
2 6 2 17 66.90
367
3 4 10 45 596.99
3275
4 18 0 37 489.99
2688
5 23 5 47 60.88
334
6 10 11 44 236.24
1296
7 6 27 47 708.18
3885
8 18 7 47 235.51
1292
9 32 1 46 32.81
180
10 33 3 48 251.56
1380
11 28 1 34 151.66
832
12 3 11 37 317.18
1740
13 9 0 42 563.63
3092
14 13 29 48 668.44
3667
15 6 7 17 417.44
2290
16 4 11 48 215.28
1181
17 7 0 31 6.02
33
18 3 8 26 14.04
77
19 23 19 48 23.88
131
20 7 9 44 18.41
101
21 5 2 18 827.40
4539
22 21 15 48 675.74
3707
23 17 5 47 301.14
1652
24 23 0 47 782.74
4294
