30
1
5
0 170 0.1 0.1
5514
1 120 0.1 0.1
5478
2 130 0.0 0.1
5458
3 150 0.1 0.1
5516
4 120 0.1 0.1
5477
25
0 12 9 48 167.44
919
1 13 9 24 375.15
2059
2 5 0 10 182.02
999
3 22 3 37 28.42
156
4 22 3 48 173.64
953
5 8 14 48 400.29
2197
6 38 0 41 453.13
2487
7 4 0 11 622.39
3416
8 5 4 43 343.08
1883
9 15 0 48 252.35
1385
10 9 11 47 278.22
1527
11 19 8 46 119.34
655
12 19 14 48 238.50
1309
13 19 0 36 153.78
844
14 9 9 39 276.40
1517
15 13 5 34 321.22
1763
16 41 5 47 242.14
1329
17 5 30 38 24.05
132
18 6 10 47 95.11
522
19 8 4 38 514.89
2826
20 9 36 47 729.52
4004
21 17 16 40 64.13
352
22 1 14 48 595.24
3267
23 22 6 35 487.20
2674
24 27 2 35 405.39
2225
