30
1
5
0 190 0.1 0.0
5532
1 170 0.1 0.1
5443
2 120 0.1 0.1
5525
3 170 0.1 0.1
5584
4 130 0.0 0.1
5598
25
0 6 1 26 181.18
1003
1 2 2 24 161.13
892
2 15 0 47 491.52
2721
3 6 4 42 153.00
847
4 7 4 22 194.73
1078
5 29 14 47 101.52
562
6 5 9 26 30.89
171
7 28 15 48 18.61
103
8 13 5 20 747.85
4140
9 20 20 48 524.40
2903
10 7 14 47 189.49
1049
11 18 1 40 373.56
2068
12 4 11 42 244.95
1356
13 7 4 46 432.27
2393
14 10 24 38 161.49
894
15 10 27 47 564.68
3126
16 28 5 47 16.62
92
17 13 0 23 250.91
1389
18 6 2 22 19.87
110
19 25 20 48 315.58
1747
20 18 1 22 3.79
21
21 6 0 40 142.71
790
22 6 5 33 198.16
1097
23 21 20 48 3.61
20
24 24 8 47 415.83
2302
