30
1
5
0 150 0.1 0.1
5444
1 120 0.1 0.1
5430
2 170 0.1 0.1
5374
3 170 0.1 0.1
5401
4 120 0.1 0.1
5497
25
0 18 6 45 328.61
1784
1 16 15 48 240.38
1305
2 12 14 47 113.84
618
3 6 29 45 39.42
214
4 30 5 48 253.64
1377
5 7 40 47 612.10
3323
6 2 0 15 584.47
3173
7 5 9 38 145.52
790
8 24 2 34 205.94
1118
9 8 11 47 249.59
1355
10 2 0 39 195.25
1060
11 3 0 12 468.97
2546
12 31 0 36 465.84
2529
13 7 24 45 173.15
940
14 13 8 41 100.39
545
15 14 19 48 268.01
1455
16 43 3 48 432.50
2348
17 28 7 38 408.00
2215
18 3 0 4 484.45
2630
19 13 8 43 416.84
2263
20 5 7 37 384.98
2090
21 37 3 48 310.93
1688
22 1 33 47 443.92
2410
23 6 31 47 364.90
1981
24 3 18 47 28.55
155
