30
1
5
0 150 0.1 0.1
5683
1 170 0.1 0.1
5584
2 170 0.1 0.1
5372
3 190 0.1 0.0
5302
4 170 0.1 0.1
5633
25
0 29 7 48 553.65
3051
1 14 33 48 21.96
121
2 18 2 45 426.45
2350
3 19 11 42 16.15
89
4 5 5 48 206.69
1139
5 6 0 35 201.06
1108
6 22 5 48 40.29
222
7 19 3 46 233.55
1287
8 5 2 47 491.05
2706
9 20 6 47 302.32
1666
10 17 2 42 257.32
1418
11 6 13 30 290.53
1601
12 13 29 44 46.27
255
13 7 17 42 35.39
195
14 33 6 48 599.38
3303
15 9 2 22 135.74
748
16 9 2 47 415.38
2289
17 9 5 45 31.03
171
18 9 23 48 179.83
991
19 16 4 48 589.22
3247
20 4 9 47 38.29
211
21 12 2 47 125.57
692
22 13 15 31 139.91
771
23 14 4 41 46.82
258
24 20 3 47 297.60
1640
