30
1
5
0 120 0.1 0.1
5533
1 150 0.1 0.1
5457
2 130 0.0 0.1
5563
3 130 0.0 0.1
5602
4 190 0.1 0.0
5494
25
0 29 8 43 378.89
2095
1 16 30 47 67.10
371
2 22 0 39 47.75
264
3 31 11 47 92.78
513
4 27 10 43 279.96
1548
5 4 6 48 330.78
1829
6 5 0 23 491.56
2718
7 4 7 48 374.91
2073
8 7 4 33 105.44
583
9 25 20 48 693.75
3836
10 24 2 47 69.63
385
11 2 22 39 81.38
450
12 25 8 47 308.72
1707
13 19 3 40 707.86
3914
14 4 3 48 231.31
1279
15 13 1 48 802.63
4438
16 18 21 48 699.36
3867
17 4 3 27 112.67
623
18 18 12 48 278.15
1538
19 1 20 47 482.34
2667
20 22 11 43 272.73
1508
21 23 20 48 529.72
2929
22 3 0 14 241.08
1333
23 5 3 41 125.51
694
24 11 1 42 329.33
1821
