30
1
5
0 190 0.1 0.0
5574
1 120 0.1 0.1
5707
2 120 0.1 0.1
5409
3 190 0.1 0.0
5567
4 120 0.1 0.1
5519
25
0 6 40 47 28.99
161
1 7 2 14 79.41
441
2 31 2 44 26.47
147
3 26 3 41 20.89
116
4 20 27 48 704.96
3915
5 17 1 47 379.40
2107
6 8 0 40 43.94
244
7 4 25 45 338.70
1881
8 12 3 22 193.21
1073
9 11 4 23 704.78
3914
10 17 7 34 131.45
730
11 23 0 32 536.77
2981
12 6 2 47 852.25
4733
13 6 9 46 351.31
1951
14 10 2 30 79.23
440
15 23 0 32 466.73
2592
16 9 12 34 82.11
456
17 8 4 48 13.68
76
18 22 5 42 307.91
1710
19 11 16 48 200.41
1113
20 2 0 37 130.19
723
21 2 0 15 225.62
1253
22 3 9 48 60.32
335
23 19 14 48 452.86
2515
24 12 8 43 219.32
1218
