30
1
5
0 120 0.1 0.1
5522
1 120 0.1 0.1
5583
2 190 0.1 0.0
5516
3 190 0.1 0.0
5507
4 190 0.1 0.0
5560
25
0 14 0 48 122.98
681
1 23 3 32 672.87
3726
2 5 29 42 689.85
3820
3 14 3 31 132.01
731
4 14 21 43 383.21
2122
5 15 16 47 211.65
1172
6 16 4 47 524.61
2905
7 4 7 41 161.09
892
8 30 13 48 143.21
793
9 8 11 34 32.51
180
10 5 5 48 302.12
1673
11 10 7 47 508.18
2814
12 10 29 48 737.88
4086
13 11 1 44 786.46
4355
14 27 1 40 12.82
71
15 17 8 48 132.01
731
16 16 7 47 369.48
2046
17 7 12 37 79.46
440
18 21 1 26 23.84
132
19 9 5 25 179.87
996
20 14 0 38 174.63
967
21 31 0 36 318.56
1764
22 4 2 47 537.43
2976
23 9 25 47 13.36
74
24 5 17 47 267.63
1482
