30
1
5
0 170 0.1 0.1
5470
1 150 0.1 0.1
5358
2 130 0.0 0.1
5493
3 170 0.1 0.1
5331
4 150 0.1 0.1
5501
25
0 9 0 11 139.60
758
1 4 25 41 46.04
250
2 24 0 32 323.23
1755
3 5 9 41 75.88
412
4 25 3 33 245.69
1334
5 28 3 38 148.08
804
6 4 28 47 118.79
645
7 23 5 42 521.76
2833
8 8 25 40 588.99
3198
9 19 10 42 113.45
616
10 12 32 48 9.02
49
11 11 15 47 718.65
3902
12 2 0 10 228.38
1240
13 6 13 47 299.47
1626
14 27 12 44 230.95
1254
15 19 6 45 299.84
1628
16 27 0 48 801.16
4350
17 7 25 48 49.36
268
18 4 26 47 352.88
1916
19 10 32 48 188.59
1024
20 14 20 47 58.94
320
21 39 5 47 249.19
1353
22 20 6 44 438.15
2379
23 2 19 44 366.87
1992
24 16 5 30 185.09
1005
