30
1
5
0 190 0.1 0.0
5509
1 190 0.1 0.0
5528
2 170 0.1 0.1
5356
3 120 0.1 0.1
5404
4 130 0.0 0.1
5454
25
0 27 5 45 406.28
2214
1 5 10 44 54.32
296
2 40 5 47 11.19
61
3 4 0 31 695.48
3790
4 19 27 48 45.51
248
5 25 1 40 169.38
923
6 3 0 31 609.05
3319
7 9 9 47 33.76
184
8 9 2 48 461.70
2516
9 2 1 19 88.08
480
10 36 1 47 369.58
2014
11 3 11 48 146.07
796
12 12 7 24 65.51
357
13 24 8 45 174.15
949
14 37 6 48 205.16
1118
15 2 0 33 156.53
853
16 2 1 9 317.28
1729
17 8 0 42 326.82
1781
18 7 2 13 190.85
1040
19 26 0 42 53.22
290
20 16 4 48 19.27
105
21 5 29 48 517.12
2818
22 4 29 46 606.30
3304
23 3 18 48 476.20
2595
24 5 0 12 13.03
71
