30
1
5
0 120 0.1 0.1
5427
1 170 0.1 0.1
5472
2 120 0.1 0.1
5330
3 120 0.1 0.1
5312
4 170 0.1 0.1
5267
25
0 11 0 44 345.30
1851
1 15 2 25 126.11
676
2 8 9 41 93.46
501
3 1 0 36 353.14
1893
4 11 25 47 471.78
2529
5 23 12 47 442.49
2372
6 14 1 47 77.04
413
7 11 17 48 163.23
875
8 11 25 48 373.47
2002
9 14 6 34 358.17
1920
10 13 18 48 106.15
569
11 13 13 43 376.64
2019
12 6 9 48 172.37
924
13 6 37 48 328.14
1759
14 32 3 47 379.25
2033
15 4 0 40 390.45
2093
16 25 8 48 61.56
330
17 36 6 47 24.62
132
18 4 0 21 396.60
2126
19 16 6 43 36.00
193
20 1 0 34 365.82
1961
21 23 4 31 94.21
505
22 16 3 47 690.60
3702
23 2 45 48 18.84
101
24 2 42 47 545.10
2922
