30
1
5
0 120 0.1 0.1
5487
1 170 0.1 0.1
5561
2 170 0.1 0.1
5550
3 190 0.1 0.0
5413
4 150 0.1 0.1
5579
25
0 4 18 47 475.96
2626
1 24 13 47 547.19
3019
2 7 2 44 314.10
1733
3 14 5 47 536.49
2960
4 11 20 33 675.15
3725
5 8 1 48 231.45
1277
6 15 18 48 451.49
2491
7 5 20 48 264.26
1458
8 12 2 24 62.71
346
9 16 2 48 70.14
387
10 14 21 44 191.94
1059
11 8 7 38 242.87
1340
12 28 19 47 212.78
1174
13 1 0 46 302.86
1671
14 6 16 48 367.03
2025
15 12 18 35 172.37
951
16 28 0 44 239.43
1321
17 19 9 39 91.53
505
18 12 8 48 243.23
1342
19 15 1 22 56.73
313
20 11 10 47 243.96
1346
21 6 38 47 191.94
1059
22 1 0 10 152.25
840
23 13 0 36 634.37
3500
24 11 0 15 273.32
1508
