30
1
5
0 150 0.1 0.1
5518
1 130 0.0 0.1
5517
2 150 0.1 0.1
5634
3 170 0.1 0.1
5587
4 170 0.1 0.1
5391
25
0 19 3 44 400.86
2216
1 5 3 14 8.32
46
2 25 20 47 227.20
1256
3 6 16 47 22.97
127
4 4 15 37 307.52
1700
5 12 0 28 15.38
85
6 3 14 46 115.05
636
7 8 23 47 341.34
1887
8 2 8 48 687.21
3799
9 17 20 47 694.44
3839
10 21 7 37 319.09
1764
11 40 1 48 158.46
876
12 31 0 42 43.41
240
13 4 25 47 841.69
4653
14 19 3 43 502.16
2776
15 3 0 4 474.12
2621
16 25 9 44 10.49
58
17 36 0 44 11.94
66
18 3 0 11 188.67
1043
19 7 2 36 135.31
748
20 12 26 43 103.11
570
21 18 1 28 159.91
884
22 4 0 31 10.49
58
23 18 1 36 694.08
3837
24 7 5 48 84.11
465
