30
1
5
0 170 0.1 0.1
5428
1 170 0.1 0.1
5508
2 170 0.1 0.1
5420
3 170 0.1 0.1
5372
4 130 0.0 0.1
5547
25
0 14 16 47 562.68
3069
1 14 2 26 714.30
3896
2 37 1 45 518.13
2826
3 3 4 47 71.14
388
4 17 5 41 128.71
702
5 5 26 46 220.93
1205
6 9 0 42 137.32
749
7 6 33 48 660.22
3601
8 14 7 24 2.75
15
9 19 2 44 136.77
746
10 6 24 47 296.65
1618
11 3 38 48 47.67
260
12 13 10 48 57.39
313
13 2 32 47 736.85
4019
14 14 0 24 651.05
3551
15 7 3 36 740.15
4037
16 1 9 44 90.02
491
17 3 26 47 510.98
2787
18 16 16 48 3.30
18
19 4 20 45 24.20
132
20 20 19 48 141.91
774
21 1 5 40 56.10
306
22 36 9 48 483.29
2636
23 24 9 36 22.55
123
24 17 18 47 135.86
741
