30
1
5
0 170 0.1 0.1
5388
1 190 0.1 0.0
5583
2 130 0.0 0.1
5466
3 190 0.1 0.0
5280
4 120 0.1 0.1
5651
25
0 11 1 26 504.17
2758
1 9 5 43 266.53
1458
2 5 1 46 584.06
3195
3 3 4 39 572.72
3133
4 11 3 15 158.67
868
5 13 7 47 301.81
1651
6 7 0 23 177.32
970
7 1 5 30 37.84
207
8 23 2 30 562.30
3076
9 3 10 40 162.88
891
10 8 28 46 190.12
1040
11 14 10 47 286.82
1569
12 15 21 48 623.72
3412
13 7 21 45 132.53
725
14 27 10 47 380.78
2083
15 7 19 47 147.34
806
16 33 4 48 243.49
1332
17 11 4 25 259.58
1420
18 15 1 47 231.43
1266
19 9 0 20 236.73
1295
20 20 0 38 388.27
2124
21 13 3 33 46.43
254
22 4 0 17 34.18
187
23 1 5 11 540.91
2959
24 6 37 44 102.74
562
