30
1
5
0 130 0.0 0.1
5583
1 130 0.0 0.1
5378
2 190 0.1 0.0
5501
3 120 0.1 0.1
5569
4 130 0.0 0.1
5434
25
0 6 39 47 272.58
1497
1 10 0 48 617.46
3391
2 21 19 48 148.58
816
3 9 2 32 206.67
1135
4 22 11 47 240.72
1322
5 5 1 48 52.08
286
6 10 0 29 721.25
3961
7 7 7 36 768.04
4218
8 8 8 26 32.96
181
9 5 5 47 301.35
1655
10 25 5 48 418.07
2296
11 35 7 46 203.76
1119
12 5 0 48 229.43
1260
13 23 21 47 493.09
2708
14 18 22 47 170.98
939
15 24 10 46 351.97
1933
16 25 5 47 139.84
768
17 5 1 22 755.48
4149
18 5 0 9 409.33
2248
19 11 0 28 228.16
1253
20 9 0 38 585.77
3217
21 7 2 21 162.24
891
22 3 2 30 301.90
1658
23 17 24 42 212.13
1165
24 4 5 47 401.32
2204
