30
1
5
0 190 0.1 0.0
5561
1 120 0.1 0.1
5486
2 150 0.1 0.1
5430
3 120 0.1 0.1
5396
4 170 0.1 0.1
5482
25
0 15 1 18 248.79
1361
1 11 13 48 448.59
2454
2 8 1 35 774.53
4237
3 9 37 48 33.82
185
4 36 0 43 330.14
1806
5 6 9 43 243.31
1331
6 10 21 47 99.63
545
7 5 2 47 377.30
2064
8 32 1 46 272.01
1488
9 8 4 42 231.06
1264
10 11 1 47 431.78
2362
11 37 5 47 382.97
2095
12 2 0 27 287.18
1571
13 19 18 47 384.98
2106
14 29 0 47 177.32
970
15 13 0 34 185.91
1017
16 22 1 45 239.29
1309
17 8 9 43 47.71
261
18 12 1 33 383.70
2099
19 21 1 47 125.58
687
20 17 1 38 437.08
2391
21 2 0 43 285.90
1564
22 6 12 48 164.89
902
23 3 12 47 12.25
67
24 31 1 45 53.38
292
