30
1
5
0 130 0.0 0.1
5434
1 170 0.1 0.1
5524
2 170 0.1 0.1
5592
3 170 0.1 0.1
5637
4 190 0.1 0.0
5421
25
0 11 5 40 334.22
1845
1 3 0 46 275.89
1523
2 6 11 42 404.51
2233
3 16 5 47 780.94
4311
4 10 22 47 528.59
2918
5 14 7 40 691.09
3815
6 10 23 47 658.66
3636
7 7 0 24 44.38
245
8 6 0 46 262.30
1448
9 9 8 28 283.50
1565
10 30 2 45 265.38
1465
11 28 19 47 42.21
233
12 23 5 47 127.89
706
13 11 1 24 276.07
1524
14 11 9 47 283.32
1564
15 12 17 47 41.85
231
16 22 0 33 153.43
847
17 4 2 30 461.39
2547
18 4 3 9 284.41
1570
19 3 1 33 134.78
744
20 7 13 46 83.87
463
21 3 0 42 330.05
1822
22 40 5 47 894.52
4938
23 3 4 22 324.26
1790
24 5 0 42 171.01
944
