30
1
5
0 150 0.1 0.1
5427
1 130 0.0 0.1
5307
2 130 0.0 0.1
5470
3 130 0.0 0.1
5511
4 130 0.0 0.1
5623
25
0 19 21 47 229.80
1256
1 17 1 27 508.27
2778
2 19 17 48 479.54
2621
3 24 18 46 207.66
1135
4 11 13 44 295.30
1614
5 3 13 33 109.23
597
6 19 1 42 298.04
1629
7 11 0 32 360.98
1973
8 17 9 45 152.77
835
9 24 13 48 76.48
418
10 18 19 47 441.67
2414
11 3 21 47 330.06
1804
12 1 21 47 572.12
3127
13 8 3 30 356.96
1951
14 26 4 47 230.90
1262
15 2 13 47 113.80
622
16 1 12 48 180.03
984
17 20 1 45 199.06
1088
18 16 0 25 497.84
2721
19 14 5 24 185.16
1012
20 20 1 38 145.82
797
21 5 12 23 252.30
1379
22 14 27 46 561.51
3069
23 12 32 47 220.83
1207
24 15 28 44 184.79
1010
