30
1
5
0 190 0.1 0.0
5439
1 190 0.1 0.0
5442
2 190 0.1 0.0
5553
3 150 0.1 0.1
5540
4 170 0.1 0.1
5377
25
0 3 34 47 411.75
2252
1 20 13 48 365.67
2000
2 27 6 43 21.94
120
3 5 21 48 430.94
2357
4 10 13 39 51.38
281
5 22 7 36 475.92
2603
6 18 0 45 126.89
694
7 9 27 48 227.63
1245
8 9 36 47 73.68
403
9 24 12 45 516.51
2825
10 2 3 42 422.17
2309
11 11 34 48 281.38
1539
12 30 4 47 70.21
384
13 2 23 47 744.14
4070
14 10 12 43 338.25
1850
15 16 11 48 300.76
1645
16 18 1 30 106.96
585
17 36 4 45 178.81
978
18 32 3 45 147.55
807
19 5 18 47 24.32
133
20 23 2 30 203.31
1112
21 7 1 34 305.52
1671
22 15 0 21 431.68
2361
23 3 34 47 343.37
1878
24 2 16 48 155.23
849
