30
1
5
0 120 0.1 0.1
5323
1 120 0.1 0.1
5400
2 170 0.1 0.1
5481
3 170 0.1 0.1
5486
4 130 0.0 0.1
5601
25
0 9 13 48 384.12
2096
1 11 22 48 234.03
1277
2 14 14 36 166.22
907
3 27 5 47 457.24
2495
4 10 4 42 272.70
1488
5 1 3 38 189.49
1034
6 17 15 46 87.23
476
7 18 21 43 48.93
267
8 19 1 37 75.87
414
9 7 25 48 466.22
2544
10 5 0 46 135.62
740
11 9 2 48 313.93
1713
12 22 8 48 523.40
2856
13 24 6 47 113.62
620
14 10 4 44 89.07
486
15 35 2 40 496.46
2709
16 34 0 35 317.60
1733
17 6 10 47 117.84
643
18 12 6 47 166.22
907
19 7 13 48 620.71
3387
20 1 19 43 285.71
1559
21 14 1 48 64.33
351
22 5 23 47 522.12
2849
23 9 17 48 259.32
1415
24 21 6 40 112.71
615
