30
1
5
0 190 0.1 0.0
5468
1 190 0.1 0.0
5554
2 190 0.1 0.0
5544
3 150 0.1 0.1
5628
4 170 0.1 0.1
5431
25
0 7 2 47 298.69
1650
1 18 6 38 382.68
2114
2 5 9 43 81.46
450
3 2 0 25 117.85
651
4 17 1 37 85.26
471
5 20 4 47 671.06
3707
6 10 0 13 604.80
3341
7 21 1 47 358.61
1981
8 12 14 47 333.26
1841
9 8 2 17 198.76
1098
10 14 30 48 283.66
1567
11 7 12 34 90.69
501
12 3 5 33 10.32
57
13 18 0 36 292.17
1614
14 14 21 48 524.06
2895
15 4 27 45 447.31
2471
16 9 4 17 42.90
237
17 10 37 48 130.52
721
18 8 10 33 447.31
2471
19 29 12 47 11.77
65
20 8 14 47 342.13
1890
21 25 1 47 181.20
1001
22 18 11 43 330.37
1825
23 8 13 48 223.75
1236
24 5 1 32 117.67
650
