30
1
5
0 130 0.0 0.1
5505
1 130 0.0 0.1
5492
2 170 0.1 0.1
5529
3 190 0.1 0.0
5594
4 150 0.1 0.1
5604
25
0 23 17 47 25.97
144
1 7 30 48 17.13
95
2 17 27 47 480.30
2663
3 28 2 42 58.44
324
4 25 8 44 31.02
172
5 9 5 48 664.81
3686
6 12 3 27 541.99
3005
7 10 0 47 43.29
240
8 21 0 47 659.22
3655
9 22 24 47 75.21
417
10 18 0 36 744.35
4127
11 3 11 26 13.53
75
12 1 17 18 605.65
3358
13 12 3 19 10.10
56
14 20 1 47 163.77
908
15 13 0 30 75.57
419
16 23 0 40 112.37
623
17 21 14 37 91.98
510
18 2 7 48 151.86
842
19 21 23 47 178.92
992
20 14 0 22 784.03
4347
21 4 18 47 495.45
2747
22 15 0 24 545.41
3024
23 3 11 48 396.80
2200
24 8 6 16 98.30
545
