30
1
5
0 150 0.1 0.1
5592
1 170 0.1 0.1
5606
2 120 0.1 0.1
5776
3 120 0.1 0.1
5543
4 170 0.1 0.1
5423
25
0 15 9 40 272.12
1520
1 16 23 47 488.21
2727
2 5 27 48 181.18
1012
3 13 6 23 510.59
2852
4 11 9 28 172.40
963
5 18 20 48 141.97
793
6 12 5 38 495.37
2767
7 12 9 48 67.67
378
8 4 3 46 0.54
3
9 9 4 42 119.23
666
10 11 17 31 35.98
201
11 8 0 19 181.71
1015
12 10 2 24 331.56
1852
13 22 20 47 531.36
2968
14 15 5 45 422.69
2361
15 9 1 48 191.56
1070
16 15 3 45 129.44
723
17 14 12 45 166.86
932
18 7 0 34 711.46
3974
19 13 5 47 224.86
1256
20 10 6 27 199.44
1114
21 17 15 47 573.61
3204
22 34 1 48 193.53
1081
23 7 2 24 34.02
190
24 27 13 47 0.54
3
