30
1
5
0 150 0.1 0.1
5597
1 190 0.1 0.0
5269
2 120 0.1 0.1
5384
3 120 0.1 0.1
5640
4 130 0.0 0.1
5515
25
0 14 3 29 250.30
1371
1 19 1 28 201.55
1104
2 22 13 41 251.21
1376
3 1 8 25 34.50
189
4 12 4 47 201.37
1103
5 13 0 48 441.44
2418
6 21 3 48 41.99
230
7 15 20 45 355.27
1946
8 16 17 39 7.49
41
9 12 12 47 744.68
4079
10 12 17 48 125.42
687
11 15 0 23 180.19
987
12 13 5 38 637.15
3490
13 5 28 47 341.21
1869
14 22 5 48 717.29
3929
15 7 3 20 18.26
100
16 6 27 47 388.31
2127
17 1 21 44 473.39
2593
18 19 3 46 313.10
1715
19 4 12 48 247.19
1354
20 28 11 47 169.42
928
21 7 16 34 207.21
1135
22 24 23 48 175.99
964
23 11 20 48 37.97
208
24 10 0 23 7.49
41
