30
1
5
0 170 0.1 0.1
5464
1 190 0.1 0.0
5504
2 150 0.1 0.1
5577
3 150 0.1 0.1
5444
4 190 0.1 0.0
5500
25
0 21 1 41 101.32
557
1 22 4 36 759.08
4173
2 5 37 48 36.20
199
3 18 7 39 166.62
916
4 16 0 45 34.38
189
5 33 10 46 209.55
1152
6 24 4 34 448.57
2466
7 3 42 48 680.68
3742
8 3 0 26 593.91
3265
9 12 15 43 482.23
2651
10 26 21 48 187.91
1033
11 1 0 29 128.42
706
12 22 2 48 312.87
1720
13 19 4 26 66.03
363
14 3 7 48 446.21
2453
15 18 8 47 40.93
225
16 1 17 45 198.09
1089
17 11 1 26 214.83
1181
18 35 1 45 274.31
1508
19 1 0 39 173.90
956
20 1 18 47 170.99
940
21 13 10 48 191.36
1052
22 18 29 47 244.30
1343
23 5 0 22 148.80
818
24 15 31 48 522.24
2871
