30
1
5
0 130 0.0 0.1
5535
1 130 0.0 0.1
5478
2 190 0.1 0.0
5411
3 150 0.1 0.1
5629
4 150 0.1 0.1
5476
25
0 25 6 46 201.82
1111
1 27 14 44 95.19
524
2 16 3 42 419.09
2307
3 19 18 41 90.10
496
4 4 2 48 249.78
1375
5 26 1 47 633.81
3489
6 21 18 45 412.91
2273
7 7 4 14 73.75
406
8 12 34 47 239.79
1320
9 2 1 34 158.41
872
10 17 0 39 116.26
640
11 5 0 21 202.00
1112
12 6 2 48 345.51
1902
13 8 19 47 499.38
2749
14 5 0 35 120.80
665
15 36 4 46 694.30
3822
16 4 2 47 649.07
3573
17 25 1 46 638.53
3515
18 6 0 24 612.19
3370
19 15 20 45 89.01
490
20 20 5 47 244.88
1348
21 33 4 40 317.72
1749
22 4 40 47 148.96
820
23 4 3 13 767.69
4226
24 3 41 47 705.56
3884
