30
1
5
0 130 0.0 0.1
5632
1 190 0.1 0.0
5674
2 190 0.1 0.0
5305
3 170 0.1 0.1
5511
4 150 0.1 0.1
5610
25
0 26 3 41 72.70
403
1 24 0 28 146.13
810
2 15 12 47 120.33
667
3 18 11 45 12.45
69
4 15 0 43 179.68
996
5 3 34 48 262.12
1453
6 6 10 47 745.96
4135
7 38 1 41 22.19
123
8 12 22 45 421.42
2336
9 3 23 48 624.37
3461
10 5 11 48 16.06
89
11 4 35 47 609.22
3377
12 10 3 26 565.02
3132
13 10 12 48 698.34
3871
14 26 2 43 237.41
1316
15 4 12 47 527.49
2924
16 15 22 48 163.99
909
17 3 0 48 241.92
1341
18 4 9 48 90.38
501
19 23 1 42 404.64
2243
20 3 32 45 51.23
284
21 25 0 41 461.29
2557
22 11 3 45 175.89
975
23 26 17 45 192.31
1066
24 18 4 26 121.77
675
