30
1
5
0 120 0.1 0.1
5622
1 150 0.1 0.1
5383
2 150 0.1 0.1
5455
3 150 0.1 0.1
5408
4 170 0.1 0.1
5460
25
0 3 0 30 333.62
1823
1 37 5 47 37.15
203
2 4 28 47 143.29
783
3 4 0 27 29.83
163
4 13 7 39 213.57
1167
5 29 0 41 382.11
2088
6 16 0 48 270.85
1480
7 5 0 16 337.46
1844
8 17 27 46 60.57
331
9 3 1 38 66.25
362
10 29 0 48 663.03
3623
11 4 0 26 893.06
4880
12 15 32 48 182.09
995
13 7 1 42 483.31
2641
14 30 8 47 457.15
2498
15 3 0 18 242.48
1325
16 11 3 26 351.37
1920
17 17 3 35 430.06
2350
18 2 9 48 249.44
1363
19 32 7 47 77.41
423
20 4 41 48 616.36
3368
21 2 44 47 46.48
254
22 3 1 46 755.26
4127
23 28 0 42 132.86
726
24 10 2 48 271.58
1484
