30
1
5
0 130 0.0 0.1
5587
1 150 0.1 0.1
5399
2 120 0.1 0.1
5518
3 190 0.1 0.0
5510
4 130 0.0 0.1
5586
25
0 2 9 46 50.73
280
1 9 12 47 531.42
2933
2 14 11 40 33.16
183
3 22 1 45 237.90
1313
4 31 3 43 387.56
2139
5 7 17 29 369.80
2041
6 15 9 48 415.83
2295
7 23 9 48 288.27
1591
8 10 34 47 299.50
1653
9 23 3 42 546.64
3017
10 39 0 46 44.57
246
11 6 30 47 39.86
220
12 28 2 41 158.36
874
13 10 11 39 295.70
1632
14 25 1 39 253.30
1398
15 13 0 38 342.81
1892
16 15 6 25 29.53
163
17 19 3 40 397.71
2195
18 4 13 27 90.41
499
19 11 2 41 64.68
357
20 11 0 48 189.52
1046
21 12 18 47 738.16
4074
22 18 16 47 300.77
1660
23 24 10 48 449.89
2483
24 5 0 38 210.18
1160
