30
1
5
0 170 0.1 0.1
5359
1 190 0.1 0.0
5588
2 120 0.1 0.1
5653
3 130 0.0 0.1
5501
4 150 0.1 0.1
5383
25
0 23 8 47 378.02
2077
1 24 12 48 269.00
1478
2 5 41 47 378.56
2080
3 6 22 48 205.30
1128
4 4 0 32 286.29
1573
5 5 5 13 5.82
32
6 24 0 29 164.35
903
7 22 23 47 364.55
2003
8 19 10 30 195.83
1076
9 30 6 42 155.25
853
10 8 1 39 166.71
916
11 6 8 22 96.82
532
12 16 2 48 276.64
1520
13 5 15 48 413.33
2271
14 21 7 48 562.57
3091
15 7 25 42 218.04
1198
16 7 12 48 340.71
1872
17 13 0 33 370.37
2035
18 7 17 47 338.34
1859
19 3 1 45 475.21
2611
20 3 25 39 116.12
638
21 4 0 41 5.82
32
22 14 1 19 295.57
1624
23 28 0 42 640.28
3518
24 3 15 31 48.05
264
