30
1
5
0 170 0.1 0.1
5543
1 190 0.1 0.0
5518
2 170 0.1 0.1
5599
3 150 0.1 0.1
5550
4 130 0.0 0.1
5461
25
0 16 8 24 92.70
513
1 3 2 48 616.21
3410
2 39 2 42 305.21
1689
3 33 1 47 231.49
1281
4 4 37 47 108.42
600
5 3 1 16 338.10
1871
6 18 17 44 697.17
3858
7 12 0 24 115.47
639
8 4 0 17 290.94
1610
9 13 9 30 729.51
4037
10 5 12 47 444.18
2458
11 7 9 48 82.04
454
12 3 33 47 39.76
220
13 38 0 42 69.03
382
14 22 13 45 81.50
451
15 22 9 47 356.53
1973
16 11 0 36 168.96
935
17 36 4 45 398.46
2205
18 6 26 47 71.02
393
19 19 9 45 156.49
866
20 2 37 43 267.99
1483
21 20 27 47 173.12
958
22 13 7 45 573.74
3175
23 20 3 41 81.32
450
24 22 18 41 510.32
2824
