30
1
5
0 170 0.1 0.1
5415
1 120 0.1 0.1
5600
2 120 0.1 0.1
5335
3 190 0.1 0.0
5599
4 120 0.1 0.1
5489
25
0 22 13 44 61.62
338
1 10 8 45 80.94
444
2 20 5 33 852.77
4678
3 5 6 42 839.65
4606
4 7 14 47 873.37
4791
5 8 19 48 423.47
2323
6 30 0 43 408.52
2241
7 10 1 39 36.09
198
8 14 1 23 700.01
3840
9 13 26 48 237.53
1303
10 6 31 48 144.38
792
11 27 7 44 318.83
1749
12 6 23 40 39.56
217
13 29 8 42 157.50
864
14 5 14 42 11.30
62
15 11 4 40 388.29
2130
16 2 9 47 721.88
3960
17 9 4 47 103.73
569
18 28 4 47 177.74
975
19 11 6 44 109.56
601
20 24 4 40 170.26
934
21 16 7 47 211.46
1160
22 6 3 19 164.79
904
23 7 5 42 316.65
1737
24 6 21 48 58.52
321
