30
1
5
0 120 0.1 0.1
5479
1 170 0.1 0.1
5499
2 170 0.1 0.1
5554
3 150 0.1 0.1
5485
4 120 0.1 0.1
5474
25
0 11 13 48 854.49
4698
1 14 0 30 374.86
2061
2 25 3 42 179.88
989
3 10 25 48 35.83
197
4 10 2 20 220.81
1214
5 17 13 45 28.92
159
6 27 1 47 121.50
668
7 14 6 35 215.17
1183
8 31 2 48 561.29
3086
9 1 0 29 43.11
237
10 20 6 35 300.29
1651
11 7 20 48 393.41
2163
12 3 2 18 363.77
2000
13 46 0 47 74.94
412
14 12 28 48 132.41
728
15 31 6 48 157.33
865
16 1 0 8 783.01
4305
17 21 9 33 231.35
1272
18 13 1 37 286.83
1577
19 7 40 48 633.50
3483
20 17 11 31 425.79
2341
21 31 2 44 412.15
2266
22 5 0 15 61.66
339
23 9 0 28 271.19
1491
24 4 0 16 310.29
1706
