30
1
5
0 120 0.1 0.1
5515
1 170 0.1 0.1
5467
2 120 0.1 0.1
5501
3 130 0.0 0.1
5381
4 170 0.1 0.1
5409
25
0 21 14 46 201.50
1099
1 7 1 48 70.04
382
2 31 16 47 306.37
1671
3 1 18 48 142.09
775
4 34 2 48 286.94
1565
5 34 3 48 312.79
1706
6 12 2 48 369.08
2013
7 7 0 19 363.58
1983
8 19 1 47 182.61
996
9 2 20 42 12.83
70
10 25 9 41 36.12
197
11 16 6 42 304.54
1661
12 3 4 48 268.79
1466
13 29 1 33 227.90
1243
14 10 22 48 453.42
2473
15 9 0 48 672.15
3666
16 7 0 13 492.47
2686
17 34 0 48 81.59
445
18 1 13 30 327.28
1785
19 24 6 47 777.95
4243
20 2 27 42 93.51
510
21 6 1 30 314.63
1716
22 20 3 37 155.48
848
23 3 27 47 290.61
1585
24 6 5 23 180.78
986
