30
1
5
0 120 0.1 0.1
5506
1 130 0.0 0.1
5452
2 120 0.1 0.1
5481
3 130 0.0 0.1
5490
4 170 0.1 0.1
5557
25
0 11 16 42 44.39
244
1 22 2 35 517.56
2845
2 1 0 19 436.60
2400
3 16 15 47 285.25
1568
4 11 17 47 115.88
637
5 16 25 48 123.16
677
6 20 10 48 46.03
253
7 15 0 29 4.18
23
8 13 1 32 155.36
854
9 33 4 41 149.72
823
10 18 4 48 4.73
26
11 16 27 47 529.20
2909
12 21 0 48 278.70
1532
13 7 30 46 372.02
2045
14 8 2 31 145.53
800
15 4 37 47 56.94
313
16 11 1 34 44.02
242
17 16 2 43 702.75
3863
18 17 5 44 101.51
558
19 10 12 46 157.00
863
20 27 1 36 169.55
932
21 34 4 47 770.06
4233
22 26 19 48 160.45
882
23 9 21 47 113.70
625
24 41 3 47 374.93
2061
