30
1
5
0 190 0.1 0.0
5459
1 120 0.1 0.1
5491
2 150 0.1 0.1
5421
3 170 0.1 0.1
5544
4 190 0.1 0.0
5568
25
0 3 3 47 55.86
307
1 14 7 46 410.47
2256
2 12 2 38 179.95
989
3 21 21 46 284.57
1564
4 2 17 48 503.63
2768
5 4 15 47 729.07
4007
6 3 8 47 197.05
1083
7 3 16 47 648.65
3565
8 5 27 48 14.19
78
9 27 1 42 363.17
1996
10 10 5 25 389.73
2142
11 10 0 26 28.75
158
12 3 4 47 78.24
430
13 9 0 21 28.38
156
14 15 2 33 313.50
1723
15 6 14 47 200.32
1101
16 8 1 9 510.73
2807
17 6 39 48 546.21
3002
18 18 1 48 389.37
2140
19 24 17 46 17.65
97
20 22 16 48 277.83
1527
21 30 5 48 29.11
160
22 17 4 40 166.12
913
23 2 40 48 874.44
4806
24 32 4 47 24.93
137
