30
1
5
0 170 0.1 0.1
5563
1 150 0.1 0.1
5446
2 190 0.1 0.0
5524
3 170 0.1 0.1
5482
4 170 0.1 0.1
5497
25
0 4 16 40 160.48
883
1 25 1 47 377.49
2077
2 6 8 35 364.77
2007
3 6 0 19 65.97
363
4 7 1 29 132.49
729
5 12 11 48 169.57
933
6 1 4 47 257.36
1416
7 22 16 48 225.37
1240
8 6 3 22 261.72
1440
9 12 0 18 338.78
1864
10 12 0 36 748.26
4117
11 1 13 47 241.18
1327
12 29 0 38 265.17
1459
13 26 2 43 639.57
3519
14 33 12 47 482.54
2655
15 10 28 48 334.96
1843
16 20 18 48 84.69
466
17 35 7 47 232.09
1277
18 14 2 48 227.55
1252
19 16 19 48 224.46
1235
20 5 13 41 365.68
2012
21 4 9 33 355.14
1954
22 11 2 18 86.69
477
23 25 10 47 330.42
1818
24 14 2 45 310.61
1709
