30
1
5
0 120 0.1 0.1
5492
1 150 0.1 0.1
5486
2 170 0.1 0.1
5318
3 190 0.1 0.0
5606
4 170 0.1 0.1
5446
25
0 12 4 45 277.98
1520
1 13 3 44 143.56
785
2 6 14 48 119.24
652
3 2 8 47 203.18
1111
4 25 1 42 600.58
3284
5 21 1 48 336.50
1840
6 23 3 32 180.50
987
7 12 7 26 63.28
346
8 9 16 47 243.23
1330
9 4 18 48 617.22
3375
10 22 0 30 274.51
1501
11 28 12 46 134.05
733
12 13 10 33 290.78
1590
13 35 1 48 246.71
1349
14 44 1 46 369.97
2023
15 40 2 46 20.85
114
16 8 0 36 442.57
2420
17 23 22 48 105.34
576
18 15 15 47 371.25
2030
19 17 9 44 287.67
1573
20 6 31 48 162.76
890
21 22 12 48 321.87
1760
22 2 40 47 509.32
2785
23 7 11 47 275.79
1508
24 10 23 44 601.31
3288
