30
1
5
0 130 0.0 0.1
5564
1 190 0.1 0.0
5560
2 120 0.1 0.1
5454
3 150 0.1 0.1
5574
4 120 0.1 0.1
5401
25
0 2 0 10 200.37
1104
1 10 26 47 145.02
799
2 44 3 48 283.32
1561
3 23 6 46 46.46
256
4 23 0 32 175.15
965
5 20 3 48 534.69
2946
6 5 8 48 44.83
247
7 1 2 30 434.87
2396
8 24 1 28 357.19
1968
9 37 5 47 116.70
643
10 14 6 43 225.24
1241
11 15 30 47 87.85
484
12 11 3 28 144.47
796
13 4 31 48 592.95
3267
14 12 26 47 218.16
1202
15 1 0 12 220.52
1215
16 31 14 47 131.22
723
17 1 0 17 120.88
666
18 23 14 48 233.95
1289
19 1 0 45 392.22
2161
20 19 7 30 729.44
4019
21 19 6 48 528.34
2911
22 26 0 27 155.54
857
23 2 0 38 443.04
2441
24 17 7 48 278.60
1535
