30
1
5
0 130 0.0 0.1
5588
1 150 0.1 0.1
5545
2 190 0.1 0.0
5578
3 170 0.1 0.1
5384
4 190 0.1 0.0
5470
25
0 3 0 13 558.97
3081
1 2 13 47 248.37
1369
2 10 0 34 10.34
57
3 30 15 48 205.92
1135
4 2 23 48 60.96
336
5 15 5 42 611.04
3368
6 11 4 36 497.10
2740
7 29 8 47 154.21
850
8 12 0 14 832.38
4588
9 15 32 47 526.31
2901
10 12 9 47 259.44
1430
11 4 8 27 36.10
199
12 31 2 46 491.30
2708
13 24 17 47 88.72
489
14 18 2 43 329.10
1814
15 9 4 48 72.03
397
16 11 0 12 570.40
3144
17 12 17 47 445.40
2455
18 16 1 28 66.40
366
19 9 10 46 348.52
1921
20 1 0 6 251.09
1384
21 4 4 34 70.94
391
22 18 29 48 173.80
958
23 23 1 47 137.88
760
24 20 6 44 88.35
487
