30
1
5
0 190 0.1 0.0
5516
1 170 0.1 0.1
5523
2 130 0.0 0.1
5343
3 150 0.1 0.1
5522
4 130 0.0 0.1
5522
25
0 5 0 43 164.65
903
1 8 0 37 14.59
80
2 21 5 40 771.66
4232
3 10 0 23 147.33
808
4 22 15 47 202.76
1112
5 6 23 48 35.01
192
6 9 0 25 491.77
2697
7 15 9 47 444.55
2438
8 3 5 26 593.33
3254
9 4 27 47 16.41
90
10 4 0 17 794.64
4358
11 22 9 48 16.96
93
12 5 22 47 18.23
100
13 44 0 46 97.73
536
14 1 28 48 72.94
400
15 8 27 48 103.93
570
16 20 5 39 31.18
171
17 27 0 43 95.73
525
18 6 1 21 373.43
2048
19 8 19 48 706.20
3873
20 1 7 47 683.05
3746
21 4 1 47 54.88
301
22 16 0 20 145.51
798
23 4 7 40 546.66
2998
24 26 0 39 70.75
388
