30
1
5
0 130 0.0 0.1
5519
1 150 0.1 0.1
5563
2 170 0.1 0.1
5514
3 150 0.1 0.1
5499
4 130 0.0 0.1
5343
25
0 2 3 46 161.67
887
1 6 1 14 318.23
1746
2 32 10 48 673.47
3695
3 5 7 45 246.06
1350
4 10 0 25 122.30
671
5 13 6 21 281.05
1542
6 1 0 27 13.12
72
7 20 7 46 117.38
644
8 27 12 47 222.91
1223
9 9 6 43 141.44
776
10 7 0 27 522.37
2866
11 4 0 31 17.68
97
12 28 4 48 322.06
1767
13 17 6 47 223.09
1224
14 1 0 4 307.11
1685
15 26 16 48 341.38
1873
16 4 1 16 212.70
1167
17 38 4 48 218.35
1198
18 17 28 48 132.32
726
19 17 12 48 164.04
900
20 1 0 41 513.62
2818
21 18 15 48 192.47
1056
22 13 24 48 560.83
3077
23 8 11 38 256.26
1406
24 2 10 32 333.18
1828
