30
1
5
0 190 0.1 0.0
5604
1 150 0.1 0.1
5312
2 130 0.0 0.1
5348
3 130 0.0 0.1
5448
4 150 0.1 0.1
5278
25
0 7 0 21 43.55
235
1 28 4 47 197.57
1066
2 35 2 47 203.87
1100
3 7 2 39 173.66
937
4 15 18 39 489.48
2641
5 9 10 48 205.73
1110
6 4 25 47 475.95
2568
7 7 35 48 29.65
160
8 12 0 47 231.30
1248
9 1 0 8 143.08
772
10 39 4 43 415.35
2241
11 7 0 41 663.33
3579
12 19 6 37 317.12
1711
13 11 20 48 18.16
98
14 8 7 48 537.12
2898
15 8 2 15 265.04
1430
16 9 0 23 180.34
973
17 18 15 46 17.05
92
18 4 32 48 370.31
1998
19 18 3 35 242.98
1311
20 24 10 47 238.53
1287
21 8 2 45 671.49
3623
22 22 9 47 547.50
2954
23 10 28 48 210.73
1137
24 1 0 7 389.21
2100
