30
1
5
0 170 0.1 0.1
5652
1 170 0.1 0.1
5514
2 130 0.0 0.1
5372
3 150 0.1 0.1
5532
4 190 0.1 0.0
5460
25
0 21 5 36 545.92
3005
1 18 1 48 9.27
51
2 10 14 42 533.02
2934
3 3 0 41 223.09
1228
4 21 17 47 286.86
1579
5 24 15 48 244.71
1347
6 6 0 48 123.72
681
7 27 16 47 212.92
1172
8 25 1 30 832.96
4585
9 2 1 48 84.66
466
10 23 19 45 500.50
2755
11 9 6 47 282.68
1556
12 33 4 48 271.42
1494
13 30 10 45 88.11
485
14 3 0 3 650.74
3582
15 9 14 48 258.15
1421
16 15 1 43 96.83
533
17 9 37 47 411.30
2264
18 1 3 32 194.93
1073
19 3 36 47 469.25
2583
20 6 5 38 295.76
1628
21 24 23 47 160.96
886
22 8 2 41 239.62
1319
23 6 4 48 93.56
515
24 3 1 29 260.33
1433
