30
1
5
0 190 0.1 0.0
5385
1 170 0.1 0.1
5518
2 120 0.1 0.1
5468
3 120 0.1 0.1
5642
4 170 0.1 0.1
5480
25
0 32 0 43 208.46
1146
1 5 0 15 223.20
1227
2 14 20 45 22.37
123
3 33 12 48 38.38
211
4 19 0 43 159.71
878
5 2 26 48 207.01
1138
6 3 0 26 451.31
2481
7 8 4 48 138.25
760
8 15 14 35 307.24
1689
9 32 11 48 295.60
1625
10 2 0 17 170.63
938
11 8 3 24 39.29
216
12 10 27 47 548.45
3015
13 29 1 44 383.46
2108
14 35 5 47 282.14
1551
15 10 22 48 25.47
140
16 12 7 48 38.75
213
17 11 9 29 73.85
406
18 8 14 44 543.90
2990
19 10 8 47 228.84
1258
20 14 31 47 419.11
2304
21 14 1 26 234.84
1291
22 10 5 48 240.30
1321
23 5 0 21 342.71
1884
24 8 4 33 767.65
4220
