30
1
5
0 130 0.0 0.1
5563
1 170 0.1 0.1
5546
2 190 0.1 0.0
5448
3 150 0.1 0.1
5681
4 130 0.0 0.1
5585
25
0 32 3 48 200.59
1116
1 7 1 34 469.30
2611
2 12 23 38 830.76
4622
3 2 27 47 480.26
2672
4 30 2 34 8.63
48
5 27 6 47 389.50
2167
6 25 1 48 58.24
324
7 8 35 47 4.49
25
8 8 20 46 9.17
51
9 23 21 47 137.14
763
10 2 24 47 50.69
282
11 12 10 48 15.10
84
12 11 7 48 355.71
1979
13 13 2 15 717.70
3993
14 16 17 47 305.56
1700
15 4 6 38 127.97
712
16 8 1 12 394.71
2196
17 16 1 47 436.59
2429
18 7 27 47 132.11
735
19 32 1 38 8.45
47
20 14 8 37 18.51
103
21 21 18 42 289.20
1609
22 23 3 47 522.86
2909
23 19 14 47 145.95
812
24 8 29 48 407.47
2267
