30
1
5
0 120 0.1 0.1
5547
1 150 0.1 0.1
5474
2 170 0.1 0.1
5427
3 170 0.1 0.1
5558
4 190 0.1 0.0
5472
25
0 39 4 47 49.68
273
1 16 1 27 153.59
844
2 15 1 28 324.47
1783
3 28 9 44 794.88
4368
4 11 5 47 326.83
1796
5 25 18 47 178.70
982
6 4 1 29 216.19
1188
7 26 7 43 184.71
1015
8 14 8 37 74.61
410
9 5 3 43 604.90
3324
10 13 4 37 264.96
1456
11 6 17 47 28.21
155
12 3 1 47 494.80
2719
13 6 4 13 201.09
1105
14 23 24 48 276.61
1520
15 5 0 45 168.69
927
16 26 1 47 440.21
2419
17 23 9 38 115.37
634
18 4 0 12 374.33
2057
19 19 2 48 417.64
2295
20 25 17 47 302.08
1660
21 8 18 47 787.60
4328
22 28 5 48 115.01
632
23 4 0 10 717.00
3940
24 27 2 48 477.88
2626
