30
1
5
0 120 0.1 0.1
5496
1 120 0.1 0.1
5432
2 190 0.1 0.0
5580
3 120 0.1 0.1
5708
4 120 0.1 0.1
5462
25
0 14 19 47 11.93
66
1 12 5 36 433.88
2401
2 41 0 45 322.02
1782
3 4 15 48 28.91
160
4 28 7 47 88.37
489
5 1 25 48 82.76
458
6 20 9 36 531.64
2942
7 10 17 32 502.91
2783
8 12 5 46 90.53
501
9 1 29 48 311.36
1723
10 37 2 43 145.65
806
11 18 2 36 687.95
3807
12 6 24 47 88.00
487
13 18 16 43 128.84
713
14 10 23 47 296.54
1641
15 12 4 42 73.19
405
16 2 1 33 281.72
1559
17 4 16 48 395.39
2188
18 23 16 48 713.61
3949
19 17 0 46 261.30
1446
20 8 33 48 235.82
1305
21 22 1 43 18.79
104
22 13 11 48 509.05
2817
23 14 29 47 166.07
919
24 37 1 44 284.43
1574
