30
1
5
0 130 0.0 0.1
5513
1 170 0.1 0.1
5533
2 190 0.1 0.0
5465
3 150 0.1 0.1
5568
4 130 0.0 0.1
5516
25
0 1 0 40 265.28
1464
1 30 5 47 223.24
1232
2 6 23 48 140.79
777
3 11 33 48 437.78
2416
4 8 0 16 384.69
2123
5 1 0 21 156.74
865
6 25 0 44 269.44
1487
7 27 7 41 163.98
905
8 14 10 37 634.56
3502
9 1 19 42 135.36
747
10 2 0 16 417.30
2303
11 8 15 47 542.33
2993
12 6 24 47 75.38
416
13 21 1 39 107.09
591
14 27 10 44 282.49
1559
15 31 10 45 429.26
2369
16 1 12 29 169.96
938
17 14 28 48 205.30
1133
18 18 16 39 54.72
302
19 20 1 33 100.75
556
20 24 0 29 109.81
606
21 10 16 45 209.83
1158
22 12 1 47 133.91
739
23 3 11 47 296.08
1634
24 21 11 48 553.20
3053
