30
1
5
0 190 0.1 0.0
5466
1 190 0.1 0.0
5474
2 150 0.1 0.1
5483
3 170 0.1 0.1
5643
4 190 0.1 0.0
5625
25
0 24 5 48 210.04
1163
1 10 1 19 297.09
1645
2 20 26 48 447.53
2478
3 28 1 35 553.54
3065
4 17 23 47 317.68
1759
5 9 14 38 124.25
688
6 8 5 47 313.88
1738
7 10 0 46 302.32
1674
8 15 27 48 86.69
480
9 11 11 48 29.26
162
10 11 11 35 51.47
285
11 25 1 31 293.66
1626
12 30 7 47 484.01
2680
13 8 1 34 532.95
2951
14 8 1 18 152.79
846
15 12 12 48 327.43
1813
16 5 8 48 552.28
3058
17 5 12 34 383.96
2126
18 12 20 47 178.43
988
19 13 0 40 479.67
2656
20 5 40 48 443.19
2454
21 20 7 47 231.71
1283
22 19 0 47 29.26
162
23 26 3 48 133.28
738
24 15 25 44 308.83
1710
