30
1
5
0 190 0.1 0.0
5492
1 170 0.1 0.1
5553
2 150 0.1 0.1
5411
3 150 0.1 0.1
5401
4 130 0.0 0.1
5500
25
0 14 0 48 335.05
1833
1 2 0 44 206.55
1130
2 2 0 23 72.20
395
3 2 21 47 99.62
545
4 18 2 38 202.90
1110
5 23 19 47 390.62
2137
6 23 20 48 462.64
2531
7 2 0 48 200.52
1097
8 5 0 15 274.73
1503
9 2 0 46 325.00
1778
10 6 2 42 553.12
3026
11 8 0 17 158.30
866
12 4 2 37 186.26
1019
13 20 8 36 387.88
2122
14 25 11 47 235.61
1289
15 2 14 48 678.51
3712
16 2 41 47 204.72
1120
17 2 41 47 613.99
3359
18 12 15 46 193.76
1060
19 18 4 47 198.87
1088
20 11 6 47 306.90
1679
21 16 5 48 201.43
1102
22 12 24 48 30.53
167
23 17 0 45 202.35
1107
24 34 6 46 619.29
3388
