30
1
5
0 130 0.0 0.1
5475
1 130 0.0 0.1
5514
2 190 0.1 0.0
5645
3 130 0.0 0.1
5430
4 190 0.1 0.0
5484
25
0 13 6 37 141.60
780
1 13 0 47 606.86
3343
2 18 26 48 22.69
125
3 19 1 27 840.31
4629
4 2 7 30 37.03
204
5 35 8 45 191.15
1053
6 2 0 22 237.08
1306
7 22 1 45 245.61
1353
8 19 3 38 207.67
1144
9 21 11 47 293.54
1617
10 4 10 47 259.23
1428
11 18 2 33 112.19
618
12 23 5 48 40.66
224
13 13 3 45 723.23
3984
14 25 20 47 78.06
430
15 14 0 20 601.24
3312
16 11 3 37 55.73
307
17 23 24 47 568.02
3129
18 15 22 45 259.59
1430
19 15 2 33 276.84
1525
20 16 25 47 423.15
2331
21 9 0 34 272.12
1499
22 17 12 48 486.51
2680
23 2 0 3 81.15
447
24 3 32 48 579.82
3194
