30
1
5
0 170 0.1 0.1
5564
1 130 0.0 0.1
5591
2 130 0.0 0.1
5393
3 150 0.1 0.1
5517
4 130 0.0 0.1
5583
25
0 17 4 27 458.70
2536
1 6 9 48 321.06
1775
2 15 2 41 68.37
378
3 26 2 28 292.66
1618
4 13 13 32 302.97
1675
5 2 7 44 196.97
1089
6 22 11 47 220.13
1217
7 3 3 44 280.36
1550
8 14 20 47 217.78
1204
9 5 0 13 182.50
1009
10 7 34 47 377.31
2086
11 20 6 31 229.35
1268
12 5 22 48 278.37
1539
13 11 18 47 193.54
1070
14 1 0 36 30.03
166
15 19 2 36 409.87
2266
16 29 2 46 227.54
1258
17 23 5 46 258.65
1430
18 40 0 46 285.24
1577
19 9 13 48 234.24
1295
20 9 28 48 41.24
228
21 16 8 47 245.45
1357
22 4 0 8 655.14
3622
23 1 21 48 273.30
1511
24 33 0 40 176.35
975
