30
1
5
0 120 0.1 0.1
5513
1 170 0.1 0.1
5575
2 150 0.1 0.1
5445
3 190 0.1 0.0
5354
4 150 0.1 0.1
5507
25
0 12 10 48 373.51
2046
1 7 39 48 709.78
3888
2 10 22 36 221.99
1216
3 7 14 48 554.79
3039
4 9 8 47 69.92
383
5 15 5 21 461.68
2529
6 21 0 38 293.55
1608
7 23 9 39 187.30
1026
8 10 24 45 25.92
142
9 7 15 47 172.15
943
10 11 1 46 446.90
2448
11 12 21 48 314.54
1723
12 17 0 19 22.82
125
13 15 22 48 214.87
1177
14 12 18 48 382.27
2094
15 19 7 40 185.11
1014
16 14 19 48 209.21
1146
17 12 30 47 297.38
1629
18 29 0 37 151.34
829
19 21 0 39 242.80
1330
20 26 3 44 218.15
1195
21 34 0 38 228.93
1254
22 5 26 48 638.76
3499
23 5 1 48 287.53
1575
24 12 20 48 190.22
1042
