30
1
5
0 130 0.0 0.1
5586
1 190 0.1 0.0
5496
2 120 0.1 0.1
5556
3 150 0.1 0.1
5488
4 130 0.0 0.1
5490
25
0 38 9 47 645.31
3564
1 4 0 43 696.37
3846
2 13 17 47 208.59
1152
3 4 26 45 702.17
3878
4 23 2 40 5.43
30
5 7 2 36 60.84
336
6 31 3 42 39.83
220
7 26 6 48 275.40
1521
8 24 0 43 424.05
2342
9 9 2 34 543.37
3001
10 1 0 42 58.85
325
11 10 2 47 304.55
1682
12 36 4 47 92.16
509
13 3 0 16 263.09
1453
14 28 2 48 79.49
439
15 11 3 28 176.36
974
16 2 0 45 4.35
24
17 4 0 22 60.11
332
18 6 0 43 14.85
82
19 10 3 40 513.32
2835
20 29 16 48 525.81
2904
21 7 5 30 60.66
335
22 3 12 48 110.45
610
23 33 0 45 434.19
2398
24 2 0 37 696.55
3847
