30
1
5
0 170 0.1 0.1
5408
1 170 0.1 0.1
5372
2 130 0.0 0.1
5467
3 120 0.1 0.1
5404
4 130 0.0 0.1
5507
25
0 22 2 39 329.95
1792
1 5 1 30 372.66
2024
2 6 26 47 281.89
1531
3 1 3 48 238.07
1293
4 21 8 39 22.46
122
5 23 4 33 607.60
3300
6 31 3 42 135.70
737
7 27 0 35 226.84
1232
8 2 0 12 594.90
3231
9 3 31 46 308.77
1677
10 10 28 48 172.71
938
11 24 5 33 245.99
1336
12 19 2 34 421.64
2290
13 4 35 47 190.20
1033
14 29 2 38 179.15
973
15 10 24 48 732.81
3980
16 12 15 47 18.60
101
17 3 9 47 100.90
548
18 35 4 46 432.69
2350
19 10 1 47 547.03
2971
20 5 21 40 220.58
1198
21 10 11 48 65.92
358
22 4 35 48 178.23
968
23 12 19 48 417.77
2269
24 10 26 47 56.34
306
