30
1
5
0 170 0.1 0.1
5487
1 190 0.1 0.0
5487
2 190 0.1 0.0
5408
3 170 0.1 0.1
5468
4 150 0.1 0.1
5618
25
0 17 0 42 411.09
2258
1 2 41 48 12.93
71
2 27 4 34 303.86
1669
3 5 23 45 298.39
1639
4 10 3 46 206.09
1132
5 22 13 39 296.21
1627
6 3 1 47 221.20
1215
7 15 4 45 680.72
3739
8 7 26 48 322.97
1774
9 25 2 35 210.64
1157
10 2 24 47 709.66
3898
11 20 13 45 409.63
2250
12 12 24 47 22.94
126
13 15 12 31 241.96
1329
14 8 3 48 157.30
864
15 44 1 46 10.38
57
16 10 4 40 122.53
673
17 20 3 47 329.89
1812
18 5 3 48 478.63
2629
19 14 0 34 601.70
3305
20 15 13 47 307.50
1689
21 9 0 48 138.18
759
22 10 10 48 544.17
2989
23 5 38 48 314.23
1726
24 11 10 48 137.27
754
