30
1
5
0 120 0.1 0.1
5481
1 190 0.1 0.0
5521
2 150 0.1 0.1
5506
3 170 0.1 0.1
5465
4 150 0.1 0.1
5359
25
0 15 0 35 278.09
1520
1 14 1 47 547.04
2990
2 27 1 47 638.70
3491
3 23 2 46 500.93
2738
4 11 7 46 395.00
2159
5 28 15 47 56.17
307
6 21 3 44 80.13
438
7 21 13 36 25.61
140
8 5 37 48 155.51
850
9 3 1 47 707.12
3865
10 16 1 29 374.33
2046
11 1 39 47 193.02
1055
12 39 2 46 238.03
1301
13 24 18 47 207.84
1136
14 15 1 47 58.00
317
15 23 18 47 156.43
855
16 20 17 44 348.17
1903
17 12 0 46 217.72
1190
18 3 18 47 175.64
960
19 1 31 47 42.63
233
20 39 5 47 402.32
2199
21 3 31 47 713.53
3900
22 19 16 36 962.17
5259
23 1 46 48 865.93
4733
24 4 7 42 90.56
495
