30
1
5
0 150 0.1 0.1
5475
1 120 0.1 0.1
5485
2 170 0.1 0.1
5750
3 120 0.1 0.1
5418
4 120 0.1 0.1
5503
25
0 18 21 47 109.71
606
1 24 8 45 419.09
2315
2 28 2 38 80.92
447
3 20 1 32 42.36
234
4 6 0 16 642.49
3549
5 2 42 47 434.66
2401
6 9 3 39 636.51
3516
7 18 2 48 54.31
300
8 21 0 27 923.99
5104
9 1 0 48 131.25
725
10 34 12 48 28.60
158
11 9 0 40 14.30
79
12 13 5 26 471.23
2603
13 34 4 47 140.84
778
14 15 7 48 656.61
3627
15 12 6 37 566.63
3130
16 14 4 33 62.82
347
17 17 0 43 617.32
3410
18 11 0 27 63.90
353
19 1 41 48 185.92
1027
20 23 10 46 537.13
2967
21 1 14 48 489.33
2703
22 10 2 28 38.20
211
23 29 8 48 518.12
2862
24 2 13 48 171.26
946
