30
1
5
0 190 0.1 0.0
5466
1 190 0.1 0.0
5456
2 130 0.0 0.1
5443
3 190 0.1 0.0
5449
4 150 0.1 0.1
5490
25
0 26 17 47 599.37
3273
1 6 0 27 799.89
4368
2 8 15 43 301.97
1649
3 8 2 23 400.86
2189
4 20 4 38 118.48
647
5 19 6 39 554.50
3028
6 18 26 47 32.23
176
7 8 3 34 238.25
1301
8 13 16 41 12.09
66
9 19 22 48 238.25
1301
10 1 7 48 404.34
2208
11 28 10 48 172.32
941
12 7 25 44 176.17
962
13 19 4 39 203.82
1113
14 7 39 47 746.42
4076
15 7 39 48 570.98
3118
16 24 10 47 427.41
2334
17 19 23 47 180.74
987
18 38 0 46 369.91
2020
19 6 0 27 461.48
2520
20 23 7 47 168.66
921
21 26 21 48 164.81
900
22 6 0 48 16.48
90
23 13 3 44 570.07
3113
24 14 0 43 30.22
165
