30
1
5
0 120 0.1 0.1
5416
1 150 0.1 0.1
5322
2 130 0.0 0.1
5431
3 130 0.0 0.1
5395
4 150 0.1 0.1
5484
25
0 2 5 45 17.38
94
1 8 1 28 457.56
2475
2 9 9 47 126.27
683
3 5 16 47 187.83
1016
4 30 4 36 133.48
722
5 3 2 35 89.29
483
6 4 37 47 684.59
3703
7 9 6 42 270.66
1464
8 1 31 48 118.50
641
9 6 16 38 222.40
1203
10 2 5 20 167.50
906
11 32 10 48 152.15
823
12 17 8 47 452.20
2446
13 30 2 41 498.61
2697
14 8 8 33 166.20
899
15 1 31 43 486.40
2631
16 19 16 47 91.51
495
17 8 14 47 143.09
774
18 9 0 33 238.86
1292
19 42 0 47 159.36
862
20 2 31 46 479.01
2591
21 11 6 37 107.60
582
22 23 6 48 264.19
1429
23 30 7 48 351.63
1902
24 17 1 25 471.06
2548
