30
1
5
0 190 0.1 0.0
5491
1 170 0.1 0.1
5568
2 120 0.1 0.1
5530
3 150 0.1 0.1
5382
4 150 0.1 0.1
5402
25
0 25 1 40 125.14
685
1 14 5 30 804.40
4403
2 4 0 25 449.79
2462
3 3 37 46 692.77
3792
4 8 0 31 87.88
481
5 27 3 48 208.27
1140
6 11 13 47 108.52
594
7 4 3 48 99.57
545
8 3 27 48 120.76
661
9 32 1 48 234.40
1283
10 11 8 38 339.63
1859
11 7 2 17 379.27
2076
12 18 16 47 448.69
2456
13 3 10 48 696.06
3810
14 26 1 35 55.72
305
15 34 6 48 525.06
2874
16 20 3 27 64.31
352
17 22 1 47 481.21
2634
18 1 0 41 637.05
3487
19 15 6 40 424.21
2322
20 16 14 47 761.65
4169
21 1 0 7 152.91
837
22 20 2 46 363.93
1992
23 24 10 48 445.59
2439
24 4 1 11 70.89
388
