30
1
5
0 130 0.0 0.1
5667
1 120 0.1 0.1
5495
2 150 0.1 0.1
5402
3 150 0.1 0.1
5538
4 120 0.1 0.1
5478
25
0 11 12 46 623.80
3440
1 16 9 47 61.84
341
2 33 11 45 44.97
248
3 14 7 47 181.15
999
4 11 32 47 338.01
1864
5 9 38 47 381.17
2102
6 3 13 36 72.17
398
7 8 0 16 37.72
208
8 28 15 45 72.90
402
9 22 2 29 140.54
775
10 16 8 41 57.30
316
11 15 22 47 649.18
3580
12 4 0 23 377.36
2081
13 32 5 46 15.78
87
14 15 6 45 459.87
2536
15 5 2 46 331.48
1828
16 20 3 46 569.21
3139
17 20 0 28 53.31
294
18 7 2 28 13.60
75
19 42 2 47 508.83
2806
20 3 1 34 84.32
465
21 17 0 43 92.48
510
22 5 6 48 575.74
3175
23 25 1 48 58.93
325
24 8 5 23 71.81
396
