30
1
5
0 190 0.1 0.0
5603
1 190 0.1 0.0
5645
2 150 0.1 0.1
5470
3 120 0.1 0.1
5434
4 150 0.1 0.1
5528
25
0 24 9 48 9.94
55
1 5 10 35 60.34
334
2 19 6 47 386.28
2138
3 5 20 35 130.99
725
4 3 5 47 478.96
2651
5 20 0 30 915.11
5065
6 6 28 48 206.87
1145
7 10 17 48 675.72
3740
8 14 6 47 389.89
2158
9 17 2 27 30.53
169
10 9 24 47 473.72
2622
11 8 17 39 132.25
732
12 5 1 16 107.32
594
13 14 1 38 59.44
329
14 30 3 44 237.58
1315
15 17 16 47 29.09
161
16 15 12 48 176.88
979
17 24 0 31 537.50
2975
18 7 22 47 523.23
2896
19 14 0 35 155.74
862
20 16 1 18 234.87
1300
21 12 8 22 80.40
445
22 23 5 46 565.87
3132
23 5 1 11 253.66
1404
24 12 0 28 584.48
3235
