30
1
5
0 170 0.1 0.1
5612
1 190 0.1 0.0
5514
2 150 0.1 0.1
5546
3 120 0.1 0.1
5539
4 170 0.1 0.1
5304
25
0 10 7 47 170.15
936
1 41 2 47 237.05
1304
2 14 2 37 347.94
1914
3 16 5 31 464.10
2553
4 3 36 47 171.79
945
5 7 1 24 161.97
891
6 16 0 46 709.88
3905
7 6 1 45 167.43
921
8 19 19 48 210.51
1158
9 6 27 47 304.86
1677
10 13 8 43 188.33
1036
11 22 12 47 281.22
1547
12 16 3 47 294.68
1621
13 20 1 37 193.78
1066
14 20 17 48 324.49
1785
15 2 0 10 83.44
459
16 23 18 46 140.34
772
17 4 21 47 390.66
2149
18 3 29 48 178.33
981
19 13 11 48 154.52
850
20 11 13 45 213.24
1173
21 20 0 34 139.98
770
22 13 5 29 463.92
2552
23 6 31 47 252.14
1387
24 2 0 35 531.54
2924
