30
1
5
0 150 0.1 0.1
5310
1 120 0.1 0.1
5455
2 150 0.1 0.1
5380
3 130 0.0 0.1
5680
4 120 0.1 0.1
5585
25
0 26 10 44 104.40
572
1 6 0 39 109.33
599
2 24 13 46 632.81
3467
3 8 0 25 528.77
2897
4 10 3 30 433.13
2373
5 11 12 47 111.89
613
6 13 31 47 642.85
3522
7 10 3 30 147.48
808
8 7 4 29 54.94
301
9 41 0 47 177.41
972
10 20 1 42 63.34
347
11 10 37 47 91.81
503
12 17 14 46 49.65
272
13 18 3 47 724.08
3967
14 7 2 41 142.37
780
15 12 6 37 828.66
4540
16 20 7 38 137.81
755
17 3 1 37 893.46
4895
18 12 14 45 161.17
883
19 23 4 36 480.59
2633
20 14 5 47 163.36
895
21 13 3 36 45.81
251
22 3 1 33 73.92
405
23 4 32 48 616.93
3380
24 5 1 32 360.85
1977
