30
1
5
0 120 0.1 0.1
5595
1 170 0.1 0.1
5483
2 120 0.1 0.1
5523
3 170 0.1 0.1
5659
4 130 0.0 0.1
5528
25
0 5 3 23 85.84
477
1 2 9 47 768.05
4268
2 9 0 25 484.62
2693
3 18 1 22 147.92
822
4 23 17 48 51.47
286
5 14 7 32 66.58
370
6 26 0 35 191.29
1063
7 18 24 47 923.00
5129
8 34 0 47 25.73
143
9 19 2 48 549.77
3055
10 13 10 48 44.63
248
11 2 44 48 114.63
637
12 5 0 41 487.86
2711
13 30 9 48 579.10
3218
14 9 2 40 19.08
106
15 9 8 42 849.93
4723
16 12 12 30 500.46
2781
17 8 3 47 195.25
1085
18 6 0 43 52.19
290
19 9 2 27 37.79
210
20 4 28 47 321.40
1786
21 30 12 48 131.73
732
22 7 0 9 164.48
914
23 4 35 48 474.90
2639
24 20 15 47 597.63
3321
