30
1
5
0 150 0.1 0.1
5464
1 170 0.1 0.1
5477
2 120 0.1 0.1
5641
3 170 0.1 0.1
5378
4 150 0.1 0.1
5542
25
0 2 0 24 197.67
1087
1 11 0 40 12.00
66
2 35 3 47 548.28
3015
3 9 0 34 170.03
935
4 6 12 47 252.95
1391
5 10 9 38 16.37
90
6 25 3 29 264.77
1456
7 19 3 46 158.94
874
8 18 2 38 356.61
1961
9 6 12 47 439.53
2417
10 22 13 44 362.97
1996
11 19 0 47 384.80
2116
12 9 22 48 252.59
1389
13 13 0 33 289.69
1593
14 31 14 48 366.25
2014
15 13 28 47 386.25
2124
16 9 31 42 180.40
992
17 14 16 33 45.83
252
18 21 6 36 467.90
2573
19 7 0 30 362.61
1994
20 16 28 47 443.90
2441
21 15 13 46 157.66
867
22 2 0 27 601.74
3309
23 1 28 47 8.55
47
24 17 4 48 43.64
240
