30
1
5
0 120 0.1 0.1
5507
1 170 0.1 0.1
5550
2 190 0.1 0.0
5415
3 120 0.1 0.1
5517
4 150 0.1 0.1
5469
25
0 6 9 29 230.73
1267
1 9 0 28 445.07
2444
2 12 0 29 256.23
1407
3 4 17 47 498.62
2738
4 10 2 47 660.51
3627
5 12 7 33 231.64
1272
6 15 15 47 381.88
2097
7 14 1 31 126.20
693
8 35 5 48 107.63
591
9 10 0 39 31.14
171
10 18 12 45 110.36
606
11 20 7 48 337.81
1855
12 14 18 47 87.78
482
13 3 5 33 81.77
449
14 30 4 47 197.41
1084
15 18 8 47 167.90
922
16 19 5 32 173.37
952
17 5 11 47 237.29
1303
18 16 8 46 32.60
179
19 6 3 24 112.00
615
20 19 12 47 58.82
323
21 8 0 33 723.70
3974
22 7 38 48 153.15
841
23 10 6 47 294.83
1619
24 8 11 41 392.63
2156
