30
1
5
0 150 0.1 0.1
5635
1 170 0.1 0.1
5323
2 120 0.1 0.1
5578
3 150 0.1 0.1
5557
4 130 0.0 0.1
5673
25
0 5 15 47 34.41
191
1 1 28 47 176.56
980
2 22 16 48 113.32
629
3 10 4 47 219.44
1218
4 24 4 38 264.12
1466
5 12 11 45 60.54
336
6 13 1 47 317.45
1762
7 18 13 47 226.29
1256
8 8 16 44 33.51
186
9 10 1 21 465.01
2581
10 1 6 47 328.26
1822
11 7 2 15 205.39
1140
12 7 1 29 37.11
206
13 17 6 33 236.02
1310
14 17 1 47 53.33
296
15 16 16 48 670.40
3721
16 5 34 47 769.49
4271
17 35 1 47 447.71
2485
18 17 2 44 123.59
686
19 19 21 48 732.37
4065
20 12 11 41 321.60
1785
21 33 8 48 34.05
189
22 11 12 46 130.44
724
23 18 2 44 145.57
808
24 14 6 48 312.41
1734
