30
1
5
0 130 0.0 0.1
5498
1 170 0.1 0.1
5405
2 130 0.0 0.1
5469
3 150 0.1 0.1
5656
4 150 0.1 0.1
5534
25
0 3 2 11 372.52
2053
1 25 5 44 58.43
322
2 4 28 48 356.73
1966
3 22 4 36 540.36
2978
4 16 1 39 43.19
238
5 28 3 35 264.55
1458
6 34 2 46 359.09
1979
7 24 12 46 251.13
1384
8 8 17 48 579.01
3191
9 9 3 31 90.54
499
10 23 8 40 248.04
1367
11 20 8 37 185.08
1020
12 4 38 47 74.58
411
13 8 18 48 252.40
1391
14 2 1 40 303.93
1675
15 27 3 40 433.12
2387
16 16 0 35 281.61
1552
17 13 18 48 720.36
3970
18 9 28 47 269.64
1486
19 19 14 41 73.67
406
20 6 19 47 427.50
2356
21 11 0 39 234.43
1292
22 3 2 14 349.29
1925
23 7 4 32 461.43
2543
24 7 37 47 217.20
1197
