30
1
5
0 130 0.0 0.1
5338
1 130 0.0 0.1
5453
2 190 0.1 0.0
5552
3 170 0.1 0.1
5579
4 120 0.1 0.1
5374
25
0 30 12 48 319.01
1741
1 16 2 29 328.35
1792
2 20 2 46 95.28
520
3 10 3 34 213.47
1165
4 22 3 48 414.84
2264
5 6 14 48 319.92
1746
6 2 0 14 240.95
1315
7 9 21 38 79.34
433
8 7 5 34 296.10
1616
9 2 3 48 64.31
351
10 15 4 40 272.10
1485
11 26 1 41 472.74
2580
12 23 3 32 75.86
414
13 15 28 47 342.83
1871
14 10 17 41 346.31
1890
15 9 23 46 95.65
522
16 8 1 47 108.47
592
17 1 0 1 406.59
2219
18 15 14 48 74.94
409
19 8 28 45 246.26
1344
20 18 15 47 316.63
1728
21 5 14 48 94.73
517
22 17 12 42 280.16
1529
23 17 14 48 310.76
1696
24 17 17 47 449.65
2454
