30
1
5
0 190 0.1 0.0
5543
1 190 0.1 0.0
5464
2 150 0.1 0.1
5432
3 170 0.1 0.1
5559
4 120 0.1 0.1
5389
25
0 14 2 48 514.91
2820
1 3 0 46 46.38
254
2 23 23 47 79.06
433
3 10 21 47 35.61
195
4 5 10 35 69.75
382
5 7 6 45 272.98
1495
6 22 4 48 119.23
653
7 24 12 47 37.07
203
8 16 4 30 94.04
515
9 4 1 32 539.02
2952
10 20 22 47 673.59
3689
11 7 1 35 616.62
3377
12 14 22 48 288.13
1578
13 2 14 25 658.43
3606
14 11 1 38 808.34
4427
15 22 6 47 60.99
334
16 13 2 38 18.99
104
17 18 0 38 123.43
676
18 17 6 37 21.00
115
19 25 22 48 23.74
130
20 4 2 31 18.99
104
21 3 4 34 256.73
1406
22 9 4 18 698.24
3824
23 22 15 41 847.42
4641
24 17 7 46 697.14
3818
