30
1
5
0 120 0.1 0.1
5605
1 130 0.0 0.1
5609
2 120 0.1 0.1
5593
3 170 0.1 0.1
5521
4 150 0.1 0.1
5480
25
0 4 1 47 188.81
1050
1 8 1 40 387.69
2156
2 8 0 13 707.23
3933
3 7 0 45 45.67
254
4 5 42 48 497.20
2765
5 10 14 30 367.19
2042
6 10 5 41 187.01
1040
7 6 1 15 59.16
329
8 10 1 40 498.64
2773
9 28 13 43 643.94
3581
10 19 20 48 316.30
1759
11 15 21 48 211.29
1175
12 5 2 29 45.67
254
13 22 11 42 86.85
483
14 17 10 43 87.57
487
15 9 0 13 280.70
1561
16 20 20 48 199.24
1108
17 6 1 44 487.85
2713
18 19 8 31 754.70
4197
19 33 11 48 530.11
2948
20 5 38 47 3.96
22
21 35 2 44 168.31
936
22 9 0 46 59.34
330
23 6 36 47 64.74
360
24 2 7 47 699.14
3888
