30
1
5
0 190 0.1 0.0
5403
1 130 0.0 0.1
5450
2 130 0.0 0.1
5579
3 150 0.1 0.1
5634
4 170 0.1 0.1
5587
25
0 18 14 34 556.68
3078
1 12 29 48 410.55
2270
2 15 0 43 701.01
3876
3 11 15 47 52.27
289
4 8 9 28 93.50
517
5 3 18 48 568.08
3141
6 5 6 47 528.83
2924
7 20 8 47 264.42
1462
8 14 22 44 344.72
1906
9 13 2 48 178.33
986
10 8 14 48 1.45
8
11 13 28 47 384.69
2127
12 14 10 46 807.90
4467
13 15 2 38 266.59
1474
14 9 0 25 91.70
507
15 6 29 48 16.28
90
16 7 3 47 747.67
4134
17 10 3 26 160.24
886
18 27 1 32 30.75
170
19 5 0 21 158.43
876
20 22 14 48 124.97
691
21 8 35 48 243.98
1349
22 3 11 47 100.92
558
23 27 1 35 54.08
299
24 9 0 48 92.06
509
