30
1
5
0 190 0.1 0.0
5372
1 150 0.1 0.1
5500
2 150 0.1 0.1
5289
3 190 0.1 0.0
5483
4 150 0.1 0.1
5569
25
0 4 2 42 348.66
1897
1 5 19 48 219.27
1193
2 8 0 28 255.29
1389
3 15 5 38 489.09
2661
4 23 2 48 967.88
5266
5 22 5 30 374.40
2037
6 14 3 48 420.90
2290
7 11 3 48 70.03
381
8 1 4 47 267.79
1457
9 6 40 48 478.79
2605
10 3 2 31 369.43
2010
11 15 16 48 28.12
153
12 1 7 47 74.99
408
13 16 14 48 358.22
1949
14 28 1 31 571.24
3108
15 11 3 48 32.53
177
16 24 6 45 167.07
909
17 32 4 42 311.54
1695
18 29 2 37 31.61
172
19 6 40 48 481.00
2617
20 12 1 27 543.67
2958
21 5 21 47 213.57
1162
22 16 2 48 403.80
2197
23 17 14 48 341.13
1856
24 13 0 30 152.74
831
