30
1
5
0 120 0.1 0.1
5328
1 190 0.1 0.0
5453
2 150 0.1 0.1
5537
3 120 0.1 0.1
5631
4 190 0.1 0.0
5527
25
0 17 13 39 157.46
865
1 7 0 39 55.70
306
2 22 2 30 529.73
2910
3 5 0 33 466.38
2562
4 26 1 47 1.46
8
5 5 0 42 273.97
1505
6 21 2 41 582.71
3201
7 27 20 47 566.69
3113
8 7 17 47 425.79
2339
9 11 2 42 210.62
1157
10 23 24 47 41.50
228
11 13 19 40 445.81
2449
12 12 0 31 444.54
2442
13 12 0 45 126.88
697
14 11 35 48 194.05
1066
15 26 15 48 264.50
1453
16 22 0 32 218.45
1200
17 15 4 47 196.06
1077
18 3 0 41 287.62
1580
19 19 7 47 577.06
3170
20 15 10 34 135.98
747
21 12 17 48 489.14
2687
22 14 23 48 196.78
1081
23 3 0 40 608.92
3345
24 31 5 47 335.50
1843
