30
1
5
0 170 0.1 0.1
5474
1 130 0.0 0.1
5434
2 150 0.1 0.1
5474
3 150 0.1 0.1
5449
4 190 0.1 0.0
5417
25
0 26 16 47 261.12
1423
1 24 5 33 66.61
363
2 37 1 48 261.49
1425
3 8 5 18 885.03
4823
4 20 0 41 619.87
3378
5 13 7 48 312.69
1704
6 16 23 47 200.20
1091
7 19 6 48 176.35
961
8 10 4 44 454.54
2477
9 12 2 14 232.68
1268
10 12 1 39 2.75
15
11 20 15 48 453.80
2473
12 28 9 43 496.56
2706
13 1 0 4 269.93
1471
14 6 30 48 145.52
793
15 5 29 47 118.91
648
16 4 15 47 219.10
1194
17 13 18 43 61.66
336
18 1 0 32 205.34
1119
19 4 35 48 574.73
3132
20 11 12 47 385.54
2101
21 20 0 45 298.74
1628
22 16 12 39 135.98
741
23 8 15 47 87.53
477
24 4 19 47 197.82
1078
