30
1
5
0 150 0.1 0.1
5396
1 150 0.1 0.1
5645
2 130 0.0 0.1
5519
3 130 0.0 0.1
5656
4 130 0.0 0.1
5455
25
0 6 16 48 96.89
536
1 12 3 46 784.85
4342
2 28 3 42 72.12
399
3 4 5 18 11.03
61
4 5 4 13 637.71
3528
5 21 3 43 276.02
1527
6 9 19 47 304.21
1683
7 5 35 48 106.10
587
8 4 4 47 332.59
1840
9 23 5 48 13.74
76
10 6 17 47 787.02
4354
11 4 0 10 43.38
240
12 14 8 47 156.17
864
13 42 0 48 78.09
432
14 21 2 32 659.94
3651
15 26 14 48 847.21
4687
16 10 13 41 439.24
2430
17 23 1 29 401.64
2222
18 18 18 47 50.79
281
19 14 7 42 267.88
1482
20 4 0 21 579.33
3205
21 15 27 48 390.62
2161
22 7 14 46 276.38
1529
23 11 3 43 385.01
2130
24 19 4 48 109.90
608
