30
1
5
0 130 0.0 0.1
5447
1 190 0.1 0.0
5445
2 130 0.0 0.1
5504
3 130 0.0 0.1
5554
4 170 0.1 0.1
5559
25
0 6 37 48 82.53
454
1 1 0 19 223.58
1230
2 1 0 33 210.68
1159
3 2 40 48 225.76
1242
4 16 3 30 604.03
3323
5 33 3 46 155.78
857
6 9 4 26 275.57
1516
7 5 13 47 47.44
261
8 23 11 42 295.93
1628
9 29 1 41 153.96
847
10 17 6 37 408.08
2245
11 11 35 47 325.37
1790
12 1 0 8 618.94
3405
13 4 17 48 63.98
352
14 7 40 48 736.73
4053
15 2 10 47 350.10
1926
16 20 2 36 196.32
1080
17 10 35 47 250.48
1378
18 6 14 42 68.17
375
19 26 4 41 468.79
2579
20 14 2 34 255.94
1408
21 13 8 47 229.76
1264
22 14 0 32 217.95
1199
23 11 8 42 495.15
2724
24 33 4 44 142.87
786
