30
1
5
0 130 0.0 0.1
5441
1 120 0.1 0.1
5450
2 150 0.1 0.1
5588
3 130 0.0 0.1
5494
4 120 0.1 0.1
5528
25
0 9 6 46 27.82
153
1 2 0 43 428.21
2355
2 5 9 22 336.75
1852
3 11 1 44 645.67
3551
4 14 2 31 454.39
2499
5 10 2 41 195.28
1074
6 5 0 39 35.27
194
7 13 17 47 63.28
348
8 6 0 47 178.56
982
9 18 9 40 76.19
419
10 5 1 47 92.73
510
11 9 21 47 280.56
1543
12 10 13 48 40.00
220
13 7 4 18 205.65
1131
14 12 2 48 157.10
864
15 7 4 35 142.01
781
16 30 4 47 37.09
204
17 28 2 40 67.46
371
18 13 1 29 55.46
305
19 15 3 37 157.65
867
20 26 8 48 244.38
1344
21 13 4 35 293.47
1614
22 38 0 48 423.12
2327
23 16 16 44 44.73
246
24 27 8 48 485.85
2672
