30
1
5
0 150 0.1 0.1
5517
1 150 0.1 0.1
5371
2 150 0.1 0.1
5603
3 120 0.1 0.1
5457
4 190 0.1 0.0
5491
25
0 16 28 47 49.76
273
1 17 9 34 238.21
1307
2 19 24 48 606.01
3325
3 9 10 24 136.33
748
4 28 4 45 18.59
102
5 22 17 47 84.02
461
6 15 0 43 49.21
270
7 29 2 40 867.00
4757
8 12 19 48 14.95
82
9 20 12 41 130.86
718
10 12 6 33 90.40
496
11 1 8 46 196.29
1077
12 1 10 25 479.70
2632
13 4 0 39 129.40
710
14 25 22 47 24.06
132
15 12 3 29 357.41
1961
16 8 4 47 641.91
3522
17 2 0 20 416.09
2283
18 1 30 41 446.53
2450
19 20 0 24 88.58
486
20 17 7 32 468.04
2568
21 10 1 47 197.93
1086
22 44 3 48 309.84
1700
23 20 0 40 568.10
3117
24 10 27 47 429.03
2354
