30
1
5
0 120 0.1 0.1
5451
1 130 0.0 0.1
5552
2 120 0.1 0.1
5408
3 150 0.1 0.1
5353
4 150 0.1 0.1
5607
25
0 15 15 47 164.27
899
1 9 13 48 465.22
2546
2 4 3 48 382.08
2091
3 19 2 48 760.33
4161
4 19 0 47 284.32
1556
5 6 14 48 175.24
959
6 36 1 37 348.64
1908
7 11 1 28 194.61
1065
8 24 1 31 399.44
2186
9 15 3 36 121.15
663
10 16 15 48 84.97
465
11 6 17 40 268.79
1471
12 7 14 47 265.87
1455
13 11 3 48 267.88
1466
14 24 5 37 200.82
1099
15 7 7 44 571.39
3127
16 4 12 26 254.72
1394
17 3 27 48 549.46
3007
18 4 33 47 23.94
131
19 5 1 24 94.47
517
20 15 28 48 107.63
589
21 36 4 46 21.20
116
22 20 7 48 323.61
1771
23 17 29 47 517.48
2832
24 11 0 46 97.21
532
