30
1
5
0 130 0.0 0.1
5515
1 130 0.0 0.1
5432
2 130 0.0 0.1
5518
3 170 0.1 0.1
5442
4 130 0.0 0.1
5501
25
0 13 3 20 214.18
1174
1 8 1 46 251.95
1381
2 10 1 13 609.89
3343
3 4 0 40 102.89
564
4 4 4 37 128.98
707
5 15 12 40 285.15
1563
6 14 7 48 61.12
335
7 8 2 24 81.00
444
8 11 2 47 448.25
2457
9 17 13 47 11.31
62
10 8 10 31 14.23
78
11 26 3 41 62.21
341
12 12 2 46 537.64
2947
13 9 15 48 199.95
1096
14 11 10 32 547.68
3002
15 23 0 34 117.49
644
16 17 12 45 273.66
1500
17 23 1 48 708.77
3885
18 9 1 17 463.94
2543
19 18 11 48 581.61
3188
20 9 36 47 206.15
1130
21 24 1 42 150.15
823
22 8 37 48 80.27
440
23 27 6 47 773.71
4241
24 22 6 48 181.89
997
