30
1
5
0 190 0.1 0.0
5473
1 120 0.1 0.1
5503
2 170 0.1 0.1
5444
3 150 0.1 0.1
5439
4 150 0.1 0.1
5314
25
0 13 0 23 59.07
321
1 7 13 40 263.90
1434
2 6 17 38 425.85
2314
3 15 19 47 517.50
2812
4 18 2 26 578.41
3143
5 43 4 47 465.79
2531
6 17 2 44 72.14
392
7 19 9 45 284.88
1548
8 14 2 31 13.62
74
9 22 24 47 325.37
1768
10 12 4 22 857.22
4658
11 4 22 48 719.57
3910
12 19 1 35 324.45
1763
13 4 0 41 765.94
4162
14 13 27 42 16.56
90
15 7 29 48 475.91
2586
16 6 5 47 50.24
273
17 4 13 42 14.72
80
18 17 8 48 40.86
222
19 37 2 43 874.89
4754
20 22 25 47 369.72
2009
21 16 0 37 16.75
91
22 12 30 47 900.10
4891
23 14 2 44 51.71
281
24 21 1 47 80.05
435
