30
1
5
0 170 0.1 0.1
5515
1 120 0.1 0.1
5393
2 190 0.1 0.0
5474
3 150 0.1 0.1
5474
4 190 0.1 0.0
5568
25
0 15 6 47 156.63
859
1 2 0 18 6.93
38
2 4 1 39 112.32
616
3 7 0 33 398.24
2184
4 22 8 38 540.10
2962
5 35 1 47 101.02
554
6 2 0 42 689.07
3779
7 12 16 41 316.91
1738
8 2 0 15 54.70
300
9 17 27 47 149.89
822
10 2 0 5 290.29
1592
11 19 0 25 720.07
3949
12 6 15 47 262.94
1442
13 29 3 37 171.58
941
14 28 6 48 523.32
2870
15 10 22 48 148.43
814
16 1 0 12 412.09
2260
17 10 37 47 110.86
608
18 33 2 43 59.44
326
19 16 0 35 235.95
1294
20 22 12 48 466.07
2556
21 12 33 48 545.39
2991
22 32 1 46 341.71
1874
23 38 7 48 6.38
35
24 24 2 47 340.25
1866
