30
1
5
0 150 0.1 0.1
5363
1 150 0.1 0.1
5601
2 150 0.1 0.1
5456
3 150 0.1 0.1
5477
4 190 0.1 0.0
5310
25
0 36 2 48 104.79
570
1 5 1 34 60.85
331
2 15 11 40 540.12
2938
3 23 6 47 523.94
2850
4 32 8 47 162.88
886
5 7 3 14 201.49
1096
6 17 1 38 112.33
611
7 20 10 44 341.39
1857
8 24 0 41 85.48
465
9 19 4 28 222.63
1211
10 5 17 47 545.82
2969
11 28 11 47 168.40
916
12 10 4 26 208.66
1135
13 26 7 39 181.82
989
14 6 1 44 462.72
2517
15 11 0 47 571.19
3107
16 21 23 47 394.33
2145
17 11 27 47 397.09
2160
18 7 7 48 257.01
1398
19 10 7 30 268.40
1460
20 6 18 45 225.75
1228
21 12 1 18 174.65
950
22 1 0 1 587.92
3198
23 14 17 47 73.35
399
24 22 6 40 192.30
1046
