30
1
5
0 150 0.1 0.1
5584
1 130 0.0 0.1
5704
2 170 0.1 0.1
5386
3 120 0.1 0.1
5502
4 120 0.1 0.1
5795
25
0 17 6 43 279.76
1564
1 21 12 46 4.29
24
2 4 0 20 200.70
1122
3 8 18 33 541.82
3029
4 18 1 28 498.35
2786
5 3 36 47 131.29
734
6 4 11 43 157.05
878
7 3 4 48 389.95
2180
8 5 2 47 68.51
383
9 25 14 45 103.21
577
10 16 2 45 252.75
1413
11 2 30 48 68.69
384
12 1 23 47 177.09
990
13 16 1 25 291.21
1628
14 23 13 48 455.78
2548
15 26 4 46 90.15
504
16 2 10 47 5.90
33
17 2 1 47 352.56
1971
18 16 14 48 401.58
2245
19 27 0 47 552.73
3090
20 3 2 48 176.91
989
21 11 11 42 41.50
232
22 5 1 44 588.32
3289
23 26 2 46 348.27
1947
24 36 4 46 455.95
2549
