30
1
5
0 130 0.0 0.1
5363
1 120 0.1 0.1
5297
2 190 0.1 0.0
5676
3 130 0.0 0.1
5681
4 190 0.1 0.0
5639
25
0 17 1 48 282.29
1560
1 6 28 48 335.68
1855
2 9 26 47 202.31
1118
3 7 19 47 64.78
358
4 17 24 48 91.38
505
5 29 0 42 113.28
626
6 6 25 48 44.33
245
7 1 0 41 364.63
2015
8 33 2 47 224.93
1243
9 38 1 48 39.63
219
10 21 2 48 425.43
2351
11 3 0 43 514.28
2842
12 16 17 47 261.67
1446
13 5 3 47 318.67
1761
14 19 17 42 346.53
1915
15 8 2 20 244.11
1349
16 7 1 48 573.46
3169
17 26 4 36 559.88
3094
18 20 7 37 229.82
1270
19 32 6 46 194.35
1074
20 40 6 48 362.10
2001
21 1 0 44 227.10
1255
22 16 12 48 526.59
2910
23 1 0 5 352.69
1949
24 7 0 37 302.74
1673
