30
1
5
0 120 0.1 0.1
5706
1 120 0.1 0.1
5585
2 120 0.1 0.1
5667
3 190 0.1 0.0
5363
4 150 0.1 0.1
5420
25
0 1 3 25 71.96
399
1 23 0 27 55.01
305
2 3 0 16 67.27
373
3 22 2 47 527.51
2925
4 1 0 18 43.46
241
5 13 13 46 335.44
1860
6 1 0 8 258.98
1436
7 37 2 45 36.25
201
8 3 0 27 598.39
3318
9 18 7 48 102.08
566
10 8 1 17 350.59
1944
11 2 0 47 461.69
2560
12 39 1 46 349.51
1938
13 3 34 47 5.77
32
14 1 0 5 601.63
3336
15 2 9 47 288.01
1597
16 4 11 48 102.44
568
17 3 5 48 52.30
290
18 19 1 48 39.86
221
19 27 9 48 78.63
436
20 13 2 38 86.75
481
21 14 8 47 469.26
2602
22 5 12 29 675.40
3745
23 30 3 47 481.70
2671
24 29 12 48 403.61
2238
