30
1
5
0 150 0.1 0.1
5486
1 150 0.1 0.1
5453
2 190 0.1 0.0
5486
3 170 0.1 0.1
5656
4 190 0.1 0.0
5507
25
0 2 0 48 278.25
1535
1 11 0 47 785.98
4336
2 9 5 38 287.13
1584
3 1 0 5 318.31
1756
4 26 9 43 295.29
1629
5 28 9 46 16.50
91
6 22 6 48 277.52
1531
7 4 0 42 149.18
823
8 23 1 47 628.82
3469
9 3 32 48 621.39
3428
10 9 4 48 22.66
125
11 15 15 47 315.23
1739
12 24 5 40 485.98
2681
13 1 0 12 328.10
1810
14 13 18 47 271.00
1495
15 25 8 48 170.39
940
16 3 22 48 9.24
51
17 14 18 34 20.30
112
18 8 14 47 622.84
3436
19 15 25 48 60.00
331
20 8 33 48 38.25
211
21 27 0 39 55.29
305
22 10 4 32 623.02
3437
23 27 3 48 559.94
3089
24 3 16 47 548.15
3024
