30
1
5
0 170 0.1 0.1
5419
1 120 0.1 0.1
5481
2 170 0.1 0.1
5515
3 120 0.1 0.1
5463
4 130 0.0 0.1
5550
25
0 1 9 48 864.14
4740
1 29 1 41 346.38
1900
2 27 9 47 58.34
320
3 9 30 48 164.08
900
4 2 0 26 789.21
4329
5 8 0 42 78.94
433
6 16 6 29 200.72
1101
7 7 0 29 83.13
456
8 18 5 42 27.71
152
9 22 20 47 762.96
4185
10 21 0 34 122.33
671
11 36 10 47 10.21
56
12 7 8 47 480.02
2633
13 22 19 48 59.98
329
14 4 0 20 512.65
2812
15 21 0 32 276.38
1516
16 23 17 46 350.76
1924
17 8 1 39 500.62
2746
18 6 3 13 11.12
61
19 4 0 10 57.61
316
20 21 5 46 205.46
1127
21 1 2 48 34.27
188
22 15 19 47 491.14
2694
23 2 0 48 54.51
299
24 38 6 47 548.93
3011
