30
1
5
0 130 0.0 0.1
5492
1 130 0.0 0.1
5394
2 120 0.1 0.1
5410
3 190 0.1 0.0
5504
4 150 0.1 0.1
5523
25
0 8 22 47 374.99
2049
1 15 9 47 500.72
2736
2 10 4 47 864.92
4726
3 4 0 13 333.82
1824
4 25 0 33 243.04
1328
5 11 19 45 261.71
1430
6 8 26 47 109.62
599
7 34 3 47 218.15
1192
8 11 3 48 293.19
1602
9 3 1 47 208.45
1139
10 22 7 36 70.64
386
11 19 2 44 287.51
1571
12 4 4 40 348.27
1903
13 8 26 48 695.63
3801
14 4 13 35 403.36
2204
15 18 5 37 320.64
1752
16 28 0 30 232.98
1273
17 10 29 48 307.28
1679
18 2 1 12 275.25
1504
19 38 2 46 341.14
1864
20 8 15 47 7.69
42
21 22 5 33 423.49
2314
22 23 1 46 133.78
731
23 25 0 39 294.47
1609
24 2 17 47 134.70
736
