30
1
5
0 120 0.1 0.1
5393
1 150 0.1 0.1
5585
2 120 0.1 0.1
5575
3 130 0.0 0.1
5432
4 130 0.0 0.1
5447
25
0 30 4 47 280.75
1540
1 20 2 48 124.33
682
2 22 1 47 0.91
5
3 20 2 47 394.87
2166
4 16 0 47 215.12
1180
5 9 14 26 194.34
1066
6 1 10 48 193.61
1062
7 9 3 43 0.73
4
8 12 1 26 153.68
843
9 8 35 47 527.59
2894
10 20 9 39 661.59
3629
11 7 12 42 482.38
2646
12 1 29 47 519.03
2847
13 15 0 37 660.13
3621
14 7 2 46 47.95
263
15 16 28 47 349.12
1915
16 14 4 46 193.79
1063
17 5 22 48 12.03
66
18 11 3 26 655.94
3598
19 27 6 48 242.47
1330
20 18 6 47 209.47
1149
21 29 5 46 75.29
413
22 15 2 47 182.12
999
23 12 1 43 573.72
3147
24 2 28 48 243.93
1338
