30
1
5
0 130 0.0 0.1
5570
1 190 0.1 0.0
5493
2 130 0.0 0.1
5419
3 190 0.1 0.0
5396
4 190 0.1 0.0
5504
25
0 27 8 47 132.59
726
1 30 7 47 70.31
385
2 26 1 37 15.89
87
3 2 0 46 419.67
2298
4 2 42 48 474.28
2597
5 8 4 47 385.71
2112
6 22 7 46 384.43
2105
7 19 14 42 599.56
3283
8 24 14 47 247.27
1354
9 22 0 45 253.30
1387
10 21 4 48 75.79
415
11 40 5 48 281.79
1543
12 4 0 28 34.88
191
13 21 10 42 648.14
3549
14 4 3 47 225.36
1234
15 8 36 48 693.25
3796
16 2 38 47 189.57
1038
17 2 4 27 41.46
227
18 3 0 20 14.24
78
19 14 2 36 72.50
397
20 38 0 41 454.19
2487
21 8 29 47 87.66
480
22 3 6 47 157.42
862
23 33 14 47 480.12
2629
24 5 0 14 580.38
3178
