30
1
5
0 130 0.0 0.1
5494
1 130 0.0 0.1
5623
2 150 0.1 0.1
5552
3 150 0.1 0.1
5467
4 130 0.0 0.1
5314
25
0 11 0 36 48.65
267
1 2 0 39 441.87
2425
2 16 2 22 218.84
1201
3 15 28 48 66.33
364
4 2 0 11 164.90
905
5 16 0 27 219.02
1202
6 29 0 48 757.28
4156
7 11 8 47 369.35
2027
8 25 1 43 2.73
15
9 15 4 48 489.06
2684
10 16 1 46 447.34
2455
11 15 22 47 190.23
1044
12 8 9 45 47.38
260
13 22 1 44 553.75
3039
14 26 1 47 764.57
4196
15 1 20 37 194.42
1067
16 1 0 38 558.30
3064
17 1 35 45 19.50
107
18 42 3 47 420.91
2310
19 10 21 48 16.58
91
20 22 6 44 44.10
242
21 26 2 37 227.95
1251
22 26 3 40 118.44
650
23 1 0 19 142.13
780
24 4 30 48 146.68
805
