30
1
5
0 130 0.0 0.1
5535
1 170 0.1 0.1
5544
2 120 0.1 0.1
5490
3 170 0.1 0.1
5622
4 190 0.1 0.0
5438
25
0 6 2 41 335.92
1856
1 16 18 45 230.58
1274
2 7 0 36 889.75
4916
3 6 2 23 472.93
2613
4 7 25 47 9.77
54
5 9 12 47 849.94
4696
6 16 10 46 10.86
60
7 23 10 48 65.52
362
8 8 0 12 59.73
330
9 6 5 48 380.62
2103
10 14 20 48 48.14
266
11 8 0 22 36.02
199
12 23 3 47 73.48
406
13 21 3 47 484.88
2679
14 16 6 38 65.34
361
15 34 2 40 53.03
293
16 5 10 48 826.59
4567
17 7 9 23 363.07
2006
18 9 2 26 362.34
2002
19 12 0 30 310.76
1717
20 5 6 47 142.80
789
21 25 11 47 244.16
1349
22 14 11 48 221.17
1222
23 12 1 39 804.87
4447
24 12 0 35 437.28
2416
