30
1
5
0 150 0.1 0.1
5611
1 150 0.1 0.1
5582
2 130 0.0 0.1
5533
3 120 0.1 0.1
5557
4 170 0.1 0.1
5488
25
0 2 6 43 350.03
1944
1 17 4 30 225.43
1252
2 41 1 43 83.73
465
3 1 15 48 250.64
1392
4 21 0 34 599.94
3332
5 25 16 45 102.99
572
6 2 11 46 161.51
897
7 12 7 42 213.90
1188
8 33 6 44 319.96
1777
9 31 14 47 263.60
1464
10 26 16 43 341.38
1896
11 3 0 47 27.19
151
12 41 0 47 373.61
2075
13 35 0 47 304.29
1690
14 3 42 48 369.29
2051
15 7 0 47 261.98
1455
16 10 5 47 131.62
731
17 13 4 47 315.09
1750
18 1 12 25 75.98
422
19 3 37 48 548.09
3044
20 1 27 47 569.15
3161
21 10 0 44 275.12
1528
22 15 3 44 336.34
1868
23 5 0 35 401.88
2232
24 1 0 35 361.73
2009
