30
1
5
0 190 0.1 0.0
5594
1 130 0.0 0.1
5567
2 120 0.1 0.1
5413
3 150 0.1 0.1
5556
4 190 0.1 0.0
5516
25
0 9 0 9 447.32
2473
1 5 12 48 844.90
4671
2 33 6 48 53.90
298
3 26 12 45 606.68
3354
4 5 2 45 120.29
665
5 8 5 17 73.44
406
6 22 4 46 114.86
635
7 14 0 41 103.28
571
8 11 20 47 468.48
2590
9 2 12 48 100.57
556
10 42 0 46 358.51
1982
11 5 2 46 197.70
1093
12 22 21 48 49.20
272
13 31 6 44 367.37
2031
14 5 0 18 75.07
415
15 30 14 48 629.29
3479
16 42 0 44 49.38
273
17 15 3 45 55.89
309
18 31 2 48 660.40
3651
19 5 4 48 452.39
2501
20 12 20 47 185.22
1024
21 2 31 48 53.36
295
22 2 0 37 627.66
3470
23 3 44 47 294.11
1626
24 27 7 48 137.11
758
