30
1
5
0 120 0.1 0.1
5457
1 190 0.1 0.0
5437
2 170 0.1 0.1
5464
3 130 0.0 0.1
5507
4 170 0.1 0.1
5470
25
0 14 0 48 473.03
2586
1 6 1 39 347.36
1899
2 16 3 44 858.44
4693
3 30 1 47 224.62
1228
4 23 3 34 190.97
1044
5 24 12 47 37.86
207
6 15 12 48 481.63
2633
7 5 2 42 150.36
822
8 7 6 48 40.24
220
9 5 11 40 44.63
244
10 5 0 13 36.40
199
11 10 35 48 168.10
919
12 2 0 37 357.06
1952
13 19 7 41 509.79
2787
14 18 10 43 156.76
857
15 19 1 43 342.61
1873
16 21 0 30 273.10
1493
17 6 10 38 140.12
766
18 30 5 48 34.75
190
19 11 2 36 92.74
507
20 2 0 34 529.18
2893
21 6 28 47 176.70
966
22 37 1 43 194.99
1066
23 19 17 48 648.63
3546
24 24 10 47 305.29
1669
