30
1
5
0 120 0.1 0.1
5393
1 120 0.1 0.1
5412
2 120 0.1 0.1
5484
3 170 0.1 0.1
5569
4 190 0.1 0.0
5344
25
0 9 25 47 83.65
455
1 16 8 42 375.42
2042
2 12 7 46 449.51
2445
3 26 2 34 97.26
529
4 14 0 15 432.23
2351
5 5 31 48 262.90
1430
6 15 14 48 76.85
418
7 8 22 48 356.30
1938
8 29 12 48 421.93
2295
9 28 0 46 386.26
2101
10 5 24 47 189.18
1029
11 11 15 39 276.51
1504
12 5 0 34 113.43
617
13 17 14 36 341.22
1856
14 13 9 47 99.28
540
15 35 1 40 304.64
1657
16 6 6 47 552.83
3007
17 14 0 46 456.86
2485
18 17 9 48 80.16
436
19 12 14 47 387.37
2107
20 10 5 41 9.01
49
21 17 30 47 282.02
1534
22 20 7 40 8.82
48
23 5 11 23 311.99
1697
24 11 2 25 493.82
2686
