30
1
5
0 120 0.1 0.1
5538
1 120 0.1 0.1
5439
2 120 0.1 0.1
5547
3 120 0.1 0.1
5417
4 130 0.0 0.1
5438
25
0 4 8 24 77.80
426
1 12 33 48 146.84
804
2 7 0 13 220.26
1206
3 14 6 37 272.13
1490
4 11 1 32 184.28
1009
5 4 5 16 169.49
928
6 15 1 16 351.58
1925
7 23 12 47 75.25
412
8 14 26 48 199.99
1095
9 5 12 37 588.83
3224
10 3 10 31 286.93
1571
11 18 1 44 487.47
2669
12 10 13 48 632.30
3462
13 17 10 48 300.08
1643
14 16 10 47 524.91
2874
15 15 28 48 418.43
2291
16 16 15 44 107.58
589
17 22 25 48 65.39
358
18 10 1 39 128.58
704
19 9 6 47 544.27
2980
20 7 2 32 134.97
739
21 22 7 43 181.54
994
22 8 8 34 227.20
1244
23 16 0 23 351.03
1922
24 18 0 44 29.41
161
