30
1
5
0 190 0.1 0.0
5541
1 150 0.1 0.1
5413
2 130 0.0 0.1
5544
3 190 0.1 0.0
5584
4 120 0.1 0.1
5442
25
0 7 4 40 394.80
2173
1 3 31 46 551.05
3033
2 4 5 47 114.46
630
3 37 2 45 862.46
4747
4 2 22 47 79.21
436
5 14 27 47 207.12
1140
6 2 0 9 524.16
2885
7 10 28 44 207.67
1143
8 33 0 41 335.57
1847
9 19 7 31 110.65
609
10 36 0 48 85.39
470
11 2 19 48 488.01
2686
12 15 0 38 218.02
1200
13 4 33 48 266.35
1466
14 33 6 48 113.55
625
15 3 16 45 238.73
1314
16 13 9 48 99.20
546
17 4 17 48 401.89
2212
18 9 30 47 226.74
1248
19 12 31 47 324.13
1784
20 6 10 48 395.53
2177
21 2 21 48 342.66
1886
22 6 1 27 283.07
1558
23 18 5 46 149.35
822
24 35 2 47 244.91
1348
