30
1
5
0 190 0.1 0.0
5462
1 150 0.1 0.1
5500
2 150 0.1 0.1
5369
3 150 0.1 0.1
5440
4 150 0.1 0.1
5501
25
0 15 3 33 243.31
1327
1 4 14 48 353.69
1929
2 14 12 47 94.98
518
3 31 1 44 83.98
458
4 20 4 47 311.70
1700
5 15 4 34 581.60
3172
6 12 20 47 244.04
1331
7 35 2 48 130.18
710
8 3 1 18 161.90
883
9 31 0 40 461.32
2516
10 7 3 42 205.72
1122
11 19 1 48 129.81
708
12 26 10 47 328.39
1791
13 5 2 8 153.83
839
14 15 2 44 238.91
1303
15 17 16 47 432.53
2359
16 4 0 9 306.75
1673
17 12 11 34 14.85
81
18 14 16 45 88.01
480
19 25 18 47 232.86
1270
20 4 0 17 727.91
3970
21 17 6 41 281.08
1533
22 7 0 32 509.17
2777
23 21 5 47 11.73
64
24 9 17 48 95.16
519
