30
1
5
0 130 0.0 0.1
5491
1 150 0.1 0.1
5542
2 130 0.0 0.1
5416
3 170 0.1 0.1
5541
4 190 0.1 0.0
5652
25
0 18 8 43 65.85
364
1 42 4 47 108.37
599
2 3 28 48 26.23
145
3 16 0 22 565.55
3126
4 7 2 33 542.21
2997
5 37 0 45 17.19
95
6 19 7 48 367.45
2031
7 29 8 47 279.88
1547
8 28 1 46 397.48
2197
9 8 2 40 598.48
3308
10 12 8 40 334.34
1848
11 24 21 47 359.12
1985
12 12 10 47 406.16
2245
13 14 12 36 450.85
2492
14 10 2 18 218.73
1209
15 15 11 41 6.33
35
16 3 6 47 416.30
2301
17 22 0 48 246.59
1363
18 7 11 47 7.24
40
19 24 11 43 24.24
134
20 7 3 48 375.59
2076
21 22 12 40 42.88
237
22 16 1 42 340.31
1881
23 29 1 41 202.09
1117
24 9 9 47 439.45
2429
