30
1
5
0 170 0.1 0.1
5363
1 120 0.1 0.1
5499
2 150 0.1 0.1
5373
3 190 0.1 0.0
5594
4 150 0.1 0.1
5428
25
0 11 31 48 100.00
545
1 21 9 47 152.11
829
2 10 5 45 123.67
674
3 4 42 48 105.14
573
4 2 35 47 227.89
1242
5 5 0 7 16.88
92
6 27 2 48 70.46
384
7 14 23 48 431.37
2351
8 3 43 48 584.58
3186
9 3 35 48 76.70
418
10 37 6 44 162.20
884
11 20 8 47 507.15
2764
12 5 0 28 122.02
665
13 9 6 28 231.37
1261
14 20 3 48 169.72
925
15 9 3 43 179.81
980
16 3 23 47 104.59
570
17 27 3 47 592.29
3228
18 4 10 43 85.32
465
19 35 1 46 617.79
3367
20 17 4 38 472.84
2577
21 13 11 47 343.30
1871
22 8 8 36 182.02
992
23 11 0 23 344.03
1875
24 6 3 44 77.25
421
