30
1
5
0 150 0.1 0.1
5533
1 130 0.0 0.1
5310
2 120 0.1 0.1
5499
3 150 0.1 0.1
5508
4 120 0.1 0.1
5605
25
0 18 26 46 152.84
839
1 3 19 40 78.34
430
2 14 0 26 705.20
3871
3 15 25 48 253.22
1390
4 7 0 17 197.48
1084
5 16 12 48 296.95
1630
6 3 10 42 248.85
1366
7 6 14 47 509.54
2797
8 20 20 47 177.44
974
9 13 9 36 123.33
677
10 30 6 48 464.73
2551
11 22 19 48 114.77
630
12 11 1 40 490.05
2690
13 2 35 48 417.91
2294
14 17 13 47 46.82
257
15 21 0 47 153.03
840
16 2 15 48 350.69
1925
17 5 2 40 189.64
1041
18 34 2 48 332.83
1827
19 10 10 26 326.82
1794
20 23 16 47 453.25
2488
21 21 14 48 576.40
3164
22 18 8 47 181.81
998
23 1 14 47 280.73
1541
24 27 1 48 188.19
1033
