30
1
5
0 150 0.1 0.1
5533
1 120 0.1 0.1
5374
2 170 0.1 0.1
5550
3 170 0.1 0.1
5631
4 150 0.1 0.1
5549
25
0 11 1 23 105.86
585
1 26 13 48 195.07
1078
2 18 6 42 610.92
3376
3 17 3 43 344.55
1904
4 19 1 47 12.49
69
5 1 20 47 214.98
1188
6 9 6 24 13.57
75
7 12 19 47 293.15
1620
8 2 0 11 86.50
478
9 32 13 47 103.15
570
10 19 27 48 76.73
424
11 2 0 21 575.63
3181
12 20 17 48 278.32
1538
13 2 22 46 404.26
2234
14 27 3 48 265.11
1465
15 30 3 48 36.73
203
16 1 45 47 636.98
3520
17 12 0 18 397.57
2197
18 6 39 47 221.86
1226
19 37 0 46 205.57
1136
20 9 0 42 323.92
1790
21 5 36 48 117.99
652
22 23 1 38 467.96
2586
23 20 17 47 304.74
1684
24 40 5 47 213.71
1181
