30
1
5
0 190 0.1 0.0
5532
1 190 0.1 0.0
5554
2 130 0.0 0.1
5543
3 190 0.1 0.0
5651
4 130 0.0 0.1
5586
25
0 29 6 40 697.49
3887
1 23 11 46 733.73
4089
2 4 23 45 112.69
628
3 3 29 47 162.93
908
4 3 22 48 72.49
404
5 35 3 48 101.38
565
6 1 0 43 103.90
579
7 1 27 31 450.75
2512
8 6 9 47 536.35
2989
9 8 11 48 532.22
2966
10 16 26 47 181.41
1011
11 1 12 43 332.68
1854
12 16 2 33 135.66
756
13 5 14 48 96.18
536
14 14 27 47 74.47
415
15 31 0 43 459.73
2562
16 23 4 47 28.17
157
17 12 27 47 531.14
2960
18 30 0 44 139.60
778
19 24 1 43 247.27
1378
20 7 20 48 861.14
4799
21 8 0 25 24.76
138
22 25 9 42 263.42
1468
23 28 10 45 203.67
1135
24 6 13 47 183.21
1021
