30
1
5
0 130 0.0 0.1
5374
1 190 0.1 0.0
5537
2 130 0.0 0.1
5545
3 130 0.0 0.1
5618
4 150 0.1 0.1
5550
25
0 9 16 47 368.96
2038
1 18 8 42 628.39
3471
2 24 17 43 55.22
305
3 17 11 37 143.20
791
4 9 30 48 377.83
2087
5 4 0 42 325.87
1800
6 6 28 48 394.31
2178
7 4 14 36 75.68
418
8 5 7 36 38.38
212
9 3 16 47 58.66
324
10 4 37 47 523.39
2891
11 21 3 44 445.72
2462
12 11 0 26 127.63
705
13 26 5 42 179.05
989
14 35 2 45 293.47
1621
15 24 8 38 201.68
1114
16 19 26 47 535.88
2960
17 12 8 31 78.75
435
18 23 17 47 81.65
451
19 6 2 20 910.28
5028
20 32 3 47 195.34
1079
21 4 2 6 219.78
1214
22 3 0 14 333.66
1843
23 20 10 38 137.05
757
24 9 0 9 70.06
387
