30
1
5
0 190 0.1 0.0
5471
1 150 0.1 0.1
5548
2 120 0.1 0.1
5299
3 170 0.1 0.1
5492
4 120 0.1 0.1
5370
25
0 13 17 48 548.35
2980
1 20 0 42 123.47
671
2 2 0 45 283.01
1538
3 2 6 48 192.29
1045
4 11 28 47 226.52
1231
5 11 1 22 3.50
19
6 20 2 46 53.36
290
7 24 13 48 561.96
3054
8 17 21 47 8.28
45
9 17 26 48 442.91
2407
10 25 2 35 425.24
2311
11 2 0 24 136.53
742
12 12 2 21 450.64
2449
13 1 0 12 414.39
2252
14 35 7 48 348.88
1896
15 37 0 47 77.84
423
16 10 2 47 12.33
67
17 6 32 48 72.50
394
18 18 22 47 493.14
2680
19 10 3 31 195.60
1063
20 10 23 40 77.28
420
21 13 10 35 271.78
1477
22 24 13 46 26.68
145
23 14 9 30 4.23
23
24 28 1 30 204.25
1110
