30
1
5
0 130 0.0 0.1
5501
1 150 0.1 0.1
5601
2 120 0.1 0.1
5514
3 150 0.1 0.1
5665
4 120 0.1 0.1
5455
25
0 9 35 47 53.37
296
1 37 10 47 447.52
2482
2 33 0 37 560.75
3110
3 5 21 48 23.44
130
4 7 2 47 485.92
2695
5 5 2 48 2.52
14
6 1 0 45 400.64
2222
7 4 3 44 90.69
503
8 29 3 48 296.42
1644
9 6 23 48 124.41
690
10 4 8 42 428.76
2378
11 4 10 48 208.97
1159
12 19 8 30 801.81
4447
13 4 0 39 174.17
966
14 31 10 47 287.22
1593
15 25 10 40 152.72
847
16 1 0 35 195.99
1087
17 12 2 35 496.38
2753
18 8 0 32 573.01
3178
19 5 17 47 93.04
516
20 14 12 42 374.31
2076
21 35 2 45 93.58
519
22 38 3 46 123.87
687
23 6 3 48 370.16
2053
24 13 20 47 863.84
4791
