30
1
5
0 130 0.0 0.1
5435
1 190 0.1 0.0
5413
2 190 0.1 0.0
5454
3 120 0.1 0.1
5495
4 190 0.1 0.0
5497
25
0 22 4 39 424.47
2317
1 20 9 48 164.88
900
2 17 12 42 44.70
244
3 8 1 47 400.65
2187
4 27 0 33 181.18
989
5 22 1 46 495.55
2705
6 13 3 27 301.73
1647
7 19 6 43 315.65
1723
8 16 26 48 373.72
2040
9 12 5 41 181.91
993
10 9 13 26 439.31
2398
11 7 11 33 191.07
1043
12 17 15 47 60.64
331
13 4 3 48 221.85
1211
14 12 25 40 191.62
1046
15 21 1 47 456.16
2490
16 18 6 47 183.93
1004
17 9 4 36 46.17
252
18 10 8 48 372.62
2034
19 2 11 32 74.01
404
20 20 1 22 606.38
3310
21 25 11 48 338.18
1846
22 9 2 15 153.15
836
23 26 14 48 166.16
907
24 2 3 31 459.64
2509
