30
1
5
0 170 0.1 0.1
5567
1 130 0.0 0.1
5429
2 130 0.0 0.1
5414
3 150 0.1 0.1
5534
4 170 0.1 0.1
5533
25
0 20 10 41 191.64
1053
1 14 24 45 232.41
1277
2 16 9 47 530.33
2914
3 18 3 36 289.55
1591
4 4 18 47 6.37
35
5 8 2 30 630.43
3464
6 10 25 44 5.64
31
7 1 5 43 94.27
518
8 20 24 48 494.66
2718
9 40 2 46 184.18
1012
10 28 0 47 299.74
1647
11 4 15 48 556.17
3056
12 22 6 31 378.55
2080
13 10 0 40 132.13
726
14 4 5 47 185.27
1018
15 26 15 48 118.84
653
16 20 2 41 359.07
1973
17 5 9 48 161.25
886
18 24 9 47 144.50
794
19 9 0 22 233.86
1285
20 27 6 44 140.13
770
21 13 19 45 410.03
2253
22 1 7 13 363.80
1999
23 4 25 48 359.44
1975
24 5 23 43 575.10
3160
