30
1
5
0 120 0.1 0.1
5563
1 130 0.0 0.1
5508
2 150 0.1 0.1
5671
3 120 0.1 0.1
5500
4 170 0.1 0.1
5629
25
0 4 0 33 50.60
282
1 4 0 9 562.85
3137
2 4 4 35 100.84
562
3 3 0 20 333.55
1859
4 13 7 30 343.42
1914
5 5 1 13 219.08
1221
6 21 13 38 208.49
1162
7 32 2 43 411.42
2293
8 3 0 34 137.80
768
9 7 37 48 291.74
1626
10 10 18 47 393.84
2195
11 14 6 38 338.57
1887
12 5 1 42 404.24
2253
13 30 12 47 698.86
3895
14 22 14 48 79.13
441
15 24 0 35 261.42
1457
16 24 8 44 181.76
1013
17 25 5 47 116.80
651
18 19 0 37 113.58
633
19 2 1 17 189.83
1058
20 9 4 25 190.01
1059
21 10 7 48 674.63
3760
22 36 0 47 83.97
468
23 20 7 40 315.97
1761
24 3 0 18 400.65
2233
