30
1
5
0 120 0.1 0.1
5602
1 130 0.0 0.1
5413
2 120 0.1 0.1
5353
3 190 0.1 0.0
5512
4 130 0.0 0.1
5524
25
0 19 17 47 77.56
425
1 22 0 43 187.79
1029
2 13 16 48 67.71
371
3 14 28 48 265.91
1457
4 10 0 33 218.09
1195
5 2 2 45 488.74
2678
6 27 3 39 50.01
274
7 20 3 34 432.16
2368
8 1 0 13 334.89
1835
9 19 25 47 42.52
233
10 20 17 47 65.52
359
11 23 0 40 219.73
1204
12 1 0 22 262.99
1441
13 13 13 47 193.09
1058
14 7 12 27 250.94
1375
15 2 7 45 45.99
252
16 26 13 48 372.67
2042
17 21 11 48 283.24
1552
18 19 22 48 463.01
2537
19 14 23 48 395.85
2169
20 14 3 44 426.87
2339
21 16 18 47 457.90
2509
22 17 11 46 494.03
2707
23 27 8 48 312.99
1715
24 7 1 28 397.67
2179
