30
1
5
0 170 0.1 0.1
5390
1 120 0.1 0.1
5473
2 190 0.1 0.0
5503
3 120 0.1 0.1
5543
4 170 0.1 0.1
5400
25
0 7 5 34 325.02
1775
1 12 1 14 224.68
1227
2 20 5 48 855.68
4673
3 11 1 18 502.27
2743
4 16 12 46 194.10
1060
5 1 0 20 253.24
1383
6 22 2 48 92.47
505
7 8 3 27 204.35
1116
8 28 6 48 86.79
474
9 3 1 42 118.66
648
10 22 24 48 329.78
1801
11 4 2 37 34.79
190
12 4 0 22 678.79
3707
13 2 0 12 229.07
1251
14 10 3 26 77.82
425
15 35 5 47 28.93
158
16 2 0 47 485.79
2653
17 27 3 47 553.18
3021
18 29 7 47 78.01
426
19 27 13 48 874.91
4778
20 11 0 48 501.72
2740
21 1 0 24 485.06
2649
22 22 21 48 125.61
686
23 9 2 46 401.93
2195
24 20 25 47 57.68
315
