30
1
5
0 170 0.1 0.1
5449
1 150 0.1 0.1
5495
2 120 0.1 0.1
5585
3 150 0.1 0.1
5524
4 130 0.0 0.1
5573
25
0 7 5 33 121.27
670
1 7 1 33 183.36
1013
2 6 11 32 644.55
3561
3 7 3 20 209.96
1160
4 13 19 47 131.05
724
5 10 1 39 44.89
248
6 10 5 31 174.31
963
7 9 37 47 140.46
776
8 11 0 46 537.58
2970
9 12 0 47 678.04
3746
10 19 11 45 68.42
378
11 19 19 48 212.32
1173
12 15 32 47 349.16
1929
13 1 7 30 205.26
1134
14 13 2 36 313.32
1731
15 11 3 43 143.90
795
16 28 12 47 219.38
1212
17 25 1 38 459.03
2536
18 21 20 47 211.77
1170
19 11 0 23 489.25
2703
20 3 31 48 331.60
1832
21 1 5 13 383.73
2120
22 11 5 40 40.00
221
23 11 21 44 249.97
1381
24 12 12 36 596.77
3297
