30
1
5
0 130 0.0 0.1
5477
1 130 0.0 0.1
5582
2 150 0.1 0.1
5493
3 170 0.1 0.1
5508
4 170 0.1 0.1
5501
25
0 4 4 36 219.16
1208
1 11 0 18 236.94
1306
2 26 2 48 51.34
283
3 2 1 38 328.56
1811
4 24 12 48 28.48
157
5 19 28 48 404.03
2227
6 17 7 38 320.58
1767
7 29 8 48 56.06
309
8 18 6 47 213.54
1177
9 31 10 47 504.90
2783
10 8 17 48 257.80
1421
11 24 10 39 300.62
1657
12 31 8 47 250.73
1382
13 6 3 26 333.09
1836
14 9 2 30 565.50
3117
15 15 4 23 138.43
763
16 19 22 48 177.98
981
17 21 4 48 241.84
1333
18 18 10 48 505.45
2786
19 8 14 47 191.76
1057
20 1 0 48 580.19
3198
21 5 11 41 477.87
2634
22 4 0 48 455.19
2509
23 4 0 34 81.10
447
24 10 5 34 707.73
3901
