30
1
5
0 190 0.1 0.0
5485
1 130 0.0 0.1
5457
2 170 0.1 0.1
5531
3 130 0.0 0.1
5491
4 150 0.1 0.1
5480
25
0 10 3 30 312.64
1716
1 19 16 48 628.38
3449
2 2 18 48 83.44
458
3 15 0 48 346.71
1903
4 8 8 48 213.89
1174
5 11 4 25 182.01
999
6 7 15 48 301.16
1653
7 12 7 48 563.34
3092
8 18 6 48 241.04
1323
9 14 24 41 342.16
1878
10 14 1 32 402.65
2210
11 3 14 29 211.16
1159
12 17 2 21 53.93
296
13 19 18 47 238.13
1307
14 28 2 31 260.72
1431
15 13 0 31 565.53
3104
16 14 8 47 100.57
552
17 18 15 44 165.43
908
18 22 9 48 332.87
1827
19 10 9 42 458.40
2516
20 9 1 34 480.99
2640
21 9 3 34 59.58
327
22 3 9 30 43.36
238
23 2 34 48 465.87
2557
24 27 12 48 206.97
1136
