30
1
5
0 120 0.1 0.1
5595
1 170 0.1 0.1
5492
2 120 0.1 0.1
5393
3 130 0.0 0.1
5336
4 190 0.1 0.0
5524
25
0 2 0 8 384.16
2100
1 18 8 47 555.21
3035
2 5 21 48 514.05
2810
3 4 27 48 302.39
1653
4 23 1 43 475.08
2597
5 16 24 48 223.91
1224
6 13 25 48 170.86
934
7 11 1 47 112.32
614
8 3 1 48 223.91
1224
9 15 13 47 393.13
2149
10 18 0 22 371.72
2032
11 22 1 36 483.13
2641
12 10 18 47 66.59
364
13 13 26 47 440.87
2410
14 15 0 39 217.14
1187
15 2 37 48 333.67
1824
16 18 10 33 51.95
284
17 12 8 26 141.59
774
18 17 22 45 182.39
997
19 2 0 35 34.03
186
20 17 0 26 340.44
1861
21 17 7 32 558.50
3053
22 18 17 48 123.12
673
23 10 23 47 84.52
462
24 16 2 38 199.22
1089
