30
1
5
0 130 0.0 0.1
5592
1 120 0.1 0.1
5430
2 150 0.1 0.1
5553
3 170 0.1 0.1
5646
4 130 0.0 0.1
5361
25
0 20 24 48 433.78
2392
1 8 12 30 220.70
1217
2 1 16 48 452.27
2494
3 10 28 42 118.42
653
4 20 0 47 84.51
466
5 26 6 42 75.80
418
6 22 6 30 473.85
2613
7 11 13 47 329.50
1817
8 11 0 44 421.44
2324
9 16 4 48 174.63
963
10 4 2 41 237.20
1308
11 6 26 47 372.84
2056
12 25 9 47 272.74
1504
13 38 1 48 136.01
750
14 9 5 20 133.83
738
15 16 30 48 53.32
294
16 33 3 48 303.39
1673
17 1 5 48 74.35
410
18 2 1 43 206.19
1137
19 14 3 47 136.55
753
20 10 3 39 511.57
2821
21 11 23 47 265.85
1466
22 24 17 48 402.95
2222
23 5 36 47 200.93
1108
24 15 2 46 460.43
2539
