30
1
5
0 130 0.0 0.1
5443
1 150 0.1 0.1
5446
2 170 0.1 0.1
5522
3 120 0.1 0.1
5590
4 190 0.1 0.0
5481
25
0 3 0 3 124.46
684
1 5 2 13 435.06
2391
2 21 2 43 656.49
3608
3 8 4 36 189.96
1044
4 21 4 47 428.87
2357
5 2 0 8 830.63
4565
6 24 1 47 497.10
2732
7 22 1 23 265.47
1459
8 20 16 48 146.11
803
9 5 1 38 209.07
1149
10 2 0 27 60.59
333
11 24 9 47 123.91
681
12 2 2 43 372.64
2048
13 3 0 47 307.14
1688
14 3 40 47 277.48
1525
15 8 11 35 248.55
1366
16 26 2 46 297.13
1633
17 18 4 47 125.37
689
18 31 14 47 116.82
642
19 3 36 48 390.11
2144
20 14 16 48 245.28
1348
21 22 25 48 165.76
911
22 23 7 47 68.42
376
23 20 1 42 419.41
2305
24 2 0 21 84.61
465
