30
1
5
0 130 0.0 0.1
5384
1 170 0.1 0.1
5304
2 190 0.1 0.0
5468
3 150 0.1 0.1
5474
4 150 0.1 0.1
5625
25
0 8 9 47 106.81
582
1 39 3 48 246.47
1343
2 22 4 39 370.72
2020
3 9 3 48 207.20
1129
4 2 1 9 109.38
596
5 2 42 48 340.62
1856
6 11 2 36 64.78
353
7 28 0 43 128.10
698
8 7 11 45 259.32
1413
9 2 29 48 425.41
2318
10 28 5 37 236.93
1291
11 11 15 46 161.68
881
12 3 31 46 441.19
2404
13 6 1 48 103.87
566
14 7 25 48 418.80
2282
15 16 11 48 92.13
502
16 31 1 48 155.99
850
17 24 0 46 177.47
967
18 8 32 47 185.73
1012
19 23 7 47 250.69
1366
20 4 0 37 346.12
1886
21 2 31 42 106.99
583
22 2 1 42 131.95
719
23 14 31 48 36.15
197
24 21 12 48 62.95
343
