30
1
5
0 130 0.0 0.1
5492
1 150 0.1 0.1
5320
2 190 0.1 0.0
5600
3 120 0.1 0.1
5453
4 120 0.1 0.1
5519
25
0 38 9 48 147.57
808
1 28 5 47 84.56
463
2 31 0 48 306.84
1680
3 12 8 28 720.88
3947
4 5 19 48 24.84
136
5 6 8 48 853.84
4675
6 2 12 35 115.25
631
7 21 1 44 24.47
134
8 35 1 48 139.72
765
9 3 1 26 76.16
417
10 36 2 48 814.76
4461
11 3 3 34 347.75
1904
12 1 0 2 675.04
3696
13 12 21 48 246.56
1350
14 4 1 40 511.58
2801
15 3 1 7 353.59
1936
16 25 0 38 73.97
405
17 19 27 48 17.72
97
18 1 4 45 194.88
1067
19 4 7 34 636.68
3486
20 8 12 47 429.39
2351
21 18 5 43 6.39
35
22 4 1 18 203.28
1113
23 17 12 48 441.26
2416
24 22 0 35 175.33
960
