30
1
5
0 130 0.0 0.1
5555
1 150 0.1 0.1
5583
2 150 0.1 0.1
5660
3 120 0.1 0.1
5568
4 120 0.1 0.1
5573
25
0 8 1 14 246.98
1380
1 6 1 31 406.80
2273
2 1 30 48 272.93
1525
3 40 3 47 216.73
1211
4 8 1 30 456.01
2548
5 15 1 33 35.97
201
6 19 5 47 413.42
2310
7 4 11 34 29.35
164
8 4 0 44 311.41
1740
9 13 34 47 43.13
241
10 3 0 39 339.33
1896
11 19 3 47 610.28
3410
12 26 8 48 299.59
1674
13 6 36 47 102.19
571
14 23 7 48 264.52
1478
15 4 10 26 497.36
2779
16 12 19 45 103.80
580
17 22 5 47 7.16
40
18 21 5 46 259.33
1449
19 9 4 16 729.12
4074
20 11 28 47 498.79
2787
21 12 6 37 807.33
4511
22 18 2 38 9.84
55
23 20 3 48 48.68
272
24 9 4 30 125.99
704
