30
1
5
0 170 0.1 0.1
5467
1 170 0.1 0.1
5284
2 120 0.1 0.1
5646
3 190 0.1 0.0
5507
4 150 0.1 0.1
5332
25
0 12 2 42 87.98
479
1 3 5 24 433.86
2362
2 1 9 31 716.18
3899
3 27 8 47 312.45
1701
4 7 39 47 116.46
634
5 15 18 48 99.56
542
6 1 11 24 113.88
620
7 33 4 47 416.59
2268
8 34 1 47 36.92
201
9 8 3 45 41.70
227
10 15 12 48 689.73
3755
11 21 9 48 532.87
2901
12 18 5 47 125.27
682
13 17 27 47 46.84
255
14 10 17 47 710.67
3869
15 19 1 42 50.88
277
16 13 0 23 757.14
4122
17 14 0 29 256.05
1394
18 4 5 26 327.32
1782
19 6 5 40 427.61
2328
20 20 24 47 318.14
1732
21 28 0 30 792.41
4314
22 2 27 36 490.62
2671
23 5 0 6 578.97
3152
24 9 20 46 66.68
363
