30
1
5
0 190 0.1 0.0
5240
1 130 0.0 0.1
5575
2 120 0.1 0.1
5470
3 150 0.1 0.1
5594
4 120 0.1 0.1
5432
25
0 2 0 9 29.86
163
1 6 7 47 48.91
267
2 20 19 48 335.58
1832
3 17 24 45 6.78
37
4 16 4 48 396.21
2163
5 3 23 48 376.61
2056
6 34 8 45 236.66
1292
7 26 20 48 35.72
195
8 2 0 21 508.87
2778
9 9 1 36 509.96
2784
10 2 33 48 331.37
1809
11 19 2 45 409.03
2233
12 3 30 47 73.27
400
13 15 10 45 531.03
2899
14 15 6 31 99.10
541
15 14 31 47 349.87
1910
16 31 14 47 170.54
931
17 3 35 48 310.67
1696
18 16 5 45 605.22
3304
19 13 10 43 37.55
205
20 19 1 47 131.52
718
21 21 23 48 322.57
1761
22 14 1 45 81.15
443
23 14 2 42 545.13
2976
24 2 2 38 509.05
2779
