30
1
5
0 150 0.1 0.1
5687
1 190 0.1 0.0
5649
2 120 0.1 0.1
5479
3 190 0.1 0.0
5680
4 150 0.1 0.1
5452
25
0 17 0 34 1.61
9
1 11 0 15 102.01
570
2 26 14 48 116.87
653
3 16 3 43 299.06
1671
4 8 2 34 330.38
1846
5 1 0 44 407.69
2278
6 9 2 23 164.83
921
7 12 9 47 101.48
567
8 5 40 47 163.76
915
9 4 9 47 512.93
2866
10 10 12 43 523.49
2925
11 7 5 21 255.57
1428
12 20 1 44 238.03
1330
13 21 2 33 625.14
3493
14 9 17 46 186.67
1043
15 19 20 48 141.92
793
16 4 22 48 377.99
2112
17 22 5 34 570.38
3187
18 16 20 48 1.79
10
19 23 10 44 174.50
975
20 24 1 40 146.04
816
21 17 6 47 277.23
1549
22 4 31 47 237.14
1325
23 16 4 48 675.43
3774
24 4 42 47 735.03
4107
