30
1
5
0 170 0.1 0.1
5498
1 150 0.1 0.1
5593
2 120 0.1 0.1
5346
3 190 0.1 0.0
5625
4 130 0.0 0.1
5310
25
0 23 1 41 354.39
1939
1 20 4 37 176.37
965
2 6 11 46 150.42
823
3 8 0 25 490.00
2681
4 10 14 47 417.26
2283
5 19 20 47 50.81
278
6 10 4 23 342.32
1873
7 16 4 47 324.78
1777
8 22 3 47 130.68
715
9 4 33 47 300.10
1642
10 10 22 47 419.09
2293
11 9 0 15 804.18
4400
12 1 0 33 88.82
486
13 9 8 38 253.50
1387
14 25 2 36 71.10
389
15 11 9 47 290.97
1592
16 6 2 43 55.38
303
17 18 4 34 371.02
2030
18 13 11 25 191.91
1050
19 10 1 42 494.20
2704
20 13 7 46 241.62
1322
21 38 0 48 305.77
1673
22 15 2 36 111.31
609
23 10 5 27 381.62
2088
24 29 3 42 477.57
2613
