30
1
5
0 120 0.1 0.1
5457
1 190 0.1 0.0
5539
2 170 0.1 0.1
5481
3 190 0.1 0.0
5535
4 120 0.1 0.1
5478
25
0 15 19 47 29.65
163
1 32 11 48 349.59
1922
2 25 0 44 174.62
960
3 9 8 45 386.70
2126
4 7 7 47 261.01
1435
5 7 0 11 711.74
3913
6 27 17 47 155.33
854
7 1 0 23 475.28
2613
8 23 9 47 242.82
1335
9 6 0 43 169.70
933
10 17 9 35 451.45
2482
11 11 25 47 22.92
126
12 1 0 43 373.79
2055
13 16 25 47 139.33
766
14 19 3 40 16.37
90
15 37 5 48 507.66
2791
16 26 11 48 178.98
984
17 1 0 27 389.25
2140
18 9 11 47 11.10
61
19 3 4 26 372.15
2046
20 24 3 40 525.30
2888
21 16 2 32 379.61
2087
22 1 0 42 371.97
2045
23 24 16 48 163.34
898
24 14 14 48 579.69
3187
