30
1
5
0 190 0.1 0.0
5435
1 150 0.1 0.1
5599
2 130 0.0 0.1
5299
3 170 0.1 0.1
5466
4 120 0.1 0.1
5458
25
0 1 10 38 539.48
2940
1 25 6 38 73.95
403
2 18 29 48 4.95
27
3 3 3 46 91.56
499
4 15 11 36 22.02
120
5 28 5 44 264.60
1442
6 5 0 21 767.56
4183
7 21 19 47 371.03
2022
8 4 4 38 212.85
1160
9 19 0 42 5.69
31
10 16 21 48 108.81
593
11 32 15 48 735.45
4008
12 35 0 48 283.50
1545
13 28 19 48 108.81
593
14 17 21 48 594.71
3241
15 7 1 25 214.32
1168
16 29 5 48 160.19
873
17 5 1 14 262.03
1428
18 6 1 44 651.41
3550
19 24 0 30 177.26
966
20 5 1 36 182.39
994
21 17 6 24 575.81
3138
22 5 0 42 700.04
3815
23 5 0 19 119.82
653
24 4 1 44 128.08
698
