30
1
5
0 150 0.1 0.1
5426
1 170 0.1 0.1
5478
2 170 0.1 0.1
5537
3 190 0.1 0.0
5546
4 190 0.1 0.0
5687
25
0 8 0 31 20.06
111
1 5 41 48 421.08
2330
2 2 22 48 167.17
925
3 28 15 47 929.62
5144
4 30 1 39 249.57
1381
5 12 16 43 205.30
1136
6 23 4 45 220.84
1222
7 35 0 38 51.69
286
8 38 3 46 296.02
1638
9 11 15 48 418.55
2316
10 10 20 36 41.02
227
11 5 1 48 244.69
1354
12 2 35 47 146.74
812
13 5 0 35 359.45
1989
14 31 2 42 410.78
2273
15 31 6 47 345.17
1910
16 3 1 15 903.42
4999
17 14 8 35 603.24
3338
18 21 0 48 19.88
110
19 15 0 38 56.75
314
20 13 1 42 328.37
1817
21 34 13 47 12.29
68
22 30 4 45 123.79
685
23 3 0 26 687.28
3803
24 5 18 48 32.53
180
