30
1
5
0 130 0.0 0.1
5351
1 150 0.1 0.1
5467
2 170 0.1 0.1
5448
3 120 0.1 0.1
5517
4 190 0.1 0.0
5447
25
0 31 12 47 118.63
646
1 27 3 48 250.85
1366
2 6 2 16 154.26
840
3 19 0 43 228.08
1242
4 6 4 18 374.81
2041
5 10 21 47 149.85
816
6 29 2 47 337.16
1836
7 11 21 46 444.22
2419
8 6 0 15 193.92
1056
9 1 7 37 132.77
723
10 1 10 24 326.51
1778
11 3 10 48 154.26
840
12 32 4 47 106.14
578
13 21 1 48 231.02
1258
14 31 16 48 542.10
2952
15 36 1 42 173.54
945
16 9 0 37 328.35
1788
17 23 4 47 282.80
1540
18 1 0 44 265.36
1445
19 5 7 18 101.74
554
20 8 25 48 88.51
482
21 20 1 29 325.41
1772
22 31 9 47 273.44
1489
23 8 2 21 203.10
1106
24 20 14 48 462.22
2517
