30
1
5
0 120 0.1 0.1
5437
1 170 0.1 0.1
5655
2 190 0.1 0.0
5515
3 190 0.1 0.0
5472
4 120 0.1 0.1
5488
25
0 12 34 48 135.51
747
1 6 14 47 278.46
1535
2 19 2 44 371.35
2047
3 7 19 47 81.45
449
4 19 1 47 821.97
4531
5 1 24 47 67.85
374
6 27 9 41 353.02
1946
7 5 33 47 301.68
1663
8 1 18 47 86.53
477
9 23 1 46 793.85
4376
10 31 7 41 431.75
2380
11 18 5 29 495.25
2730
12 7 35 47 12.52
69
13 9 24 46 546.41
3012
14 11 30 47 418.33
2306
15 8 0 38 168.89
931
16 1 34 48 585.95
3230
17 25 1 37 102.68
566
18 27 0 40 13.97
77
19 12 15 39 177.60
979
20 3 1 12 360.46
1987
21 1 21 48 506.31
2791
22 29 7 45 54.24
299
23 4 0 32 410.53
2263
24 2 40 47 54.06
298
