30
1
5
0 150 0.1 0.1
5325
1 190 0.1 0.0
5610
2 150 0.1 0.1
5477
3 170 0.1 0.1
5370
4 120 0.1 0.1
5436
25
0 9 2 37 10.47
57
1 7 9 47 209.86
1142
2 3 23 48 310.74
1691
3 2 24 37 9.37
51
4 12 23 47 567.82
3090
5 39 3 48 124.41
677
6 4 0 25 764.08
4158
7 19 1 48 11.21
61
8 10 28 48 11.03
60
9 6 0 35 790.17
4300
10 19 0 35 26.83
146
11 32 7 47 87.47
476
12 12 0 45 383.69
2088
13 19 12 41 34.18
186
14 20 0 33 833.73
4537
15 6 39 48 726.78
3955
16 18 1 46 263.33
1433
17 5 29 47 689.11
3750
18 2 24 42 30.32
165
19 6 30 48 7.35
40
20 11 18 42 378.73
2061
21 14 14 42 235.58
1282
22 30 0 41 665.03
3619
23 16 15 48 27.56
150
24 12 4 32 538.42
2930
