30
1
5
0 150 0.1 0.1
5322
1 120 0.1 0.1
5606
2 150 0.1 0.1
5531
3 150 0.1 0.1
5743
4 170 0.1 0.1
5357
25
0 22 10 45 55.93
308
1 3 0 13 392.57
2162
2 22 11 47 454.30
2502
3 22 3 28 702.51
3869
4 32 7 48 143.99
793
5 8 1 40 711.96
3921
6 9 20 42 134.73
742
7 20 0 47 278.72
1535
8 6 0 15 240.22
1323
9 31 11 48 132.37
729
10 12 3 42 482.08
2655
11 2 15 35 82.44
454
12 19 4 47 512.59
2823
13 13 30 48 8.17
45
14 23 19 47 457.02
2517
15 2 20 46 273.82
1508
16 7 36 48 126.01
694
17 12 8 45 518.40
2855
18 6 1 26 529.11
2914
19 18 2 43 261.29
1439
20 7 3 32 108.40
597
21 13 9 42 8.53
47
22 30 8 47 306.32
1687
23 2 7 32 195.92
1079
24 15 3 33 129.28
712
