30
1
5
0 130 0.0 0.1
5521
1 170 0.1 0.1
5462
2 150 0.1 0.1
5513
3 150 0.1 0.1
5580
4 190 0.1 0.0
5431
25
0 15 15 40 29.09
160
1 15 10 46 141.98
781
2 19 4 43 6.54
36
3 10 8 47 314.67
1731
4 2 0 24 326.85
1798
5 19 10 34 214.33
1179
6 6 7 42 251.23
1382
7 2 0 21 278.50
1532
8 5 20 35 369.39
2032
9 11 5 29 166.15
914
10 6 41 48 216.51
1191
11 11 0 23 36.72
202
12 17 0 43 285.95
1573
13 39 0 43 271.05
1491
14 9 13 48 9.09
50
15 18 0 44 109.25
601
16 6 14 48 568.09
3125
17 17 5 47 108.89
599
18 13 3 40 459.20
2526
19 13 8 46 446.11
2454
20 11 14 47 130.52
718
21 11 16 47 563.00
3097
22 5 21 47 258.87
1424
23 23 12 48 45.45
250
24 13 19 41 174.15
958
