30
1
5
0 120 0.1 0.1
5410
1 190 0.1 0.0
5601
2 150 0.1 0.1
5721
3 120 0.1 0.1
5403
4 120 0.1 0.1
5354
25
0 15 0 48 146.33
804
1 11 4 42 788.45
4332
2 3 0 25 628.65
3454
3 4 30 39 556.76
3059
4 1 24 48 640.85
3521
5 1 0 11 588.25
3232
6 21 3 35 117.76
647
7 16 14 39 30.40
167
8 3 0 45 36.95
203
9 22 12 41 993.21
5457
10 14 18 47 166.54
915
11 7 5 46 176.73
971
12 22 1 48 571.50
3140
13 12 4 45 22.75
125
14 5 0 35 97.37
535
15 33 3 47 734.03
4033
16 25 2 47 302.13
1660
17 19 7 40 425.35
2337
18 7 5 47 400.05
2198
19 1 0 13 32.58
179
20 4 15 37 198.39
1090
21 7 10 47 229.88
1263
22 4 42 48 495.06
2720
23 4 14 33 163.26
897
24 29 1 45 620.46
3409
