30
1
5
0 170 0.1 0.1
5446
1 120 0.1 0.1
5487
2 120 0.1 0.1
5565
3 190 0.1 0.0
5350
4 170 0.1 0.1
5653
25
0 11 3 48 496.70
2731
1 12 13 45 171.69
944
2 20 4 48 342.65
1884
3 28 17 48 178.42
981
4 13 1 40 190.79
1049
5 2 24 47 188.60
1037
6 4 0 29 332.10
1826
7 22 3 44 387.58
2131
8 15 0 26 687.49
3780
9 10 6 39 894.65
4919
10 24 4 47 497.07
2733
11 5 14 22 469.24
2580
12 11 10 45 164.05
902
13 15 1 39 64.20
353
14 12 3 30 14.91
82
15 6 0 37 561.45
3087
16 6 2 21 187.70
1032
17 22 9 48 425.95
2342
18 19 6 48 238.26
1310
19 2 8 47 258.45
1421
20 15 16 39 630.56
3467
21 9 0 30 470.15
2585
22 14 17 48 374.48
2059
23 7 39 48 108.76
598
24 15 12 47 41.47
228
