30
1
5
0 130 0.0 0.1
5423
1 150 0.1 0.1
5375
2 190 0.1 0.0
5476
3 170 0.1 0.1
5545
4 190 0.1 0.0
5542
25
0 1 0 25 476.66
2608
1 8 5 20 100.16
548
2 18 0 26 62.87
344
3 36 10 48 192.09
1051
4 2 4 36 303.03
1658
5 9 1 20 99.61
545
6 16 9 43 417.99
2287
7 1 37 48 201.23
1101
8 1 25 40 84.99
465
9 14 0 48 629.82
3446
10 13 4 48 72.19
395
11 14 24 47 301.75
1651
12 19 9 47 99.24
543
13 12 21 48 113.86
623
14 16 12 33 108.20
592
15 7 6 47 463.87
2538
16 14 27 48 186.97
1023
17 24 22 47 702.02
3841
18 22 13 45 160.65
879
19 9 13 47 76.76
420
20 11 18 48 634.94
3474
21 7 1 46 414.52
2268
22 13 5 48 392.77
2149
23 30 4 41 32.17
176
24 1 0 39 72.01
394
