30
1
5
0 190 0.1 0.0
5303
1 150 0.1 0.1
5520
2 190 0.1 0.0
5529
3 190 0.1 0.0
5454
4 170 0.1 0.1
5552
25
0 18 0 20 195.79
1071
1 8 2 40 247.16
1352
2 20 6 47 449.72
2460
3 9 6 31 178.79
978
4 6 8 21 234.91
1285
5 25 16 46 2.01
11
6 6 3 20 54.11
296
7 8 10 36 474.76
2597
8 9 0 46 24.31
133
9 23 2 46 621.01
3397
10 17 18 48 243.32
1331
11 23 23 47 610.41
3339
12 4 13 47 574.95
3145
13 3 25 48 536.74
2936
14 7 4 38 167.82
918
15 11 4 40 13.35
73
16 7 39 47 685.73
3751
17 10 7 48 100.73
551
18 3 34 47 259.59
1420
19 17 0 48 18.65
102
20 8 5 48 73.49
402
21 5 3 34 286.47
1567
22 23 5 45 19.38
106
23 6 6 44 443.32
2425
24 3 42 48 280.25
1533
