30
1
5
0 150 0.1 0.1
5444
1 120 0.1 0.1
5435
2 150 0.1 0.1
5579
3 170 0.1 0.1
5495
4 150 0.1 0.1
5509
25
0 4 4 18 58.81
323
1 2 0 47 628.92
3454
2 26 8 47 336.49
1848
3 5 2 24 404.96
2224
4 17 9 48 446.84
2454
5 14 0 39 152.22
836
6 2 17 48 108.16
594
7 9 0 47 623.83
3426
8 24 1 46 345.42
1897
9 30 7 47 584.86
3212
10 26 7 48 84.31
463
11 1 0 32 166.24
913
12 1 34 47 529.69
2909
13 8 0 44 73.93
406
14 19 3 48 1.27
7
15 1 11 48 406.78
2234
16 10 2 32 593.60
3260
17 13 5 39 50.07
275
18 33 1 48 66.28
364
19 20 3 47 109.80
603
20 27 5 47 134.02
736
21 1 0 1 356.52
1958
22 18 0 28 14.38
79
23 12 1 29 278.41
1529
24 21 13 48 74.11
407
