30
1
5
0 120 0.1 0.1
5551
1 130 0.0 0.1
5479
2 120 0.1 0.1
5435
3 130 0.0 0.1
5500
4 150 0.1 0.1
5550
25
0 11 0 20 392.36
2159
1 6 0 19 612.98
3373
2 39 7 48 48.89
269
3 17 22 47 521.02
2867
4 7 0 46 202.81
1116
5 6 7 47 366.91
2019
6 1 31 48 851.23
4684
7 9 31 48 372.37
2049
8 23 6 47 299.49
1648
9 34 6 44 132.30
728
10 6 40 47 531.02
2922
11 22 0 38 51.07
281
12 25 1 48 396.17
2180
13 17 20 40 75.42
415
14 8 10 47 220.62
1214
15 32 11 47 285.68
1572
16 18 0 26 103.95
572
17 7 22 47 292.40
1609
18 20 13 36 345.65
1902
19 9 25 40 321.85
1771
20 39 0 43 128.12
705
21 4 13 47 423.80
2332
22 22 19 47 289.50
1593
23 4 0 47 192.63
1060
24 13 3 28 344.20
1894
