30
1
5
0 170 0.1 0.1
5547
1 120 0.1 0.1
5437
2 120 0.1 0.1
5372
3 170 0.1 0.1
5395
4 120 0.1 0.1
5507
25
0 14 9 44 414.80
2261
1 6 0 23 212.63
1159
2 16 18 47 482.68
2631
3 16 6 35 272.25
1484
4 16 1 45 4.95
27
5 12 26 48 223.82
1220
6 5 42 47 542.49
2957
7 17 2 29 177.04
965
8 9 25 47 599.91
3270
9 17 3 28 206.39
1125
10 10 29 41 4.04
22
11 13 5 47 337.20
1838
12 18 6 47 172.27
939
13 6 1 41 363.98
1984
14 28 6 37 233.73
1274
15 12 13 47 208.78
1138
16 10 0 48 186.21
1015
17 11 1 30 65.86
359
18 11 15 48 455.71
2484
19 10 2 39 528.00
2878
20 17 1 41 273.17
1489
21 12 5 34 389.30
2122
22 19 13 34 54.49
297
23 20 10 48 624.86
3406
24 13 1 32 75.03
409
