30
1
5
0 150 0.1 0.1
5402
1 120 0.1 0.1
5553
2 130 0.0 0.1
5556
3 150 0.1 0.1
5661
4 190 0.1 0.0
5619
25
0 24 8 47 344.98
1917
1 7 2 35 144.33
802
2 9 2 41 761.23
4230
3 22 15 41 195.62
1087
4 9 19 48 353.08
1962
5 25 3 46 270.66
1504
6 5 0 36 196.16
1090
7 26 3 48 422.01
2345
8 8 11 47 578.03
3212
9 8 25 47 258.42
1436
10 3 0 42 477.25
2652
11 32 10 47 121.47
675
12 7 1 41 142.53
792
13 38 8 47 23.03
128
14 12 5 44 112.12
623
15 6 2 11 280.56
1559
16 26 0 38 560.58
3115
17 3 29 41 10.08
56
18 22 8 44 315.83
1755
19 17 0 48 303.95
1689
20 1 20 48 26.09
145
21 4 0 46 489.13
2718
22 1 29 48 429.56
2387
23 3 1 48 317.27
1763
24 6 2 43 483.55
2687
