30
1
5
0 120 0.1 0.1
5441
1 170 0.1 0.1
5369
2 130 0.0 0.1
5523
3 150 0.1 0.1
5577
4 170 0.1 0.1
5519
25
0 10 5 17 441.03
2419
1 4 23 48 334.74
1836
2 1 4 48 116.87
641
3 34 4 48 481.69
2642
4 8 4 19 118.51
650
5 12 1 15 243.03
1333
6 27 3 48 486.43
2668
7 8 12 33 185.42
1017
8 8 4 47 480.96
2638
9 18 4 39 37.92
208
10 10 6 48 39.02
214
11 17 9 48 216.05
1185
12 12 12 48 232.64
1276
13 7 7 48 198.18
1087
14 22 0 34 115.04
631
15 17 14 48 430.46
2361
16 15 0 32 123.07
675
17 13 1 38 321.43
1763
18 5 22 48 618.43
3392
19 9 1 31 242.67
1331
20 16 8 46 410.40
2251
21 3 10 48 84.23
462
22 29 0 32 355.89
1952
23 19 1 37 422.80
2319
24 9 13 32 110.12
604
