30
1
5
0 130 0.0 0.1
5470
1 130 0.0 0.1
5488
2 130 0.0 0.1
5501
3 130 0.0 0.1
5408
4 150 0.1 0.1
5591
25
0 4 8 47 398.29
2187
1 19 10 42 655.44
3599
2 12 20 44 106.72
586
3 21 3 42 243.67
1338
4 17 4 40 320.34
1759
5 10 20 48 466.04
2559
6 8 11 48 315.24
1731
7 13 0 47 24.40
134
8 16 23 48 172.65
948
9 19 11 47 268.08
1472
10 11 15 48 32.96
181
11 17 6 44 253.33
1391
12 11 12 47 150.25
825
13 21 1 47 68.84
378
14 13 5 35 486.25
2670
15 21 0 29 206.52
1134
16 4 8 34 185.40
1018
17 19 20 47 415.41
2281
18 16 21 47 47.90
263
19 5 2 48 216.54
1189
20 13 0 35 346.93
1905
21 25 0 42 66.65
366
22 28 2 39 274.81
1509
23 4 1 25 396.47
2177
24 21 0 26 314.33
1726
