30
1
5
0 150 0.1 0.1
5383
1 130 0.0 0.1
5467
2 130 0.0 0.1
5392
3 120 0.1 0.1
5506
4 120 0.1 0.1
5470
25
0 13 8 22 110.60
602
1 23 7 48 744.23
4051
2 10 1 37 262.35
1428
3 20 12 47 273.00
1486
4 3 0 48 125.11
681
5 5 10 44 448.08
2439
6 25 5 46 101.96
555
7 32 7 48 501.73
2731
8 10 0 47 217.15
1182
9 5 31 47 76.61
417
10 2 0 21 561.07
3054
11 7 7 30 266.57
1451
12 28 16 46 711.72
3874
13 7 9 34 137.97
751
14 19 1 47 14.70
80
15 3 16 47 14.33
78
16 2 0 15 172.69
940
17 12 0 19 129.15
703
18 23 14 43 311.58
1696
19 29 8 48 255.55
1391
20 16 0 31 353.10
1922
21 4 20 48 440.00
2395
22 20 2 24 111.15
605
23 14 6 44 120.15
654
24 13 1 33 678.65
3694
