30
1
5
0 190 0.1 0.0
5466
1 120 0.1 0.1
5425
2 120 0.1 0.1
5375
3 170 0.1 0.1
5528
4 130 0.0 0.1
5548
25
0 18 17 40 461.08
2521
1 23 6 45 23.78
130
2 21 3 33 207.58
1135
3 10 0 48 94.01
514
4 6 5 20 415.17
2270
5 8 18 48 354.63
1939
6 10 6 45 161.50
883
7 6 4 41 143.39
784
8 5 0 7 442.60
2420
9 11 1 34 124.00
678
10 11 2 17 203.56
1113
11 14 13 27 556.36
3042
12 18 2 47 73.52
402
13 17 3 43 134.43
735
14 8 3 24 118.52
648
15 5 21 48 30.91
169
16 7 6 45 282.21
1543
17 8 5 47 34.38
188
18 19 26 47 144.85
792
19 2 0 40 132.96
727
20 10 5 27 780.96
4270
21 25 2 43 31.46
172
22 19 0 40 660.06
3609
23 5 0 13 146.32
800
24 2 0 38 455.41
2490
