30
1
5
0 150 0.1 0.1
5577
1 120 0.1 0.1
5647
2 190 0.1 0.0
5645
3 130 0.0 0.1
5434
4 190 0.1 0.0
5565
25
0 13 16 47 111.98
624
1 23 5 48 20.64
115
2 4 36 48 673.48
3753
3 3 0 44 347.42
1936
4 2 4 45 284.97
1588
5 27 11 48 161.33
899
6 9 3 17 347.06
1934
7 2 43 48 589.50
3285
8 20 16 47 361.78
2016
9 6 17 48 237.59
1324
10 2 40 48 146.07
814
11 26 1 40 427.10
2380
12 31 4 44 228.26
1272
13 7 21 48 273.13
1522
14 3 3 47 32.84
183
15 32 4 37 89.55
499
16 9 4 37 616.96
3438
17 27 11 44 43.79
244
18 26 3 41 408.97
2279
19 8 5 48 246.57
1374
20 26 18 47 570.66
3180
21 1 0 12 258.59
1441
22 3 0 14 342.04
1906
23 22 0 32 89.01
496
24 37 0 47 472.68
2634
