30
1
5
0 150 0.1 0.1
5617
1 130 0.0 0.1
5524
2 190 0.1 0.0
5383
3 130 0.0 0.1
5546
4 150 0.1 0.1
5438
25
0 18 6 29 63.63
350
1 8 21 48 285.44
1570
2 6 27 46 275.44
1515
3 18 14 37 452.33
2488
4 6 14 38 95.08
523
5 1 4 40 503.24
2768
6 23 13 47 282.53
1554
7 1 23 27 273.07
1502
8 33 0 36 369.43
2032
9 9 22 40 298.34
1641
10 18 29 47 637.05
3504
11 25 1 35 141.63
779
12 7 2 44 195.99
1078
13 12 13 48 56.18
309
14 20 6 43 296.71
1632
15 8 0 48 266.53
1466
16 16 8 42 317.80
1748
17 10 20 48 387.97
2134
18 21 4 27 243.98
1342
19 34 1 40 494.15
2718
20 22 11 48 151.08
831
21 12 11 48 443.24
2438
22 13 3 33 218.53
1202
23 21 3 26 88.72
488
24 9 0 47 131.45
723
