30
1
5
0 190 0.1 0.0
5475
1 130 0.0 0.1
5542
2 150 0.1 0.1
5435
3 150 0.1 0.1
5384
4 120 0.1 0.1
5595
25
0 6 8 48 151.32
830
1 10 8 44 96.81
531
2 13 6 25 195.98
1075
3 16 2 43 897.69
4924
4 6 7 48 482.94
2649
5 3 0 25 29.90
164
6 24 1 45 112.30
616
7 11 11 35 165.90
910
8 11 1 48 253.41
1390
9 12 26 45 86.96
477
10 30 17 47 255.42
1401
11 14 1 42 389.05
2134
12 22 13 48 438.45
2405
13 15 10 42 142.20
780
14 25 0 34 143.84
789
15 28 9 46 363.53
1994
16 8 29 47 270.00
1481
17 5 16 46 233.54
1281
18 27 0 30 53.96
296
19 5 11 26 305.19
1674
20 3 0 33 228.62
1254
21 7 1 20 418.95
2298
22 7 33 48 389.23
2135
23 17 26 48 508.64
2790
24 13 29 48 212.03
1163
