30
1
5
0 130 0.0 0.1
5462
1 130 0.0 0.1
5653
2 120 0.1 0.1
5292
3 170 0.1 0.1
5547
4 170 0.1 0.1
5430
25
0 31 3 46 192.91
1056
1 7 2 48 690.34
3779
2 19 11 48 87.68
480
3 1 11 48 98.10
537
4 15 15 47 432.40
2367
5 15 12 42 508.21
2782
6 22 6 34 121.30
664
7 28 18 47 666.59
3649
8 10 0 48 76.54
419
9 16 2 48 38.00
208
10 1 32 48 94.63
518
11 2 0 33 457.79
2506
12 17 14 38 87.68
480
13 9 19 48 275.29
1507
14 19 10 44 438.61
2401
15 34 7 46 91.34
500
16 41 2 47 626.76
3431
17 20 19 47 101.93
558
18 26 2 35 533.42
2920
19 1 31 47 256.11
1402
20 2 12 39 203.50
1114
21 3 1 41 156.19
855
22 9 17 48 536.70
2938
23 12 0 40 107.41
588
24 4 0 19 473.86
2594
