30
1
5
0 190 0.1 0.0
5534
1 120 0.1 0.1
5465
2 120 0.1 0.1
5515
3 170 0.1 0.1
5469
4 120 0.1 0.1
5546
25
0 8 3 38 524.74
2889
1 19 10 47 429.56
2365
2 27 17 48 167.83
924
3 35 3 46 174.00
958
4 3 12 48 55.22
304
5 4 16 43 174.55
961
6 16 6 31 137.86
759
7 33 0 40 122.78
676
8 24 5 47 646.98
3562
9 3 9 47 514.20
2831
10 15 15 48 128.96
710
11 27 9 47 379.25
2088
12 17 2 34 202.88
1117
13 3 25 48 95.18
524
14 6 22 44 332.93
1833
15 18 22 48 334.75
1843
16 8 3 42 152.57
840
17 17 0 41 372.71
2052
18 3 0 47 481.69
2652
19 11 0 34 399.05
2197
20 17 8 45 384.34
2116
21 3 7 48 262.46
1445
22 14 4 48 78.47
432
23 3 12 19 280.99
1547
24 12 3 18 270.45
1489
