30
1
5
0 170 0.1 0.1
5353
1 150 0.1 0.1
5365
2 120 0.1 0.1
5480
3 120 0.1 0.1
5558
4 130 0.0 0.1
5436
25
0 3 27 42 281.20
1529
1 16 0 33 451.69
2456
2 4 14 47 80.74
439
3 4 0 46 24.46
133
4 11 34 48 16.18
88
5 7 27 47 436.79
2375
6 10 10 29 122.49
666
7 26 0 26 332.51
1808
8 14 27 47 511.83
2783
9 2 0 33 866.05
4709
10 4 9 35 396.88
2158
11 5 17 45 21.52
117
12 12 20 48 190.72
1037
13 5 31 47 232.83
1266
14 16 14 48 423.74
2304
15 36 1 43 274.58
1493
16 6 16 48 548.80
2984
17 11 14 47 141.06
767
18 32 0 40 690.23
3753
19 21 5 46 515.32
2802
20 10 9 44 277.52
1509
21 2 0 2 42.30
230
22 14 9 40 254.17
1382
23 36 4 47 18.02
98
24 4 13 47 664.29
3612
