30
1
5
0 120 0.1 0.1
5587
1 170 0.1 0.1
5292
2 130 0.0 0.1
5404
3 150 0.1 0.1
5429
4 170 0.1 0.1
5457
25
0 2 0 28 556.87
3025
1 18 13 46 32.95
179
2 13 12 47 406.29
2207
3 21 25 48 45.84
249
4 16 0 44 175.81
955
5 20 15 42 524.10
2847
6 22 24 47 615.41
3343
7 9 11 47 509.19
2766
8 38 3 48 675.79
3671
9 16 5 47 650.20
3532
10 15 2 48 278.71
1514
11 6 0 39 48.97
266
12 13 14 47 288.84
1569
13 2 0 7 538.83
2927
14 13 15 38 317.00
1722
15 7 1 35 74.56
405
16 18 1 24 16.38
89
17 2 0 20 58.36
317
18 29 9 48 75.84
412
19 13 12 35 258.46
1404
20 5 0 18 598.66
3252
21 38 9 48 7.92
43
22 9 4 32 174.88
950
23 4 2 15 74.56
405
24 15 12 29 377.57
2051
