30
1
5
0 170 0.1 0.1
5504
1 170 0.1 0.1
5405
2 170 0.1 0.1
5445
3 130 0.0 0.1
5569
4 130 0.0 0.1
5596
25
0 32 11 47 49.61
273
1 8 7 48 177.00
974
2 3 41 47 270.22
1487
3 1 0 28 411.06
2262
4 19 3 48 6.18
34
5 10 15 45 139.93
770
6 28 16 48 40.34
222
7 3 14 47 621.86
3422
8 2 1 48 110.49
608
9 17 9 44 34.35
189
10 45 0 47 804.49
4427
11 2 43 48 95.77
527
12 19 2 40 499.92
2751
13 43 0 47 928.61
5110
14 9 4 37 34.35
189
15 13 0 45 89.59
493
16 19 4 32 3.82
21
17 10 19 48 360.90
1986
18 21 17 47 67.78
373
19 4 0 15 334.37
1840
20 2 44 47 470.85
2591
21 2 0 24 404.70
2227
22 31 8 48 253.69
1396
23 3 0 12 95.04
523
24 24 6 47 405.24
2230
