30
1
5
0 130 0.0 0.1
5527
1 170 0.1 0.1
5526
2 150 0.1 0.1
5504
3 130 0.0 0.1
5506
4 170 0.1 0.1
5477
25
0 8 0 47 9.62
53
1 34 5 40 379.63
2091
2 3 0 47 217.32
1197
3 17 16 47 234.21
1290
4 8 15 48 333.34
1836
5 14 6 37 699.35
3852
6 35 1 39 403.05
2220
7 2 33 46 207.34
1142
8 30 12 48 244.74
1348
9 4 19 47 278.51
1534
10 11 0 48 654.87
3607
11 1 15 35 87.51
482
12 14 13 48 454.98
2506
13 19 9 40 261.26
1439
14 13 16 47 27.23
150
15 20 25 48 50.65
279
16 32 8 47 498.73
2747
17 4 29 47 99.67
549
18 17 3 48 542.67
2989
19 21 1 30 348.04
1917
20 2 18 47 251.27
1384
21 7 25 48 397.24
2188
22 1 21 37 206.07
1135
23 10 4 47 24.33
134
24 25 1 45 156.14
860
