30
1
5
0 150 0.1 0.1
5418
1 120 0.1 0.1
5565
2 150 0.1 0.1
5400
3 130 0.0 0.1
5504
4 130 0.0 0.1
5586
25
0 11 3 32 201.14
1105
1 25 19 47 895.05
4917
2 4 13 45 14.02
77
3 9 17 45 95.20
523
4 36 1 48 163.83
900
5 13 32 48 60.43
332
6 10 18 47 416.12
2286
7 13 0 37 234.09
1286
8 10 20 47 187.67
1031
9 5 8 34 167.83
922
10 4 1 13 159.46
876
11 11 10 48 678.79
3729
12 19 28 47 315.10
1731
13 10 0 36 359.33
1974
14 6 1 34 165.10
907
15 7 0 29 33.13
182
16 15 1 42 394.10
2165
17 17 12 33 152.00
835
18 7 0 37 168.56
926
19 14 21 48 440.51
2420
20 18 8 48 276.87
1521
21 30 3 35 595.79
3273
22 15 21 48 208.79
1147
23 7 0 23 450.16
2473
24 16 0 22 45.69
251
