30
1
5
0 150 0.1 0.1
5594
1 150 0.1 0.1
5411
2 150 0.1 0.1
5558
3 190 0.1 0.0
5478
4 130 0.0 0.1
5360
25
0 33 9 48 278.35
1525
1 24 9 47 358.11
1962
2 3 37 48 582.97
3194
3 23 0 35 534.61
2929
4 25 0 48 271.59
1488
5 17 8 47 520.55
2852
6 15 29 47 44.54
244
7 9 16 44 380.01
2082
8 14 1 20 379.28
2078
9 17 12 47 0.37
2
10 3 15 47 374.90
2054
11 6 2 27 648.32
3552
12 11 3 26 503.58
2759
13 3 15 35 42.89
235
14 8 4 45 167.01
915
15 2 25 47 250.42
1372
16 40 2 46 49.65
272
17 21 1 38 314.48
1723
18 4 15 46 689.57
3778
19 11 3 32 174.86
958
20 15 26 44 152.22
834
21 10 7 47 363.22
1990
22 10 13 48 201.50
1104
23 4 34 47 56.76
311
24 2 0 47 176.86
969
