30
1
5
0 170 0.1 0.1
5568
1 150 0.1 0.1
5491
2 130 0.0 0.1
5595
3 130 0.0 0.1
5541
4 190 0.1 0.0
5407
25
0 9 14 47 240.78
1329
1 8 6 47 604.94
3339
2 6 21 48 127.00
701
3 20 13 41 10.51
58
4 10 33 48 549.86
3035
5 1 0 39 406.91
2246
6 29 3 47 318.50
1758
7 9 0 29 159.25
879
8 8 0 24 164.69
909
9 37 3 48 368.51
2034
10 4 34 48 413.62
2283
11 17 8 47 343.87
1898
12 19 1 30 3.80
21
13 8 0 28 179.90
993
14 6 4 26 596.96
3295
15 25 6 47 125.91
695
16 3 40 47 354.74
1958
17 17 2 34 469.24
2590
18 15 8 39 527.03
2909
19 22 14 45 203.09
1121
20 12 4 44 30.44
168
21 6 26 47 15.76
87
22 39 0 48 254.55
1405
23 14 1 41 433.36
2392
24 5 3 47 219.58
1212
