30
1
5
0 170 0.1 0.1
5681
1 150 0.1 0.1
5449
2 130 0.0 0.1
5385
3 170 0.1 0.1
5429
4 130 0.0 0.1
5368
25
0 4 37 48 96.33
526
1 4 22 47 83.15
454
2 4 26 40 208.79
1140
3 7 1 47 301.83
1648
4 26 3 42 467.21
2551
5 30 15 47 469.40
2563
6 26 6 35 170.88
933
7 9 10 47 818.11
4467
8 8 0 22 688.63
3760
9 12 7 22 88.64
484
10 28 0 46 60.99
333
11 7 1 47 9.34
51
12 5 14 39 588.08
3211
13 17 15 45 70.15
383
14 11 11 45 83.88
458
15 3 1 39 281.13
1535
16 11 24 48 173.62
948
17 7 5 31 453.47
2476
18 1 17 47 527.09
2878
19 2 0 48 164.28
897
20 6 17 48 96.15
525
21 2 1 25 514.09
2807
22 28 8 46 645.41
3524
23 36 3 47 542.85
2964
24 44 3 47 229.48
1253
