30
1
5
0 130 0.0 0.1
5657
1 150 0.1 0.1
5408
2 150 0.1 0.1
5455
3 130 0.0 0.1
5617
4 190 0.1 0.0
5433
25
0 16 0 40 359.39
1981
1 6 5 48 358.48
1976
2 13 10 48 507.25
2796
3 3 0 4 281.20
1550
4 22 2 33 0.54
3
5 18 5 47 289.18
1594
6 7 2 48 7.80
43
7 12 8 48 917.80
5059
8 5 28 48 362.84
2000
9 18 11 43 7.80
43
10 16 5 43 642.04
3539
11 2 19 48 426.52
2351
12 12 4 17 196.29
1082
13 17 3 32 765.40
4219
14 3 0 34 89.44
493
15 9 13 47 36.10
199
16 10 3 44 188.13
1037
17 9 32 47 468.24
2581
18 8 16 24 70.39
388
19 8 12 47 607.21
3347
20 5 4 31 140.24
773
21 16 2 37 24.13
133
22 15 1 21 90.89
501
23 10 4 29 76.38
421
24 25 0 43 292.08
1610
