30
1
5
0 150 0.1 0.1
5578
1 170 0.1 0.1
5409
2 120 0.1 0.1
5529
3 150 0.1 0.1
5329
4 190 0.1 0.0
5451
25
0 15 11 48 308.00
1681
1 41 1 44 471.99
2576
2 12 5 36 622.78
3399
3 21 1 32 139.98
764
4 5 0 28 84.65
462
5 17 0 23 153.91
840
6 25 16 44 75.85
414
7 2 19 41 386.05
2107
8 34 8 48 144.38
788
9 12 8 44 253.40
1383
10 18 0 35 328.89
1795
11 7 28 48 375.98
2052
12 5 21 48 60.46
330
13 13 14 47 181.76
992
14 6 26 48 68.16
372
15 18 7 46 407.86
2226
16 3 3 48 307.82
1680
17 13 34 47 603.36
3293
18 18 8 47 98.03
535
19 23 8 39 511.75
2793
20 6 29 47 24.37
133
21 3 0 6 139.07
759
22 5 41 48 350.14
1911
23 31 2 34 332.00
1812
24 2 0 36 487.56
2661
