30
1
5
0 170 0.1 0.1
5693
1 190 0.1 0.0
5527
2 130 0.0 0.1
5472
3 150 0.1 0.1
5294
4 130 0.0 0.1
5419
25
0 7 12 48 113.55
622
1 1 14 29 563.90
3089
2 24 16 48 618.12
3386
3 3 11 38 387.38
2122
4 7 14 48 681.83
3735
5 12 20 47 120.12
658
6 22 5 47 85.25
467
7 3 6 47 87.81
481
8 16 16 48 134.72
738
9 18 3 39 160.83
881
10 12 24 48 547.29
2998
11 18 1 42 115.37
632
12 9 0 20 78.68
431
13 2 1 45 616.11
3375
14 9 1 17 109.17
598
15 40 1 48 265.07
1452
16 9 4 28 36.88
202
17 28 3 48 467.70
2562
18 9 1 33 723.46
3963
19 9 28 48 230.56
1263
20 22 1 41 581.06
3183
21 1 12 44 25.19
138
22 10 2 32 91.64
502
23 13 24 38 507.68
2781
24 24 21 48 140.20
768
