30
1
5
0 170 0.1 0.1
5442
1 170 0.1 0.1
5677
2 150 0.1 0.1
5624
3 170 0.1 0.1
5418
4 130 0.0 0.1
5696
25
0 13 5 37 226.98
1264
1 18 0 26 80.81
450
2 7 2 47 475.32
2647
3 5 11 39 401.16
2234
4 3 36 47 448.92
2500
5 36 1 42 21.01
117
6 29 13 47 89.61
499
7 8 10 48 572.83
3190
8 22 0 48 424.32
2363
9 6 3 19 25.50
142
10 16 0 36 224.82
1252
11 14 3 48 522.19
2908
12 19 0 34 407.62
2270
13 4 25 47 16.16
90
14 1 0 35 106.31
592
15 11 28 48 335.79
1870
16 10 1 39 111.33
620
17 3 40 47 328.97
1832
18 7 0 42 203.99
1136
19 33 5 47 196.81
1096
20 13 29 48 54.05
301
21 34 4 39 467.06
2601
22 1 0 4 437.25
2435
23 9 32 48 91.22
508
24 18 12 48 489.15
2724
