30
1
5
0 130 0.0 0.1
5599
1 130 0.0 0.1
5483
2 130 0.0 0.1
5386
3 150 0.1 0.1
5504
4 170 0.1 0.1
5538
25
0 11 32 47 411.19
2262
1 8 1 13 54.90
302
2 6 0 48 348.48
1917
3 6 1 44 311.21
1712
4 18 1 48 16.72
92
5 21 13 47 505.72
2782
6 8 19 47 310.66
1709
7 2 8 45 86.35
475
8 29 3 38 262.13
1442
9 9 2 15 156.15
859
10 20 27 47 482.09
2652
11 7 13 42 11.45
63
12 6 7 14 377.74
2078
13 20 0 29 39.81
219
14 18 18 47 400.10
2201
15 18 0 42 269.22
1481
16 9 2 23 209.41
1152
17 9 10 47 207.59
1142
18 6 0 22 788.02
4335
19 7 10 43 363.56
2000
20 5 3 45 167.60
922
21 8 0 20 619.33
3407
22 2 6 27 593.15
3263
23 13 4 34 329.21
1811
24 18 5 48 130.70
719
