30
1
5
0 190 0.1 0.0
5495
1 130 0.0 0.1
5391
2 150 0.1 0.1
5503
3 150 0.1 0.1
5570
4 170 0.1 0.1
5519
25
0 16 11 32 191.27
1051
1 22 0 46 101.00
555
2 29 5 48 555.60
3053
3 14 0 26 224.02
1231
4 14 9 47 601.09
3303
5 6 0 27 236.40
1299
6 7 1 40 297.18
1633
7 11 18 47 208.01
1143
8 5 1 23 48.04
264
9 9 1 46 187.26
1029
10 16 0 48 19.84
109
11 6 12 27 268.61
1476
12 19 4 38 49.68
273
13 12 8 48 361.79
1988
14 10 0 24 419.29
2304
15 37 1 45 658.78
3620
16 27 0 40 19.84
109
17 2 6 48 542.13
2979
18 21 1 41 567.61
3119
19 16 12 47 169.43
931
20 17 12 47 241.68
1328
21 12 10 48 121.38
667
22 13 5 44 452.05
2484
23 13 26 48 243.50
1338
24 2 22 45 149.77
823
