30
1
5
0 120 0.1 0.1
5366
1 190 0.1 0.0
5400
2 170 0.1 0.1
5424
3 120 0.1 0.1
5580
4 120 0.1 0.1
5405
25
0 25 0 28 197.46
1073
1 14 5 40 18.77
102
2 12 0 47 740.52
4024
3 35 11 47 481.60
2617
4 4 19 48 566.62
3079
5 10 9 48 178.69
971
6 38 0 46 142.99
777
7 16 0 48 398.23
2164
8 22 7 41 474.42
2578
9 4 1 37 211.08
1147
10 15 13 47 381.86
2075
11 7 18 48 385.35
2094
12 10 0 25 280.46
1524
13 12 1 25 250.46
1361
14 14 20 47 354.80
1928
15 20 3 25 347.44
1888
16 4 15 48 130.29
708
17 20 4 39 97.72
531
18 3 2 48 14.35
78
19 12 6 42 33.86
184
20 3 0 14 23.92
130
21 3 0 29 293.52
1595
22 28 1 31 229.48
1247
23 24 3 47 62.39
339
24 8 32 47 110.42
600
