30
1
5
0 130 0.0 0.1
5334
1 170 0.1 0.1
5561
2 190 0.1 0.0
5385
3 150 0.1 0.1
5435
4 120 0.1 0.1
5560
25
0 1 0 32 125.24
683
1 40 1 47 196.57
1072
2 4 2 18 272.30
1485
3 39 1 47 657.93
3588
4 4 3 47 114.97
627
5 9 38 47 156.41
853
6 4 3 17 50.43
275
7 1 0 26 382.51
2086
8 5 37 47 743.02
4052
9 22 16 47 233.80
1275
10 9 7 31 356.47
1944
11 1 0 25 204.64
1116
12 33 3 47 124.32
678
13 24 3 48 368.76
2011
14 5 20 44 589.72
3216
15 23 1 47 412.58
2250
16 4 2 11 349.32
1905
17 1 0 27 478.23
2608
18 21 2 43 40.16
219
19 5 21 46 15.59
85
20 1 0 18 57.94
316
21 34 3 48 41.26
225
22 23 0 34 173.47
946
23 28 8 40 138.99
758
24 4 1 30 192.72
1051
