30
1
5
0 120 0.1 0.1
5581
1 190 0.1 0.0
5410
2 190 0.1 0.0
5620
3 130 0.0 0.1
5408
4 170 0.1 0.1
5429
25
0 32 3 42 350.76
1925
1 5 33 48 699.88
3841
2 24 2 45 249.81
1371
3 20 22 47 609.14
3343
4 8 2 35 497.99
2733
5 16 2 18 197.34
1083
6 5 39 48 258.38
1418
7 4 17 37 304.30
1670
8 17 23 48 104.77
575
9 20 6 48 15.85
87
10 26 15 47 680.57
3735
11 21 24 48 223.39
1226
12 3 0 38 240.16
1318
13 1 6 14 59.77
328
14 12 32 47 789.89
4335
15 10 4 22 144.49
793
16 3 0 42 196.61
1079
17 32 2 45 200.80
1102
18 9 4 20 383.74
2106
19 4 0 47 204.26
1121
20 5 1 34 98.40
540
21 19 0 38 68.15
374
22 12 2 20 311.58
1710
23 12 0 38 348.94
1915
24 16 11 36 28.97
159
