30
1
5
0 120 0.1 0.1
5434
1 150 0.1 0.1
5489
2 150 0.1 0.1
5482
3 170 0.1 0.1
5443
4 190 0.1 0.0
5487
25
0 5 19 39 179.08
979
1 21 3 45 76.83
420
2 8 3 32 31.83
174
3 34 13 48 784.91
4291
4 10 23 48 645.89
3531
5 11 0 35 855.33
4676
6 31 8 47 445.04
2433
7 39 0 48 144.32
789
8 4 9 40 61.46
336
9 17 2 28 430.41
2353
10 7 12 47 222.61
1217
11 8 27 48 367.30
2008
12 4 9 30 215.84
1180
13 8 36 47 261.57
1430
14 27 9 48 34.02
186
15 6 1 14 35.12
192
16 9 3 41 220.78
1207
17 10 6 41 482.17
2636
18 3 0 10 625.40
3419
19 20 10 34 222.80
1218
20 19 3 36 865.94
4734
21 7 5 29 27.07
148
22 7 0 45 251.70
1376
23 6 3 17 4.94
27
24 14 27 47 55.97
306
