30
1
5
0 170 0.1 0.1
5516
1 190 0.1 0.0
5532
2 170 0.1 0.1
5567
3 170 0.1 0.1
5536
4 130 0.0 0.1
5686
25
0 18 2 32 234.97
1308
1 16 12 47 189.16
1053
2 5 3 37 259.58
1445
3 4 0 15 479.46
2669
4 1 0 36 308.08
1715
5 7 2 44 276.64
1540
6 15 1 48 221.49
1233
7 26 10 47 285.27
1588
8 3 4 48 213.59
1189
9 35 3 44 288.68
1607
10 18 9 47 722.33
4021
11 1 0 26 338.08
1882
12 20 0 46 435.44
2424
13 13 3 27 74.19
413
14 26 17 47 359.82
2003
15 14 0 38 12.93
72
16 15 8 45 419.82
2337
17 30 1 47 1.26
7
18 6 8 47 362.33
2017
19 18 1 46 55.69
310
20 12 2 27 491.31
2735
21 11 28 48 90.18
502
22 7 13 43 377.42
2101
23 21 2 42 659.99
3674
24 14 30 47 351.55
1957
