30
1
5
0 150 0.1 0.1
5587
1 130 0.0 0.1
5366
2 170 0.1 0.1
5557
3 130 0.0 0.1
5507
4 120 0.1 0.1
5435
25
0 23 2 46 62.30
342
1 7 24 48 58.30
320
2 8 17 38 130.80
718
3 13 0 24 186.00
1021
4 6 14 44 78.34
430
5 11 29 45 327.55
1798
6 3 7 47 644.17
3536
7 28 0 46 136.45
749
8 1 0 22 244.30
1341
9 1 0 6 124.61
684
10 26 1 28 169.24
929
11 32 0 48 80.89
444
12 12 3 32 369.27
2027
13 6 15 24 184.91
1015
14 17 12 47 197.66
1085
15 25 4 45 167.24
918
16 10 0 38 137.91
757
17 9 6 46 250.86
1377
18 12 28 47 619.03
3398
19 19 13 48 681.52
3741
20 12 2 38 78.52
431
21 8 7 45 427.20
2345
22 3 2 48 667.49
3664
23 2 31 47 434.31
2384
24 15 4 30 386.03
2119
