30
1
5
0 190 0.1 0.0
5559
1 170 0.1 0.1
5644
2 130 0.0 0.1
5472
3 170 0.1 0.1
5475
4 170 0.1 0.1
5469
25
0 25 15 48 348.91
1927
1 5 7 42 183.96
1016
2 22 22 47 367.74
2031
3 11 1 48 646.39
3570
4 16 2 22 267.07
1475
5 1 9 47 32.41
179
6 4 0 30 267.97
1480
7 13 8 28 33.32
184
8 7 3 20 443.06
2447
9 16 8 47 404.68
2235
10 40 4 46 34.40
190
11 11 13 47 321.02
1773
12 23 6 38 56.85
314
13 21 0 42 415.00
2292
14 4 15 40 48.52
268
15 16 0 42 399.61
2207
16 8 0 38 210.39
1162
17 3 14 32 442.16
2442
18 13 0 18 46.90
259
19 1 22 48 852.99
4711
20 15 25 48 295.86
1634
21 6 0 28 141.05
779
22 19 1 31 192.11
1061
23 5 1 25 67.36
372
24 18 12 47 27.34
151
