30
1
5
0 190 0.1 0.0
5599
1 150 0.1 0.1
5400
2 170 0.1 0.1
5569
3 190 0.1 0.0
5627
4 170 0.1 0.1
5476
25
0 11 2 45 110.07
609
1 17 3 35 20.60
114
2 14 27 47 149.11
825
3 4 0 23 415.51
2299
4 26 8 45 67.41
373
5 21 1 35 139.71
773
6 19 0 40 669.27
3703
7 2 6 31 30.36
168
8 2 2 34 649.21
3592
9 39 8 48 536.97
2971
10 16 8 37 759.27
4201
11 3 17 47 48.80
270
12 21 1 46 35.97
199
13 4 19 46 266.04
1472
14 18 5 48 564.80
3125
15 16 1 38 514.74
2848
16 12 15 47 43.56
241
17 25 5 47 258.09
1428
18 12 11 25 71.75
397
19 6 18 48 392.74
2173
20 3 0 40 177.84
984
21 15 2 47 668.00
3696
22 1 0 43 183.27
1014
23 12 4 32 469.01
2595
24 5 41 47 242.01
1339
