30
1
5
0 120 0.1 0.1
5355
1 120 0.1 0.1
5425
2 120 0.1 0.1
5611
3 170 0.1 0.1
5602
4 170 0.1 0.1
5657
25
0 10 5 48 166.08
918
1 19 0 48 425.15
2350
2 35 10 46 311.35
1721
3 7 0 18 598.10
3306
4 19 1 43 541.84
2995
5 25 13 48 168.07
929
6 12 24 48 488.83
2702
7 9 0 14 304.12
1681
8 7 0 7 3.26
18
9 7 0 39 219.63
1214
10 11 9 47 238.26
1317
11 4 1 30 185.80
1027
12 25 5 48 543.65
3005
13 8 3 47 43.60
241
14 18 0 34 543.47
3004
15 29 1 46 241.70
1336
16 2 17 27 209.86
1160
17 32 1 40 67.84
375
18 36 6 47 412.49
2280
19 2 10 48 453.73
2508
20 15 0 21 63.32
350
21 25 0 29 400.00
2211
22 7 3 31 451.02
2493
23 11 12 45 305.93
1691
24 2 1 34 53.55
296
