30
1
5
0 130 0.0 0.1
5633
1 170 0.1 0.1
5438
2 190 0.1 0.0
5571
3 190 0.1 0.0
5461
4 190 0.1 0.0
5554
25
0 6 4 38 382.07
2113
1 8 4 14 468.13
2589
2 5 3 46 280.27
1550
3 29 9 48 328.18
1815
4 8 6 47 663.24
3668
5 14 5 28 250.07
1383
6 25 2 30 409.91
2267
7 1 26 48 371.22
2053
8 17 1 43 508.10
2810
9 5 5 41 134.17
742
10 20 3 48 413.53
2287
11 14 33 48 321.13
1776
12 4 18 29 320.23
1771
13 13 10 47 377.55
2088
14 5 11 48 116.08
642
15 12 1 28 53.52
296
16 27 5 35 121.69
673
17 19 2 48 96.01
531
18 1 8 48 353.86
1957
19 6 8 45 52.98
293
20 5 1 21 299.07
1654
21 11 0 21 89.69
496
22 5 33 46 247.54
1369
23 13 28 47 453.85
2510
24 3 0 12 252.60
1397
