30
1
5
0 150 0.1 0.1
5594
1 120 0.1 0.1
5609
2 130 0.0 0.1
5482
3 130 0.0 0.1
5539
4 120 0.1 0.1
5458
25
0 34 0 46 248.39
1375
1 5 8 47 255.07
1412
2 9 27 47 599.74
3320
3 17 6 43 267.17
1479
4 17 25 47 215.51
1193
5 1 10 33 116.33
644
6 4 12 44 599.38
3318
7 4 7 45 286.32
1585
8 15 6 47 306.91
1699
9 24 6 48 386.40
2139
10 12 13 38 141.81
785
11 4 37 47 266.81
1477
12 2 12 45 223.64
1238
13 11 35 47 142.71
790
14 23 3 47 172.51
955
15 11 1 14 79.84
442
16 2 24 48 190.04
1052
17 6 12 47 159.15
881
18 33 5 45 524.05
2901
19 8 5 22 466.96
2585
20 19 3 43 13.01
72
21 8 27 42 171.43
949
22 19 2 32 136.39
755
23 34 11 47 88.70
491
24 1 5 37 32.52
180
