30
1
5
0 130 0.0 0.1
5597
1 170 0.1 0.1
5433
2 120 0.1 0.1
5572
3 130 0.0 0.1
5575
4 150 0.1 0.1
5420
25
0 25 11 40 88.98
491
1 8 28 48 970.58
5356
2 3 6 20 198.25
1094
3 18 14 40 45.85
253
4 17 8 44 126.49
698
5 23 7 39 617.94
3410
6 12 16 47 592.75
3271
7 5 0 14 496.89
2742
8 29 8 40 216.19
1193
9 17 0 39 486.38
2684
10 26 20 48 291.94
1611
11 15 13 47 562.49
3104
12 7 32 47 191.54
1057
13 8 0 47 40.05
221
14 11 6 48 160.56
886
15 6 2 36 297.19
1640
16 12 14 36 220.36
1216
17 13 0 13 590.03
3256
18 4 2 16 74.48
411
19 15 0 39 86.26
476
20 4 7 34 211.66
1168
21 21 16 47 338.33
1867
22 7 36 47 9.79
54
23 6 2 37 531.86
2935
24 31 1 40 13.95
77
