30
1
5
0 150 0.1 0.1
5703
1 130 0.0 0.1
5477
2 120 0.1 0.1
5388
3 190 0.1 0.0
5523
4 170 0.1 0.1
5580
25
0 20 13 47 240.23
1329
1 7 0 7 190.16
1052
2 18 25 48 9.94
55
3 9 1 19 24.40
135
4 10 0 16 6.87
38
5 9 16 33 500.34
2768
6 16 3 27 424.60
2349
7 4 1 36 672.97
3723
8 2 33 47 202.81
1122
9 12 32 48 661.76
3661
10 27 9 47 195.22
1080
11 20 24 48 424.60
2349
12 31 14 47 920.97
5095
13 14 0 40 51.52
285
14 1 0 36 159.61
883
15 11 0 37 573.55
3173
16 19 0 41 283.25
1567
17 7 0 43 628.14
3475
18 5 0 31 538.48
2979
19 27 9 47 306.21
1694
20 29 10 46 176.60
977
21 1 0 41 45.19
250
22 21 24 48 36.51
202
23 15 29 48 43.74
242
24 12 5 46 403.64
2233
