30
1
5
0 190 0.1 0.0
5526
1 120 0.1 0.1
5368
2 190 0.1 0.0
5369
3 120 0.1 0.1
5607
4 130 0.0 0.1
5477
25
0 12 0 44 524.34
2867
1 3 0 47 19.20
105
2 20 4 40 169.54
927
3 1 26 41 193.68
1059
4 17 0 47 14.81
81
5 10 2 32 459.60
2513
6 12 8 42 319.50
1747
7 15 0 29 286.22
1565
8 13 28 47 252.93
1383
9 1 21 40 151.98
831
10 2 20 47 266.47
1457
11 11 14 47 205.93
1126
12 3 11 48 352.06
1925
13 17 6 47 549.76
3006
14 26 0 42 416.43
2277
15 20 4 31 143.20
783
16 38 0 44 31.09
170
17 23 1 42 228.61
1250
18 32 3 48 385.53
2108
19 21 15 47 342.55
1873
20 37 1 45 289.69
1584
21 10 31 48 367.42
2009
22 14 3 47 384.06
2100
23 9 2 48 382.05
2089
24 18 1 32 647.79
3542
