30
1
5
0 150 0.1 0.1
5513
1 190 0.1 0.0
5573
2 170 0.1 0.1
5327
3 190 0.1 0.0
5459
4 190 0.1 0.0
5445
25
0 1 0 32 343.82
1878
1 6 7 17 443.41
2422
2 13 7 45 105.64
577
3 14 3 22 167.88
917
4 15 0 43 495.04
2704
5 23 19 48 389.59
2128
6 20 7 31 46.87
256
7 26 17 47 320.75
1752
8 23 4 41 218.78
1195
9 6 11 34 431.88
2359
10 21 0 29 259.97
1420
11 23 0 47 392.70
2145
12 1 0 32 251.37
1373
13 1 0 5 215.48
1177
14 16 24 47 76.89
420
15 6 2 36 317.82
1736
16 10 32 48 45.22
247
17 10 3 26 139.87
764
18 4 20 47 566.81
3096
19 1 0 30 215.48
1177
20 3 0 48 387.76
2118
21 13 2 47 307.75
1681
22 5 22 47 341.62
1866
23 5 0 10 47.05
257
24 7 6 32 32.04
175
