30
1
5
0 130 0.0 0.1
5562
1 120 0.1 0.1
5506
2 150 0.1 0.1
5469
3 120 0.1 0.1
5465
4 170 0.1 0.1
5492
25
0 1 1 48 601.79
3309
1 6 34 47 480.67
2643
2 22 11 40 404.47
2224
3 4 1 12 39.10
215
4 16 8 35 257.16
1414
5 14 3 30 681.81
3749
6 5 21 47 106.03
583
7 13 5 41 163.31
898
8 17 1 47 335.18
1843
9 8 9 44 242.24
1332
10 6 2 41 250.25
1376
11 25 19 48 193.14
1062
12 25 13 47 26.55
146
13 10 2 46 461.39
2537
14 12 22 47 631.80
3474
15 25 3 39 232.06
1276
16 12 1 31 315.54
1735
17 17 12 48 392.83
2160
18 20 3 32 391.01
2150
19 25 13 48 80.75
444
20 16 29 47 267.34
1470
21 10 28 48 439.39
2416
22 12 0 47 99.84
549
23 22 2 44 169.86
934
24 25 12 47 619.61
3407
