30
1
5
0 120 0.1 0.1
5657
1 190 0.1 0.0
5595
2 120 0.1 0.1
5499
3 170 0.1 0.1
5531
4 170 0.1 0.1
5468
25
0 10 25 47 218.23
1211
1 10 1 47 7.75
43
2 28 1 36 217.15
1205
3 13 1 47 165.61
919
4 3 0 37 347.44
1928
5 15 1 31 256.07
1421
6 27 0 32 43.79
243
7 25 1 48 554.32
3076
8 22 6 31 93.53
519
9 13 7 48 719.21
3991
10 6 10 47 75.33
418
11 9 38 47 124.70
692
12 19 10 47 47.03
261
13 11 10 43 300.95
1670
14 28 6 37 761.74
4227
15 6 15 43 85.96
477
16 4 19 47 172.82
959
17 2 16 38 293.92
1631
18 19 0 46 395.55
2195
19 11 3 21 465.48
2583
20 17 1 29 84.52
469
21 7 0 22 112.63
625
22 14 5 48 245.44
1362
23 3 5 47 359.69
1996
24 5 2 28 19.28
107
