30
1
5
0 170 0.1 0.1
5592
1 190 0.1 0.0
5553
2 170 0.1 0.1
5399
3 130 0.0 0.1
5613
4 120 0.1 0.1
5434
25
0 25 1 47 425.06
2345
1 25 1 29 189.78
1047
2 14 10 42 202.83
1119
3 23 4 47 109.30
603
4 14 27 48 62.35
344
5 18 8 34 109.12
602
6 8 2 43 143.38
791
7 12 5 43 73.77
407
8 25 2 37 77.04
425
9 35 4 46 845.95
4667
10 16 13 39 235.64
1300
11 5 33 48 629.89
3475
12 4 32 47 411.10
2268
13 4 13 48 91.54
505
14 12 18 48 247.06
1363
15 5 20 43 312.32
1723
16 17 27 47 484.52
2673
17 6 0 30 286.76
1582
18 28 3 38 1.45
8
19 15 9 35 338.24
1866
20 4 43 48 245.79
1356
21 3 25 48 1.63
9
22 12 19 42 429.41
2369
23 28 1 45 262.65
1449
24 9 0 47 472.01
2604
