30
1
5
0 120 0.1 0.1
5551
1 130 0.0 0.1
5447
2 120 0.1 0.1
5495
3 120 0.1 0.1
5552
4 170 0.1 0.1
5508
25
0 12 33 47 58.07
320
1 2 19 48 350.25
1930
2 14 11 29 237.01
1306
3 2 34 41 608.31
3352
4 10 33 48 211.97
1168
5 8 33 46 663.48
3656
6 11 11 48 131.75
726
7 11 24 48 73.68
406
8 20 8 48 373.30
2057
9 11 17 40 489.99
2700
10 5 1 15 514.31
2834
11 2 30 33 197.08
1086
12 2 27 47 60.07
331
13 5 37 48 749.14
4128
14 28 7 46 360.96
1989
15 12 30 47 143.37
790
16 32 1 47 204.16
1125
17 11 1 19 139.19
767
18 5 2 28 284.74
1569
19 13 19 48 153.53
846
20 13 10 47 308.87
1702
21 2 14 45 217.05
1196
22 21 8 40 107.07
590
23 27 4 41 282.56
1557
24 32 1 39 709.03
3907
