30
1
5
0 170 0.1 0.1
5544
1 130 0.0 0.1
5534
2 130 0.0 0.1
5661
3 150 0.1 0.1
5312
4 170 0.1 0.1
5426
25
0 1 0 25 147.28
809
1 27 1 36 95.58
525
2 3 20 39 49.52
272
3 6 1 48 513.94
2823
4 6 9 47 632.46
3474
5 5 1 9 452.04
2483
6 1 31 47 323.15
1775
7 7 16 48 7.65
42
8 22 6 39 137.09
753
9 6 0 48 137.63
756
10 5 7 46 109.60
602
11 6 1 27 228.84
1257
12 8 3 29 104.14
572
13 35 0 46 117.24
644
14 40 1 42 205.90
1131
15 1 16 48 191.34
1051
16 28 8 48 195.71
1075
17 8 27 48 105.96
582
18 16 1 32 426.55
2343
19 38 3 47 691.08
3796
20 22 9 47 327.88
1801
21 5 10 48 165.12
907
22 20 8 36 437.30
2402
23 16 14 48 336.07
1846
24 27 2 40 9.28
51
