30
1
5
0 170 0.1 0.1
5574
1 130 0.0 0.1
5431
2 170 0.1 0.1
5424
3 130 0.0 0.1
5507
4 170 0.1 0.1
5632
25
0 28 7 48 272.11
1500
1 8 0 30 150.57
830
2 18 8 37 34.47
190
3 16 3 31 141.14
778
4 9 10 47 369.53
2037
5 27 17 47 148.57
819
6 2 12 23 434.11
2393
7 10 0 24 108.48
598
8 25 4 47 209.71
1156
9 2 7 23 59.32
327
10 19 25 48 95.42
526
11 12 1 33 601.37
3315
12 16 15 48 551.30
3039
13 18 0 47 549.30
3028
14 12 1 48 243.99
1345
15 22 11 48 483.09
2663
16 16 17 47 200.64
1106
17 3 0 40 123.36
680
18 15 21 47 41.54
229
19 12 6 35 322.00
1775
20 11 20 48 49.71
274
21 5 15 42 27.76
153
22 8 0 32 50.25
277
23 25 19 48 398.55
2197
24 18 0 29 33.92
187
