30
1
5
0 170 0.1 0.1
5574
1 170 0.1 0.1
5478
2 120 0.1 0.1
5513
3 120 0.1 0.1
5466
4 130 0.0 0.1
5603
25
0 24 6 46 242.48
1340
1 14 11 43 199.95
1105
2 3 25 45 95.36
527
3 17 2 47 201.58
1114
4 14 8 36 310.52
1716
5 8 33 47 386.70
2137
6 12 0 39 26.42
146
7 22 15 43 372.76
2060
8 9 16 48 506.31
2798
9 34 0 39 423.07
2338
10 7 6 47 65.69
363
11 9 4 44 807.05
4460
12 4 13 46 277.76
1535
13 21 7 48 485.14
2681
14 25 6 41 83.24
460
15 5 1 23 255.33
1411
16 1 0 19 589.18
3256
17 5 5 31 634.42
3506
18 35 0 47 140.42
776
19 29 2 47 340.37
1881
20 9 4 19 527.12
2913
21 25 7 46 52.48
290
22 24 5 47 77.09
426
23 22 0 48 47.77
264
24 8 18 47 841.25
4649
