30
1
5
0 190 0.1 0.0
5697
1 170 0.1 0.1
5449
2 120 0.1 0.1
5538
3 150 0.1 0.1
5306
4 150 0.1 0.1
5599
25
0 11 8 32 563.60
3108
1 10 21 43 196.93
1086
2 13 5 27 729.89
4025
3 14 8 47 91.94
507
4 13 1 34 657.35
3625
5 19 20 48 372.29
2053
6 5 12 47 198.20
1093
7 18 8 34 246.44
1359
8 14 7 48 56.40
311
9 6 18 48 81.60
450
10 15 1 32 244.63
1349
11 20 15 47 0.36
2
12 5 1 27 623.80
3440
13 15 1 42 366.67
2022
14 17 2 32 61.11
337
15 21 9 44 155.59
858
16 17 3 32 261.67
1443
17 4 0 19 122.40
675
18 24 5 47 62.56
345
19 20 0 47 346.54
1911
20 19 20 47 591.34
3261
21 15 5 44 182.24
1005
22 21 7 48 583.00
3215
23 5 2 46 544.01
3000
24 7 0 19 193.67
1068
