30
1
5
0 150 0.1 0.1
5294
1 120 0.1 0.1
5528
2 130 0.0 0.1
5424
3 130 0.0 0.1
5411
4 130 0.0 0.1
5592
25
0 39 2 42 463.30
2524
1 9 7 48 99.31
541
2 23 1 35 270.75
1475
3 3 44 47 138.59
755
4 21 0 39 78.93
430
5 32 5 43 50.11
273
6 4 0 43 198.79
1083
7 39 1 43 105.55
575
8 3 37 48 765.07
4168
9 38 0 45 54.15
295
10 4 6 42 296.63
1616
11 33 0 38 470.83
2565
12 11 0 41 138.77
756
13 22 2 31 531.22
2894
14 7 6 48 727.63
3964
15 9 18 47 612.17
3335
16 2 1 19 752.22
4098
17 8 14 47 145.19
791
18 3 0 34 647.78
3529
19 22 3 38 279.74
1524
20 11 21 36 136.20
742
21 3 0 39 77.46
422
22 14 0 14 58.19
317
23 6 29 48 177.50
967
24 7 37 47 63.51
346
