30
1
5
0 150 0.1 0.1
5380
1 190 0.1 0.0
5613
2 150 0.1 0.1
5482
3 190 0.1 0.0
5437
4 190 0.1 0.0
5605
25
0 25 7 40 688.13
3786
1 11 26 48 41.80
230
2 19 0 32 194.30
1069
3 15 27 46 586.71
3228
4 8 36 47 28.90
159
5 2 26 48 13.27
73
6 4 2 8 297.17
1635
7 28 5 47 31.81
175
8 1 27 47 99.06
545
9 19 12 47 155.77
857
10 18 6 43 421.86
2321
11 5 15 48 99.42
547
12 18 19 48 173.76
956
13 4 0 14 476.38
2621
14 4 22 47 705.40
3881
15 1 14 48 688.31
3787
16 9 13 47 464.02
2553
17 27 6 39 807.18
4441
18 7 37 46 424.40
2335
19 12 7 44 572.90
3152
20 1 21 42 257.37
1416
21 2 34 48 605.07
3329
22 29 0 48 644.87
3548
23 33 5 46 135.41
745
24 1 20 45 501.47
2759
