30
1
5
0 120 0.1 0.1
5597
1 190 0.1 0.0
5737
2 150 0.1 0.1
5589
3 130 0.0 0.1
5428
4 150 0.1 0.1
5535
25
0 11 3 26 440.86
2458
1 16 2 45 330.92
1845
2 15 21 48 538.26
3001
3 25 8 47 43.76
244
4 23 13 48 307.42
1714
5 18 5 43 248.59
1386
6 17 3 42 232.81
1298
7 22 5 48 365.53
2038
8 8 2 45 828.28
4618
9 26 5 46 179.54
1001
10 36 0 45 36.23
202
11 16 18 47 375.22
2092
12 22 3 27 402.12
2242
13 29 4 39 133.80
746
14 5 12 47 848.73
4732
15 16 15 44 415.58
2317
16 7 0 20 192.09
1071
17 9 28 48 214.33
1195
18 4 4 45 125.19
698
19 8 28 47 767.84
4281
20 5 22 42 420.24
2343
21 13 18 40 125.01
697
22 3 36 48 44.30
247
23 28 2 43 613.05
3418
24 11 6 48 59.19
330
