30
1
5
0 190 0.1 0.0
5602
1 170 0.1 0.1
5705
2 150 0.1 0.1
5504
3 150 0.1 0.1
5421
4 150 0.1 0.1
5528
25
0 12 2 30 357.45
1984
1 16 3 21 61.98
344
2 6 23 48 99.45
552
3 14 0 41 26.30
146
4 22 1 47 401.96
2231
5 5 22 48 41.44
230
6 40 1 48 411.87
2286
7 3 0 17 460.69
2557
8 11 0 31 468.80
2602
9 5 17 47 80.18
445
10 27 1 47 431.50
2395
11 11 0 31 310.43
1723
12 10 5 40 262.15
1455
13 31 1 48 309.53
1718
14 27 9 47 24.86
138
15 20 9 37 125.22
695
16 6 9 25 29.19
162
17 14 3 47 67.74
376
18 18 8 44 51.71
287
19 2 0 47 482.67
2679
20 41 5 46 7.03
39
21 2 0 34 342.86
1903
22 14 25 48 29.55
164
23 24 20 47 455.47
2528
24 2 1 42 449.70
2496
