30
1
5
0 150 0.1 0.1
5471
1 120 0.1 0.1
5376
2 150 0.1 0.1
5625
3 120 0.1 0.1
5504
4 190 0.1 0.0
5483
25
0 19 0 43 311.07
1708
1 3 0 10 303.06
1664
2 12 3 40 372.63
2046
3 6 18 48 223.11
1225
4 19 0 47 122.03
670
5 12 5 34 38.98
214
6 16 0 48 177.39
974
7 18 20 43 165.01
906
8 20 11 48 311.62
1711
9 14 14 48 360.61
1980
10 5 3 42 484.64
2661
11 21 1 25 347.14
1906
12 18 24 47 454.04
2493
13 9 11 27 258.08
1417
14 3 2 18 43.89
241
15 39 1 42 226.57
1244
16 16 0 48 120.02
659
17 5 12 30 98.53
541
18 13 1 21 175.94
966
19 18 7 44 451.86
2481
20 22 8 48 322.18
1769
21 19 28 47 618.14
3394
22 22 8 47 119.11
654
23 16 4 22 112.01
615
24 14 29 48 384.11
2109
