30
1
5
0 170 0.1 0.1
5541
1 170 0.1 0.1
5564
2 190 0.1 0.0
5480
3 150 0.1 0.1
5475
4 190 0.1 0.0
5530
25
0 28 8 40 162.93
899
1 23 3 40 182.68
1008
2 11 7 48 127.04
701
3 2 25 47 582.66
3215
4 29 9 47 141.36
780
5 12 4 47 551.31
3042
6 9 2 16 732.72
4043
7 12 10 48 288.34
1591
8 40 0 48 271.67
1499
9 16 6 41 132.30
730
10 20 12 33 337.82
1864
11 4 0 15 93.15
514
12 35 3 47 339.81
1875
13 8 3 43 85.72
473
14 20 13 47 576.86
3183
15 18 12 48 215.30
1188
16 3 1 28 165.10
911
17 2 34 47 270.94
1495
18 11 0 18 139.01
767
19 8 6 18 93.70
517
20 8 29 47 150.79
832
21 5 1 41 167.64
925
22 8 4 35 205.70
1135
23 28 1 48 551.31
3042
24 3 5 40 316.61
1747
