30
1
5
0 190 0.1 0.0
5477
1 190 0.1 0.0
5576
2 170 0.1 0.1
5476
3 190 0.1 0.0
5450
4 170 0.1 0.1
5516
25
0 1 0 46 160.58
883
1 20 1 30 408.10
2244
2 8 37 48 450.47
2477
3 6 25 47 222.96
1226
4 30 6 48 112.21
617
5 18 0 27 535.77
2946
6 1 0 48 182.41
1003
7 14 14 47 595.05
3272
8 14 22 48 617.06
3393
9 1 0 44 450.84
2479
10 36 3 47 25.64
141
11 10 33 48 661.62
3638
12 21 12 44 476.30
2619
13 36 0 39 125.67
691
14 19 5 44 75.84
417
15 6 10 35 529.04
2909
16 6 15 31 232.24
1277
17 2 7 48 67.11
369
18 14 2 46 84.02
462
19 1 0 38 392.28
2157
20 16 14 47 182.59
1004
21 3 0 23 17.46
96
22 17 20 47 290.43
1597
23 21 0 33 195.32
1074
24 2 26 47 62.20
342
