30
1
5
0 170 0.1 0.1
5492
1 120 0.1 0.1
5458
2 150 0.1 0.1
5460
3 120 0.1 0.1
5554
4 170 0.1 0.1
5563
25
0 10 22 44 126.07
694
1 22 4 46 366.76
2019
2 2 0 21 380.56
2095
3 32 2 48 393.46
2166
4 19 1 39 389.83
2146
5 12 2 37 293.19
1614
6 2 0 9 128.97
710
7 22 12 45 368.39
2028
8 9 35 47 175.84
968
9 11 3 33 511.17
2814
10 4 42 47 343.32
1890
11 5 41 48 393.82
2168
12 14 8 48 316.07
1740
13 6 22 48 259.76
1430
14 2 17 46 367.12
2021
15 6 13 48 572.75
3153
16 11 1 21 209.81
1155
17 16 4 42 233.97
1288
18 18 1 47 476.65
2624
19 39 0 40 190.73
1050
20 8 17 47 67.21
370
21 28 5 48 208.17
1146
22 29 11 42 104.99
578
23 35 2 38 138.06
760
24 12 2 33 261.22
1438
