30
1
5
0 150 0.1 0.1
5558
1 150 0.1 0.1
5386
2 190 0.1 0.0
5402
3 130 0.0 0.1
5428
4 120 0.1 0.1
5469
25
0 16 1 34 77.64
423
1 11 0 48 105.36
574
2 5 0 34 49.19
268
3 1 18 47 211.09
1150
4 17 27 47 328.57
1790
5 23 0 47 58.37
318
6 1 21 48 235.87
1285
7 25 15 48 205.95
1122
8 9 0 41 320.49
1746
9 4 2 31 474.31
2584
10 19 6 31 510.65
2782
11 18 11 47 801.96
4369
12 22 17 47 634.92
3459
13 4 27 47 602.25
3281
14 20 1 48 147.03
801
15 14 0 40 305.99
1667
16 39 3 47 363.07
1978
17 11 1 30 36.53
199
18 17 1 34 104.63
570
19 25 19 47 823.80
4488
20 15 3 47 15.79
86
21 25 9 45 40.93
223
22 6 3 9 402.17
2191
23 9 1 15 29.92
163
24 8 1 41 194.39
1059
