30
1
5
0 170 0.1 0.1
5539
1 120 0.1 0.1
5577
2 130 0.0 0.1
5487
3 190 0.1 0.0
5481
4 150 0.1 0.1
5439
25
0 19 6 48 255.99
1409
1 20 20 48 361.73
1991
2 15 0 35 329.75
1815
3 37 9 47 109.55
603
4 31 12 47 358.82
1975
5 23 2 29 272.70
1501
6 24 21 48 425.49
2342
7 3 1 36 634.61
3493
8 23 1 37 140.98
776
9 14 12 47 27.43
151
10 30 6 48 530.69
2921
11 28 10 47 255.08
1404
12 27 2 47 26.71
147
13 3 0 46 362.27
1994
14 16 9 47 344.47
1896
15 24 1 48 184.59
1016
16 6 3 14 474.73
2613
17 1 0 31 164.42
905
18 3 30 47 125.00
688
19 10 0 19 409.14
2252
20 36 3 44 143.35
789
21 28 4 48 52.69
290
22 2 12 42 310.49
1709
23 17 0 21 271.61
1495
24 5 1 8 657.86
3621
