30
1
5
0 150 0.1 0.1
5571
1 120 0.1 0.1
5474
2 120 0.1 0.1
5597
3 190 0.1 0.0
5570
4 150 0.1 0.1
5498
25
0 17 0 44 92.21
511
1 32 6 47 216.36
1199
2 28 9 44 368.85
2044
3 5 37 47 622.38
3449
4 14 17 47 282.59
1566
5 19 1 48 2.35
13
6 14 2 41 92.03
510
7 19 8 48 88.24
489
8 1 45 47 261.48
1449
9 13 0 25 208.60
1156
10 24 22 47 148.87
825
11 28 5 48 286.92
1590
12 7 3 24 59.73
331
13 9 7 37 322.29
1786
14 9 0 19 631.41
3499
15 1 2 48 378.41
2097
16 3 42 47 426.59
2364
17 16 20 48 473.33
2623
18 4 20 47 197.96
1097
19 25 10 43 188.39
1044
20 15 4 47 538.47
2984
21 7 1 35 516.28
2861
22 11 28 42 162.05
898
23 18 23 41 257.15
1425
24 9 0 30 157.36
872
