30
1
5
0 120 0.1 0.1
5636
1 170 0.1 0.1
5714
2 190 0.1 0.0
5545
3 120 0.1 0.1
5398
4 170 0.1 0.1
5475
25
0 14 14 48 615.35
3416
1 5 26 48 705.24
3915
2 11 0 35 112.23
623
3 11 0 37 372.70
2069
4 11 0 47 860.15
4775
5 12 3 38 187.70
1042
6 23 23 47 189.86
1054
7 2 4 6 32.78
182
8 3 0 32 153.48
852
9 3 0 6 120.87
671
10 36 7 47 696.23
3865
11 31 15 47 31.52
175
12 9 4 19 790.80
4390
13 15 1 34 4.50
25
14 11 17 39 74.76
415
15 3 3 46 306.95
1704
16 35 2 43 51.16
284
17 4 7 30 164.10
911
18 18 28 47 48.10
267
19 2 1 44 662.36
3677
20 1 14 24 78.18
434
21 5 40 47 39.27
218
22 16 3 48 635.52
3528
23 16 2 25 733.88
4074
24 19 7 47 569.05
3159
