30
1
5
0 190 0.1 0.0
5389
1 130 0.0 0.1
5553
2 190 0.1 0.0
5346
3 150 0.1 0.1
5490
4 150 0.1 0.1
5573
25
0 22 0 40 39.86
218
1 6 10 36 260.02
1422
2 9 15 39 376.14
2057
3 3 1 47 203.52
1113
4 1 14 47 485.85
2657
5 2 44 47 96.73
529
6 15 0 47 435.75
2383
7 5 29 47 181.03
990
8 33 4 44 319.63
1748
9 5 6 33 211.20
1155
10 14 16 48 68.21
373
11 20 1 35 581.67
3181
12 11 0 41 320.37
1752
13 1 8 47 143.91
787
14 21 1 26 76.98
421
15 11 8 20 326.58
1786
16 14 6 48 857.05
4687
17 39 0 47 103.31
565
18 19 8 33 50.10
274
19 25 11 48 318.72
1743
20 2 9 48 610.38
3338
21 2 9 48 319.82
1749
22 16 31 48 433.01
2368
23 7 20 37 120.32
658
24 16 27 45 525.17
2872
