30
1
5
0 190 0.1 0.0
5590
1 170 0.1 0.1
5542
2 170 0.1 0.1
5495
3 190 0.1 0.0
5538
4 150 0.1 0.1
5468
25
0 12 25 47 142.05
785
1 2 21 35 812.84
4492
2 18 12 47 588.82
3254
3 8 22 47 398.46
2202
4 4 21 47 372.58
2059
5 28 9 45 7.06
39
6 23 6 34 209.18
1156
7 18 6 24 27.87
154
8 5 23 48 393.03
2172
9 8 0 13 491.11
2714
10 2 18 35 4.52
25
11 35 0 40 250.80
1386
12 38 0 40 768.33
4246
13 20 11 41 61.16
338
14 23 1 43 38.00
210
15 32 0 34 757.11
4184
16 15 1 48 3.98
22
17 4 43 47 844.69
4668
18 30 8 47 451.48
2495
19 16 2 41 415.29
2295
20 24 5 45 323.91
1790
21 13 7 36 650.17
3593
22 8 33 47 266.00
1470
23 15 3 43 29.50
163
24 5 34 46 240.85
1331
