30
1
5
0 120 0.1 0.1
5585
1 170 0.1 0.1
5695
2 120 0.1 0.1
5365
3 170 0.1 0.1
5360
4 170 0.1 0.1
5586
25
0 30 0 45 386.22
2130
1 12 1 26 352.13
1942
2 27 4 42 298.64
1647
3 23 2 47 595.65
3285
4 24 1 29 13.06
72
5 7 0 38 137.26
757
6 3 42 48 154.85
854
7 4 0 4 222.30
1226
8 9 12 36 168.81
931
9 4 1 37 253.67
1399
10 16 0 20 239.17
1319
11 24 7 47 257.30
1419
12 4 42 48 392.75
2166
13 11 3 35 352.68
1945
14 10 0 28 106.07
585
15 13 9 48 11.24
62
16 31 6 48 94.47
521
17 21 10 42 114.60
632
18 8 2 13 288.31
1590
19 28 0 42 175.88
970
20 17 9 48 945.43
5214
21 31 2 42 281.05
1550
22 8 2 27 716.23
3950
23 3 0 39 663.47
3659
24 20 1 43 237.35
1309
