30
1
5
0 120 0.1 0.1
5540
1 170 0.1 0.1
5345
2 130 0.0 0.1
5482
3 130 0.0 0.1
5556
4 170 0.1 0.1
5515
25
0 9 12 41 437.43
2400
1 18 1 39 49.03
269
2 16 1 46 636.83
3494
3 10 0 36 436.16
2393
4 10 10 47 357.60
1962
5 9 1 45 351.77
1930
6 7 2 41 452.02
2480
7 5 2 47 426.50
2340
8 4 16 41 316.96
1739
9 34 0 39 233.84
1283
10 22 11 47 0.36
2
11 9 13 48 131.59
722
12 11 13 37 245.87
1349
13 9 7 47 493.94
2710
14 34 3 48 384.40
2109
15 26 6 39 210.70
1156
16 15 3 28 0.36
2
17 6 24 48 290.71
1595
18 13 0 38 392.78
2155
19 30 4 42 105.53
579
20 24 19 48 24.06
132
21 10 0 42 251.71
1381
22 8 0 38 305.47
1676
23 5 22 47 558.27
3063
24 14 2 25 827.11
4538
