30
1
5
0 150 0.1 0.1
5348
1 190 0.1 0.0
5530
2 170 0.1 0.1
5377
3 170 0.1 0.1
5657
4 170 0.1 0.1
5325
25
0 22 14 47 33.80
184
1 5 1 9 204.98
1116
2 5 10 48 538.71
2933
3 7 0 33 157.96
860
4 30 10 44 138.12
752
5 4 32 48 159.79
870
6 8 24 47 270.73
1474
7 29 4 37 284.51
1549
8 22 2 31 457.16
2489
9 14 0 39 567.55
3090
10 14 15 42 195.98
1067
11 25 13 42 563.87
3070
12 23 1 38 184.41
1004
13 17 3 47 322.90
1758
14 2 0 31 397.65
2165
15 11 2 14 279.55
1522
16 15 3 47 297.00
1617
17 2 15 34 11.20
61
18 20 9 44 183.49
999
19 12 26 48 247.77
1349
20 7 39 48 223.71
1218
21 20 0 41 260.81
1420
22 13 0 22 224.45
1222
23 7 31 48 299.94
1633
24 11 0 26 132.24
720
