30
1
5
0 150 0.1 0.1
5628
1 130 0.0 0.1
5482
2 190 0.1 0.0
5592
3 150 0.1 0.1
5565
4 150 0.1 0.1
5527
25
0 4 1 28 178.47
992
1 1 4 42 764.44
4249
2 6 4 25 109.21
607
3 31 3 38 7.56
42
4 17 1 30 118.38
658
5 16 18 48 910.34
5060
6 15 0 27 67.29
374
7 4 0 40 470.64
2616
8 28 5 48 868.78
4829
9 42 2 48 609.53
3388
10 8 36 47 40.12
223
11 5 0 31 211.39
1175
12 5 0 11 558.80
3106
13 27 9 47 579.85
3223
14 16 0 40 650.01
3613
15 20 3 48 58.83
327
16 17 16 48 115.50
642
17 8 2 35 84.02
467
18 16 22 44 490.79
2728
19 31 6 41 34.90
194
20 11 32 48 62.07
345
21 23 5 47 720.36
4004
22 6 20 48 5.04
28
23 35 11 47 30.04
167
24 4 1 14 45.70
254
