30
1
5
0 150 0.1 0.1
5515
1 150 0.1 0.1
5662
2 190 0.1 0.0
5383
3 190 0.1 0.0
5659
4 130 0.0 0.1
5478
25
0 19 3 27 291.12
1612
1 15 6 48 14.27
79
2 25 8 37 7.95
44
3 24 3 47 120.28
666
4 14 4 43 11.02
61
5 4 9 29 139.78
774
6 24 12 41 545.57
3021
7 15 2 48 370.94
2054
8 15 19 47 596.14
3301
9 14 33 47 85.60
474
10 13 10 33 301.41
1669
11 9 28 48 1005.73
5569
12 5 20 47 426.02
2359
13 9 36 48 6.68
37
14 20 0 38 153.14
848
15 12 9 46 381.96
2115
16 9 1 12 463.22
2565
17 26 0 46 577.18
3196
18 10 4 18 315.68
1748
19 5 7 43 135.81
752
20 6 0 9 881.48
4881
21 8 38 48 506.02
2802
22 8 3 31 93.73
519
23 17 5 26 157.12
870
24 17 14 47 344.39
1907
