30
1
5
0 150 0.1 0.1
5515
1 120 0.1 0.1
5454
2 190 0.1 0.0
5657
3 150 0.1 0.1
5257
4 190 0.1 0.0
5527
25
0 17 16 40 604.69
3313
1 2 28 47 357.19
1957
2 21 8 48 317.40
1739
3 23 1 35 37.60
206
4 16 9 47 284.00
1556
5 13 13 39 215.56
1181
6 13 3 39 353.18
1935
7 11 20 47 850.73
4661
8 5 5 47 62.60
343
9 4 0 33 413.96
2268
10 9 1 46 589.90
3232
11 11 17 48 28.29
155
12 14 4 44 140.72
771
13 21 7 48 625.31
3426
14 22 10 48 190.19
1042
15 6 0 30 633.53
3471
16 13 4 47 143.83
788
17 3 0 8 478.38
2621
18 14 14 48 26.47
145
19 22 24 48 652.51
3575
20 1 36 48 616.37
3377
21 8 5 20 151.13
828
22 20 8 47 225.41
1235
23 3 0 38 109.51
600
24 10 1 48 122.29
670
