30
1
5
0 150 0.1 0.1
5532
1 190 0.1 0.0
5747
2 120 0.1 0.1
5456
3 170 0.1 0.1
5469
4 190 0.1 0.0
5536
25
0 24 5 39 213.66
1185
1 7 12 32 205.73
1141
2 15 5 31 139.92
776
3 8 34 47 215.65
1196
4 23 4 42 474.21
2630
5 11 7 42 189.86
1053
6 7 17 48 486.11
2696
7 13 18 47 502.52
2787
8 5 10 48 453.29
2514
9 6 3 43 78.07
433
10 18 1 41 206.45
1145
11 10 21 47 278.76
1546
12 5 1 15 114.13
633
13 14 0 29 450.41
2498
14 13 24 48 266.68
1479
15 28 11 40 519.65
2882
16 32 7 48 458.34
2542
17 8 38 48 148.21
822
18 13 21 47 256.76
1424
19 9 1 42 132.89
737
20 39 4 48 177.60
985
21 14 2 46 443.20
2458
22 21 5 37 104.22
578
23 5 0 23 548.68
3043
24 8 4 48 157.05
871
