30
1
5
0 170 0.1 0.1
5441
1 190 0.1 0.0
5556
2 130 0.0 0.1
5532
3 190 0.1 0.0
5619
4 190 0.1 0.0
5485
25
0 18 1 20 26.06
144
1 32 12 48 489.33
2704
2 4 22 39 190.74
1054
3 3 8 46 566.06
3128
4 14 3 47 899.40
4970
5 26 4 48 245.21
1355
6 18 2 43 374.78
2071
7 23 23 47 290.09
1603
8 2 15 48 37.82
209
9 17 1 41 12.31
68
10 15 8 36 245.57
1357
11 3 11 45 311.98
1724
12 9 2 21 94.64
523
13 3 1 21 257.88
1425
14 21 19 48 9.77
54
15 3 0 33 81.25
449
16 10 0 27 10.50
58
17 5 3 39 319.40
1765
18 11 19 48 635.73
3513
19 20 1 46 24.97
138
20 4 19 29 7.24
40
21 28 6 47 19.73
109
22 12 13 48 334.60
1849
23 4 0 37 512.85
2834
24 2 9 37 124.50
688
