30
1
5
0 120 0.1 0.1
5546
1 130 0.0 0.1
5469
2 170 0.1 0.1
5599
3 130 0.0 0.1
5463
4 120 0.1 0.1
5528
25
0 19 24 47 32.97
182
1 10 5 28 21.01
116
2 15 5 41 708.63
3912
3 13 13 45 65.03
359
4 42 1 47 65.03
359
5 30 5 36 548.14
3026
6 20 14 48 532.19
2938
7 2 0 45 72.82
402
8 20 12 47 144.01
795
9 36 2 47 707.18
3904
10 25 8 45 556.47
3072
11 6 0 21 337.65
1864
12 6 6 47 590.52
3260
13 3 1 4 253.24
1398
14 3 0 15 470.79
2599
15 19 4 44 85.14
470
16 2 0 15 631.82
3488
17 7 8 23 16.12
89
18 20 25 47 95.10
525
19 5 0 35 282.58
1560
20 23 13 47 12.50
69
21 28 2 48 800.10
4417
22 32 1 44 210.67
1163
23 6 2 46 375.87
2075
24 10 4 19 54.52
301
