30
1
5
0 190 0.1 0.0
5642
1 150 0.1 0.1
5447
2 130 0.0 0.1
5470
3 190 0.1 0.0
5635
4 120 0.1 0.1
5573
25
0 26 1 48 397.50
2207
1 21 0 41 509.71
2830
2 14 11 41 352.47
1957
3 20 5 39 48.45
269
4 14 2 39 133.10
739
5 11 5 47 287.81
1598
6 14 19 48 177.05
983
7 3 17 40 291.96
1621
8 12 3 47 797.88
4430
9 4 1 14 332.30
1845
10 13 22 47 838.95
4658
11 10 0 17 198.66
1103
12 2 12 43 350.67
1947
13 10 0 28 543.21
3016
14 12 4 42 130.94
727
15 16 25 48 216.49
1202
16 6 25 47 65.74
365
17 14 29 48 508.63
2824
18 8 2 23 255.75
1420
19 10 0 25 275.75
1531
20 17 12 47 8.47
47
21 20 2 37 38.90
216
22 9 1 48 678.11
3765
23 6 18 48 385.07
2138
24 19 23 47 54.57
303
