30
1
5
0 170 0.1 0.1
5665
1 120 0.1 0.1
5408
2 170 0.1 0.1
5438
3 190 0.1 0.0
5681
4 130 0.0 0.1
5365
25
0 2 8 34 353.48
1947
1 11 6 43 45.93
253
2 9 0 42 551.36
3037
3 7 13 34 5.81
32
4 24 6 48 205.33
1131
5 8 31 48 376.90
2076
6 15 9 41 139.07
766
7 34 4 47 251.81
1387
8 2 27 46 456.96
2517
9 18 15 48 707.68
3898
10 11 0 18 407.03
2242
11 11 2 46 147.42
812
12 13 3 17 159.94
881
13 14 1 30 522.50
2878
14 29 1 34 36.13
199
15 2 1 48 47.57
262
16 18 20 48 297.74
1640
17 11 1 18 201.34
1109
18 3 0 27 101.30
558
19 21 4 48 203.70
1122
20 8 1 33 268.69
1480
21 3 0 10 116.37
641
22 3 0 38 371.81
2048
23 11 0 26 9.08
50
24 18 12 46 901.75
4967
