30
1
5
0 120 0.1 0.1
5448
1 130 0.0 0.1
5478
2 170 0.1 0.1
5519
3 170 0.1 0.1
5626
4 190 0.1 0.0
5687
25
0 8 8 35 335.67
1863
1 14 25 42 139.28
773
2 7 9 43 134.05
744
3 24 11 48 374.05
2076
4 25 21 47 100.18
556
5 6 40 48 237.47
1318
6 8 0 14 86.30
479
7 20 3 37 143.42
796
8 7 1 29 614.04
3408
9 6 18 48 239.09
1327
10 14 19 48 78.92
438
11 13 6 42 110.81
615
12 21 3 37 142.16
789
13 15 13 47 874.57
4854
14 16 2 38 84.50
469
15 27 6 43 335.49
1862
16 23 0 38 77.84
432
17 19 9 44 79.10
439
18 11 0 25 300.89
1670
19 19 2 44 48.65
270
20 6 0 11 652.06
3619
21 15 2 27 280.71
1558
22 6 0 22 436.57
2423
23 6 38 48 85.58
475
24 36 3 47 79.82
443
