30
1
5
0 190 0.1 0.0
5333
1 130 0.0 0.1
5421
2 150 0.1 0.1
5430
3 130 0.0 0.1
5664
4 150 0.1 0.1
5346
25
0 20 25 48 214.67
1167
1 28 8 47 208.97
1136
2 16 1 33 214.12
1164
3 7 3 30 184.13
1001
4 7 0 23 326.51
1775
5 2 5 43 119.02
647
6 4 8 48 491.15
2670
7 8 27 47 310.14
1686
8 41 6 47 350.24
1904
9 22 6 47 135.02
734
10 2 0 45 435.78
2369
11 3 0 40 359.44
1954
12 22 2 35 429.16
2333
13 9 1 12 244.65
1330
14 2 10 39 405.79
2206
15 10 8 47 240.61
1308
16 4 18 41 29.80
162
17 17 7 42 389.97
2120
18 16 2 46 333.69
1814
19 18 8 48 176.78
961
20 3 1 8 239.50
1302
21 11 5 37 326.88
1777
22 18 2 47 495.93
2696
23 9 12 47 325.78
1771
24 8 5 42 287.15
1561
