30
1
5
0 190 0.1 0.0
5432
1 170 0.1 0.1
5527
2 120 0.1 0.1
5332
3 120 0.1 0.1
5438
4 150 0.1 0.1
5569
25
0 23 0 25 301.01
1643
1 24 0 39 428.33
2338
2 11 22 47 54.41
297
3 9 13 37 196.21
1071
4 15 2 47 262.72
1434
5 18 24 47 115.24
629
6 12 2 44 198.41
1083
7 14 11 40 52.76
288
8 7 17 47 497.40
2715
9 10 10 45 45.98
251
10 21 3 47 558.59
3049
11 29 3 48 121.65
664
12 24 1 42 490.26
2676
13 16 1 38 65.40
357
14 16 5 29 292.76
1598
15 19 2 48 597.07
3259
16 2 0 48 385.28
2103
17 2 0 37 133.01
726
18 13 21 47 482.20
2632
19 21 21 47 526.35
2873
20 8 14 48 27.66
151
21 10 6 31 134.66
735
22 15 4 35 371.36
2027
23 9 21 46 183.02
999
24 18 12 48 236.70
1292
