30
1
5
0 190 0.1 0.0
5439
1 150 0.1 0.1
5623
2 120 0.1 0.1
5471
3 130 0.0 0.1
5401
4 170 0.1 0.1
5611
25
0 1 27 48 67.91
374
1 21 2 46 345.89
1905
2 15 6 40 360.42
1985
3 7 0 41 436.86
2406
4 20 16 46 301.23
1659
5 3 1 42 630.96
3475
6 6 23 48 518.02
2853
7 1 3 48 245.85
1354
8 3 28 47 508.40
2800
9 13 8 48 255.47
1407
10 6 14 36 440.13
2424
11 6 15 48 42.67
235
12 15 10 48 404.90
2230
13 34 2 48 40.49
223
14 20 23 48 42.67
235
15 6 0 21 219.52
1209
16 5 0 24 586.47
3230
17 23 11 47 197.73
1089
18 22 10 47 492.42
2712
19 23 1 41 464.28
2557
20 14 26 48 321.74
1772
21 5 0 31 217.52
1198
22 3 2 48 162.51
895
23 5 0 38 69.90
385
24 34 1 45 377.67
2080
