30
1
5
0 190 0.1 0.0
5436
1 170 0.1 0.1
5530
2 190 0.1 0.0
5510
3 120 0.1 0.1
5571
4 190 0.1 0.0
5633
25
0 1 44 47 253.83
1405
1 20 2 48 95.57
529
2 34 1 43 318.51
1763
3 24 7 42 146.70
812
4 9 20 47 635.75
3519
5 21 13 47 409.74
2268
6 13 3 46 222.57
1232
7 13 30 46 116.53
645
8 46 0 48 710.18
3931
9 33 0 37 66.30
367
10 28 7 48 386.25
2138
11 24 1 44 388.24
2149
12 15 0 32 455.09
2519
13 9 18 47 188.79
1045
14 7 26 47 394.02
2181
15 2 0 3 5.06
28
16 25 8 47 267.56
1481
17 16 22 48 222.94
1234
18 31 4 48 5.96
33
19 2 2 19 389.87
2158
20 17 21 45 232.15
1285
21 5 31 47 168.56
933
22 1 42 47 672.60
3723
23 33 3 44 157.72
873
24 7 35 47 68.11
377
