30
1
5
0 190 0.1 0.0
5670
1 190 0.1 0.0
5518
2 170 0.1 0.1
5709
3 130 0.0 0.1
5543
4 190 0.1 0.0
5619
25
0 3 42 48 554.28
3110
1 15 3 26 42.42
238
2 14 1 47 75.57
424
3 12 1 35 30.30
170
4 3 14 48 137.23
770
5 5 18 47 122.44
687
6 2 1 24 376.06
2110
7 21 19 46 66.30
372
8 2 1 38 448.24
2515
9 19 17 47 416.87
2339
10 10 2 31 104.62
587
11 18 1 47 420.61
2360
12 6 40 48 202.64
1137
13 5 21 47 74.14
416
14 5 2 47 552.32
3099
15 5 20 40 379.26
2128
16 29 10 48 203.89
1144
17 21 4 42 292.83
1643
18 10 4 34 46.16
259
19 12 31 47 681.71
3825
20 29 6 48 28.52
160
21 18 2 45 433.27
2431
22 12 7 24 329.36
1848
23 17 7 46 80.02
449
24 34 6 42 118.88
667
