30
1
5
0 130 0.0 0.1
5641
1 170 0.1 0.1
5431
2 170 0.1 0.1
5560
3 170 0.1 0.1
5421
4 130 0.0 0.1
5507
25
0 16 2 31 372.91
2055
1 2 0 32 615.34
3391
2 5 2 21 73.49
405
3 4 1 25 42.28
233
4 4 3 7 68.23
376
5 10 9 47 72.95
402
6 12 6 22 3.08
17
7 23 23 47 3.45
19
8 16 31 47 881.55
4858
9 16 0 20 255.14
1406
10 24 2 48 777.57
4285
11 5 2 19 69.86
385
12 5 1 32 432.06
2381
13 13 4 23 302.50
1667
14 11 6 47 223.74
1233
15 1 0 3 543.66
2996
16 29 16 48 201.42
1110
17 15 0 39 484.32
2669
18 3 0 31 479.97
2645
19 25 22 47 52.44
289
20 10 3 38 61.33
338
21 8 17 45 267.48
1474
22 11 0 19 591.02
3257
23 4 2 48 217.03
1196
24 3 0 48 283.99
1565
