30
1
5
0 150 0.1 0.1
5642
1 150 0.1 0.1
5619
2 170 0.1 0.1
5496
3 190 0.1 0.0
5488
4 130 0.0 0.1
5452
25
0 9 0 15 483.72
2679
1 14 7 39 225.34
1248
2 17 0 45 87.39
484
3 6 27 47 189.41
1049
4 23 8 48 937.64
5193
5 5 17 48 70.78
392
6 21 0 36 287.45
1592
7 7 9 48 354.62
1964
8 26 10 47 361.84
2004
9 16 4 28 17.33
96
10 6 10 28 58.32
323
11 6 11 32 179.48
994
12 22 6 48 14.81
82
13 3 21 47 21.49
119
14 30 10 47 53.63
297
15 4 13 25 144.63
801
16 20 0 46 321.58
1781
17 18 18 48 300.63
1665
18 5 27 48 217.03
1202
19 20 13 46 18.24
101
20 12 1 27 493.65
2734
21 7 3 27 221.55
1227
22 18 1 36 211.43
1171
23 25 4 47 523.80
2901
24 14 18 43 178.57
989
