30
1
5
0 120 0.1 0.1
5502
1 190 0.1 0.0
5630
2 170 0.1 0.1
5491
3 170 0.1 0.1
5451
4 150 0.1 0.1
5504
25
0 5 2 17 381.87
2106
1 17 7 47 159.20
878
2 22 5 39 223.21
1231
3 20 2 29 126.20
696
4 5 0 48 793.30
4375
5 40 2 48 352.32
1943
6 4 27 48 644.61
3555
7 6 23 44 468.91
2586
8 6 1 47 29.19
161
9 19 3 47 538.54
2970
10 33 4 47 447.69
2469
11 7 0 11 303.72
1675
12 6 4 48 94.11
519
13 26 7 37 153.40
846
14 10 1 28 406.71
2243
15 22 13 39 599.82
3308
16 8 0 34 116.59
643
17 12 3 18 151.59
836
18 24 9 46 22.67
125
19 18 6 47 10.52
58
20 10 37 47 122.76
677
21 19 12 43 411.97
2272
22 16 0 30 456.94
2520
23 10 36 47 418.32
2307
24 8 0 17 234.27
1292
