30
1
5
0 130 0.0 0.1
5427
1 130 0.0 0.1
5509
2 170 0.1 0.1
5403
3 190 0.1 0.0
5544
4 190 0.1 0.0
5298
25
0 21 26 48 445.83
2423
1 3 1 48 556.60
3025
2 4 41 48 18.58
101
3 32 9 47 308.20
1675
4 16 7 42 253.92
1380
5 19 20 48 31.28
170
6 11 6 18 269.93
1467
7 4 42 48 233.68
1270
8 24 13 48 382.35
2078
9 2 0 45 612.16
3327
10 4 21 47 117.76
640
11 18 21 47 20.06
109
12 14 2 23 326.05
1772
13 7 1 33 343.71
1868
14 10 1 33 750.53
4079
15 12 1 26 446.38
2426
16 17 9 48 268.09
1457
17 35 0 48 430.56
2340
18 10 10 26 33.12
180
19 16 25 47 194.12
1055
20 9 9 25 433.13
2354
21 9 15 35 279.13
1517
22 2 0 6 133.21
724
23 21 0 46 223.37
1214
24 16 13 48 505.08
2745
