30
1
5
0 170 0.1 0.1
5324
1 150 0.1 0.1
5392
2 150 0.1 0.1
5421
3 120 0.1 0.1
5613
4 170 0.1 0.1
5299
25
0 7 4 20 157.00
849
1 32 12 48 571.42
3090
2 8 1 44 239.48
1295
3 13 4 28 353.21
1910
4 24 3 46 139.99
757
5 22 0 47 389.82
2108
6 6 0 34 219.51
1187
7 17 9 48 209.15
1131
8 5 0 44 58.44
316
9 25 4 48 22.38
121
10 11 8 30 26.26
142
11 1 9 47 189.92
1027
12 4 14 43 198.80
1075
13 7 32 47 444.38
2403
14 23 1 32 807.57
4367
15 13 2 36 384.46
2079
16 7 11 42 229.31
1240
17 8 1 44 565.32
3057
18 22 7 47 200.64
1085
19 8 0 23 504.85
2730
20 9 3 47 260.75
1410
21 22 16 47 86.92
470
22 19 0 42 169.02
914
23 23 7 46 384.65
2080
24 14 2 23 294.03
1590
