30
1
5
0 130 0.0 0.1
5549
1 120 0.1 0.1
5615
2 190 0.1 0.0
5563
3 130 0.0 0.1
5696
4 170 0.1 0.1
5514
25
0 10 21 47 122.08
682
1 6 13 46 119.21
666
2 28 1 44 384.84
2150
3 3 0 28 21.30
119
4 6 24 48 549.88
3072
5 6 0 47 678.22
3789
6 1 31 48 439.97
2458
7 28 7 48 27.21
152
8 30 15 48 47.08
263
9 23 15 47 42.78
239
10 9 1 37 15.04
84
11 26 9 47 4.83
27
12 21 26 48 806.02
4503
13 4 7 44 90.39
505
14 7 0 47 25.95
145
15 8 0 17 3.40
19
16 8 33 47 56.21
314
17 4 40 45 717.24
4007
18 6 36 48 369.81
2066
19 43 0 47 177.21
990
20 18 11 38 180.61
1009
21 12 2 18 835.92
4670
22 36 2 47 379.65
2121
23 1 24 47 116.35
650
24 2 0 22 271.36
1516
