30
1
5
0 170 0.1 0.1
5426
1 190 0.1 0.0
5496
2 170 0.1 0.1
5511
3 120 0.1 0.1
5411
4 190 0.1 0.0
5422
25
0 14 14 47 155.15
846
1 30 9 48 144.69
789
2 3 2 31 294.71
1607
3 19 0 34 340.00
1854
4 7 7 22 194.76
1062
5 18 14 48 45.30
247
6 4 4 35 50.62
276
7 1 42 43 678.17
3698
8 4 7 47 118.47
646
9 23 17 44 120.67
658
10 22 9 47 449.67
2452
11 3 26 47 369.53
2015
12 4 21 48 444.90
2426
13 7 4 48 443.80
2420
14 1 1 47 46.95
256
15 11 4 44 544.67
2970
16 3 26 43 119.75
653
17 4 39 47 459.57
2506
18 28 7 46 500.84
2731
19 35 3 47 134.97
736
20 31 0 48 296.72
1618
21 15 12 42 153.86
839
22 3 1 48 153.31
836
23 12 0 18 322.40
1758
24 9 12 37 188.71
1029
