30
1
5
0 170 0.1 0.1
5546
1 130 0.0 0.1
5533
2 170 0.1 0.1
5530
3 190 0.1 0.0
5503
4 150 0.1 0.1
5536
25
0 1 0 19 275.79
1525
1 25 16 47 627.17
3468
2 28 19 48 115.56
639
3 6 2 38 171.98
951
4 15 11 47 269.64
1491
5 7 0 30 105.25
582
6 1 0 18 426.62
2359
7 9 1 31 192.96
1067
8 7 24 47 455.73
2520
9 13 0 39 696.08
3849
10 6 2 13 92.41
511
11 23 5 48 66.55
368
12 9 0 18 583.05
3224
13 2 1 40 526.80
2913
14 9 9 41 636.22
3518
15 25 14 47 487.74
2697
16 8 6 25 54.07
299
17 7 10 44 158.24
875
18 9 1 41 228.23
1262
19 28 3 46 88.61
490
20 2 1 21 137.08
758
21 14 2 20 77.04
426
22 14 0 28 401.30
2219
23 9 15 45 14.29
79
24 6 1 34 501.12
2771
