30
1
5
0 130 0.0 0.1
5265
1 170 0.1 0.1
5594
2 170 0.1 0.1
5530
3 130 0.0 0.1
5619
4 120 0.1 0.1
5571
25
0 41 3 48 140.22
773
1 3 0 48 282.08
1555
2 21 1 41 125.89
694
3 13 4 40 294.59
1624
4 39 2 44 276.45
1524
5 17 0 30 336.31
1854
6 16 22 47 387.83
2138
7 24 23 48 272.46
1502
8 5 2 26 113.19
624
9 23 14 48 267.56
1475
10 2 0 31 144.39
796
11 11 10 38 221.31
1220
12 7 25 44 102.67
566
13 2 0 26 729.23
4020
14 5 2 33 124.26
685
15 10 15 48 499.76
2755
16 8 16 47 16.14
89
17 27 1 48 497.03
2740
18 5 20 45 523.34
2885
19 25 16 48 320.53
1767
20 16 10 29 431.37
2378
21 10 0 20 548.37
3023
22 7 9 23 114.64
632
23 3 15 34 143.31
790
24 17 19 47 144.58
797
