30
1
5
0 120 0.1 0.1
5464
1 170 0.1 0.1
5620
2 130 0.0 0.1
5412
3 120 0.1 0.1
5288
4 190 0.1 0.0
5359
25
0 40 1 42 280.67
1523
1 28 13 48 114.26
620
2 18 22 48 152.41
827
3 2 15 48 286.38
1554
4 20 5 38 421.46
2287
5 7 3 11 261.13
1417
6 6 2 13 185.39
1006
7 17 17 48 58.05
315
8 20 12 47 260.40
1413
9 28 4 48 321.21
1743
10 5 1 46 427.73
2321
11 30 8 48 241.97
1313
12 32 0 32 363.23
1971
13 7 3 44 227.59
1235
14 5 1 39 174.52
947
15 9 10 47 406.72
2207
16 6 27 48 237.73
1290
17 6 10 46 66.71
362
18 7 3 17 102.65
557
19 29 4 44 200.14
1086
20 4 5 48 87.72
476
21 11 0 20 432.89
2349
22 5 28 47 165.86
900
23 5 14 47 279.75
1518
24 2 19 43 140.06
760
