30
1
5
0 120 0.1 0.1
5596
1 170 0.1 0.1
5501
2 190 0.1 0.0
5486
3 190 0.1 0.0
5290
4 150 0.1 0.1
5590
25
0 17 14 48 166.47
914
1 11 30 45 156.09
857
2 20 8 45 39.71
218
3 3 0 17 138.97
763
4 21 0 46 276.12
1516
5 11 8 29 172.67
948
6 13 5 23 371.02
2037
7 18 0 42 97.99
538
8 7 5 48 453.89
2492
9 3 0 7 392.33
2154
10 13 11 42 178.50
980
11 19 1 47 427.30
2346
12 17 20 48 126.77
696
13 15 3 33 856.78
4704
14 25 15 48 730.56
4011
15 9 4 44 536.58
2946
16 7 3 39 463.54
2545
17 4 39 47 168.48
925
18 14 21 42 198.17
1088
19 6 1 47 104.73
575
20 7 8 47 282.13
1549
21 19 20 47 178.68
981
22 23 12 48 534.58
2935
23 14 10 42 164.65
904
24 6 14 47 201.26
1105
