30
1
5
0 120 0.1 0.1
5557
1 130 0.0 0.1
5604
2 130 0.0 0.1
5459
3 150 0.1 0.1
5325
4 190 0.1 0.0
5402
25
0 11 7 36 226.06
1236
1 9 0 41 667.21
3648
2 3 0 6 290.63
1589
3 22 9 47 277.46
1517
4 31 1 46 384.63
2103
5 9 4 33 12.25
67
6 20 10 48 48.83
267
7 4 5 48 345.31
1888
8 9 22 48 94.19
515
9 7 19 43 215.82
1180
10 22 22 47 248.38
1358
11 4 0 12 342.02
1870
12 10 1 47 14.63
80
13 5 0 37 552.90
3023
14 26 7 48 275.81
1508
15 28 12 47 81.39
445
16 9 4 28 92.55
506
17 9 0 22 109.01
596
18 20 22 47 608.87
3329
19 8 8 25 348.06
1903
20 20 1 48 410.61
2245
21 31 3 45 105.35
576
22 16 14 47 77.37
423
23 11 16 48 109.56
599
24 4 8 48 351.16
1920
