30
1
5
0 190 0.1 0.0
5577
1 150 0.1 0.1
5430
2 150 0.1 0.1
5543
3 120 0.1 0.1
5458
4 190 0.1 0.0
5480
25
0 6 12 47 548.29
3014
1 26 12 47 236.49
1300
2 16 14 37 373.29
2052
3 13 2 48 269.23
1480
4 8 11 48 294.70
1620
5 13 27 47 459.70
2527
6 9 8 48 85.32
469
7 13 6 34 53.48
294
8 15 1 47 426.41
2344
9 2 0 20 70.04
385
10 24 15 47 597.05
3282
11 6 1 34 56.39
310
12 2 29 45 308.89
1698
13 26 8 42 344.37
1893
14 2 30 48 69.31
381
15 6 2 29 37.84
208
16 14 9 40 329.81
1813
17 19 7 39 59.12
325
18 7 0 43 197.20
1084
19 28 0 47 246.13
1353
20 10 0 48 302.16
1661
21 26 2 48 332.72
1829
22 2 1 22 137.53
756
23 14 0 39 117.52
646
24 22 16 42 509.00
2798
