30
1
5
0 150 0.1 0.1
5573
1 190 0.1 0.0
5660
2 120 0.1 0.1
5658
3 190 0.1 0.0
5529
4 150 0.1 0.1
5517
25
0 30 2 45 44.21
247
1 27 0 34 228.40
1276
2 14 17 43 116.53
651
3 3 5 47 615.39
3438
4 5 8 47 34.19
191
5 6 0 28 125.12
699
6 6 12 48 168.26
940
7 3 29 47 64.98
363
8 18 23 46 211.21
1180
9 20 11 43 489.73
2736
10 3 27 48 178.28
996
11 6 20 47 289.62
1618
12 32 1 41 492.60
2752
13 18 20 48 384.48
2148
14 23 4 41 128.34
717
15 15 19 47 252.03
1408
16 10 1 38 354.41
1980
17 23 7 48 246.66
1378
18 17 0 30 372.67
2082
19 23 6 47 161.99
905
20 22 13 46 101.67
568
21 4 28 48 267.42
1494
22 6 2 46 115.45
645
23 33 6 48 456.98
2553
24 4 30 47 220.52
1232
