30
1
5
0 170 0.1 0.1
5416
1 170 0.1 0.1
5433
2 190 0.1 0.0
5362
3 120 0.1 0.1
5302
4 150 0.1 0.1
5536
25
0 24 0 38 37.16
201
1 12 17 48 555.77
3006
2 22 12 45 5.18
28
3 23 11 47 335.57
1815
4 9 14 47 638.97
3456
5 14 4 31 586.83
3174
6 2 35 48 162.52
879
7 9 0 18 718.10
3884
8 31 3 46 217.06
1174
9 24 4 40 119.81
648
10 5 1 10 298.59
1615
11 6 8 40 152.72
826
12 1 9 29 30.88
167
13 7 24 47 639.16
3457
14 21 1 33 245.53
1328
15 10 28 48 100.39
543
16 26 15 45 468.51
2534
17 32 11 47 301.00
1628
18 4 7 48 402.32
2176
19 2 29 48 241.09
1304
20 33 8 43 200.79
1086
21 18 12 47 98.73
534
22 1 3 45 470.54
2545
23 13 6 48 504.74
2730
24 16 5 33 710.89
3845
