30
1
5
0 190 0.1 0.0
5482
1 190 0.1 0.0
5392
2 190 0.1 0.0
5447
3 120 0.1 0.1
5666
4 130 0.0 0.1
5556
25
0 3 3 31 544.04
2996
1 4 0 44 615.22
3388
2 42 3 48 17.98
99
3 25 9 44 76.63
422
4 3 12 48 507.17
2793
5 36 2 47 93.34
514
6 1 0 40 174.51
961
7 10 0 38 43.04
237
8 31 16 47 213.00
1173
9 1 0 29 55.38
305
10 38 2 45 767.39
4226
11 28 19 47 563.65
3104
12 21 11 47 200.29
1103
13 19 21 48 168.88
930
14 11 8 22 322.32
1775
15 28 9 47 97.33
536
16 11 4 40 206.10
1135
17 6 0 30 247.32
1362
18 3 9 46 386.96
2131
19 5 1 41 191.76
1056
20 3 38 48 64.10
353
21 23 6 47 556.39
3064
22 6 0 21 71.00
391
23 4 2 48 142.55
785
24 34 5 47 44.67
246
