30
1
5
0 130 0.0 0.1
5526
1 130 0.0 0.1
5451
2 170 0.1 0.1
5415
3 170 0.1 0.1
5468
4 150 0.1 0.1
5409
25
0 17 20 48 464.29
2532
1 28 15 48 283.49
1546
2 20 18 44 131.29
716
3 10 1 46 101.22
552
4 17 24 47 529.39
2887
5 36 7 46 274.32
1496
6 13 7 47 288.81
1575
7 3 38 48 105.80
577
8 12 3 35 570.46
3111
9 17 2 47 104.34
569
10 13 22 48 176.40
962
11 13 2 26 413.50
2255
12 19 1 47 177.50
968
13 20 0 47 492.71
2687
14 8 7 30 95.72
522
15 3 10 47 182.64
996
16 13 11 27 124.32
678
17 34 0 47 79.77
435
18 2 23 47 160.63
876
19 9 0 9 450.17
2455
20 2 7 35 136.79
746
21 14 1 48 501.52
2735
22 6 0 22 397.36
2167
23 15 19 45 231.41
1262
24 35 7 48 118.64
647
