30
1
5
0 120 0.1 0.1
5536
1 120 0.1 0.1
5588
2 150 0.1 0.1
5497
3 170 0.1 0.1
5646
4 170 0.1 0.1
5569
25
0 7 18 42 17.60
98
1 4 10 23 419.63
2336
2 9 31 45 376.88
2098
3 25 21 47 84.97
473
4 12 28 47 369.70
2058
5 4 12 24 16.89
94
6 15 1 33 173.89
968
7 2 1 47 578.97
3223
8 4 38 47 312.75
1741
9 31 0 46 322.63
1796
10 21 1 43 176.94
985
11 9 11 47 320.47
1784
12 25 9 48 239.82
1335
13 17 4 42 92.33
514
14 3 4 47 187.72
1045
15 9 0 10 164.73
917
16 15 22 48 381.19
2122
17 13 1 19 442.27
2462
18 28 6 48 354.25
1972
19 2 40 47 150.72
839
20 17 5 41 15.81
88
21 19 3 46 329.28
1833
22 12 24 46 93.05
518
23 19 0 26 307.90
1714
24 12 1 22 255.27
1421
