30
1
5
0 150 0.1 0.1
5562
1 150 0.1 0.1
5420
2 130 0.0 0.1
5431
3 120 0.1 0.1
5471
4 170 0.1 0.1
5491
25
0 28 2 36 58.09
318
1 22 8 47 608.45
3331
2 6 1 48 99.92
547
3 24 2 47 247.51
1355
4 9 31 47 776.87
4253
5 9 6 29 174.99
958
6 25 0 47 147.04
805
7 37 7 47 312.17
1709
8 5 1 28 311.08
1703
9 16 26 47 158.37
867
10 1 0 39 374.28
2049
11 13 4 38 234.72
1285
12 21 8 48 662.70
3628
13 8 38 47 168.96
925
14 11 4 30 372.45
2039
15 1 18 46 631.47
3457
16 23 4 44 87.50
479
17 1 32 43 60.46
331
18 5 0 47 405.70
2221
19 3 2 38 191.61
1049
20 13 3 48 247.69
1356
21 7 0 48 135.35
741
22 16 1 42 159.47
873
23 19 6 48 303.77
1663
24 8 8 39 144.30
790
