30
1
5
0 170 0.1 0.1
5542
1 120 0.1 0.1
5532
2 190 0.1 0.0
5586
3 150 0.1 0.1
5516
4 190 0.1 0.0
5504
25
0 14 6 26 197.98
1096
1 2 0 45 486.10
2691
2 15 7 44 460.99
2552
3 13 18 47 416.20
2304
4 3 0 28 278.19
1540
5 15 5 46 389.82
2158
6 15 10 46 201.05
1113
7 9 1 36 53.47
296
8 12 22 47 104.77
580
9 9 2 27 229.77
1272
10 9 15 33 496.04
2746
11 4 21 48 373.20
2066
12 13 6 41 161.85
896
13 1 26 45 337.80
1870
14 23 0 48 165.11
914
15 18 1 42 91.77
508
16 3 31 47 422.34
2338
17 13 0 23 160.77
890
18 30 14 47 365.98
2026
19 24 3 42 50.58
280
20 3 2 28 343.76
1903
21 18 17 47 643.08
3560
22 24 6 47 188.05
1041
23 27 19 47 54.01
299
24 18 17 48 564.68
3126
