30
1
5
0 190 0.1 0.0
5547
1 130 0.0 0.1
5342
2 170 0.1 0.1
5392
3 130 0.0 0.1
5550
4 150 0.1 0.1
5572
25
0 4 0 14 63.15
346
1 6 2 16 96.19
527
2 14 6 44 67.53
370
3 33 4 48 367.41
2013
4 1 10 48 246.76
1352
5 3 2 19 590.44
3235
6 3 0 21 509.40
2791
7 32 9 48 364.12
1995
8 9 4 38 157.88
865
9 23 15 47 31.58
173
10 2 1 37 539.52
2956
11 3 3 47 548.10
3003
12 3 1 35 1.28
7
13 23 6 38 29.57
162
14 32 13 47 714.19
3913
15 1 31 47 40.70
223
16 25 17 48 377.81
2070
17 28 10 48 286.55
1570
18 13 10 47 27.93
153
19 26 12 48 92.17
505
20 32 2 47 480.20
2631
21 6 0 48 363.76
1993
22 34 4 47 463.96
2542
23 16 27 47 41.98
230
24 3 0 37 1.10
6
