30
1
5
0 170 0.1 0.1
5489
1 130 0.0 0.1
5474
2 130 0.0 0.1
5435
3 170 0.1 0.1
5696
4 120 0.1 0.1
5612
25
0 14 0 26 66.25
367
1 5 39 48 354.00
1961
2 9 33 47 78.71
436
3 15 1 16 38.63
214
4 12 8 48 362.13
2006
5 11 4 47 203.63
1128
6 10 26 48 730.93
4049
7 2 0 17 595.36
3298
8 4 25 48 225.11
1247
9 15 18 45 65.89
365
10 25 16 48 365.01
2022
11 3 1 18 6.32
35
12 17 8 47 163.01
903
13 2 0 46 7.04
39
14 13 3 29 320.43
1775
15 14 3 25 598.61
3316
16 5 0 15 236.12
1308
17 8 0 48 586.70
3250
18 2 12 32 201.46
1116
19 22 2 40 42.78
237
20 17 0 18 259.05
1435
21 19 6 29 884.56
4900
22 14 20 39 440.29
2439
23 16 3 47 541.38
2999
24 3 0 27 629.66
3488
