30
1
5
0 170 0.1 0.1
5564
1 120 0.1 0.1
5544
2 170 0.1 0.1
5566
3 150 0.1 0.1
5552
4 170 0.1 0.1
5482
25
0 28 6 47 514.31
2850
1 10 5 47 198.69
1101
2 26 11 47 164.94
914
3 2 0 37 632.87
3507
4 9 5 43 203.74
1129
5 19 11 43 441.58
2447
6 23 3 47 367.59
2037
7 4 4 37 345.40
1914
8 6 7 45 83.73
464
9 18 15 48 238.93
1324
10 20 20 47 269.97
1496
11 12 0 16 461.61
2558
12 16 2 44 248.13
1375
13 25 13 48 189.30
1049
14 13 0 45 316.16
1752
15 30 3 39 83.91
465
16 22 8 47 139.13
771
17 11 17 48 123.43
684
18 2 0 21 223.23
1237
19 17 0 25 414.33
2296
20 21 7 34 372.29
2063
21 21 10 45 239.83
1329
22 6 0 16 622.04
3447
23 10 8 43 233.87
1296
24 7 11 44 401.16
2223
