30
1
5
0 150 0.1 0.1
5556
1 150 0.1 0.1
5618
2 130 0.0 0.1
5644
3 150 0.1 0.1
5437
4 150 0.1 0.1
5541
25
0 3 43 48 729.54
4055
1 21 3 45 100.03
556
2 14 4 47 844.15
4692
3 8 4 34 348.67
1938
4 25 19 48 186.57
1037
5 21 19 42 229.75
1277
6 14 10 45 410.92
2284
7 5 0 22 664.24
3692
8 27 20 47 114.42
636
9 12 32 47 131.70
732
10 4 1 41 56.85
316
11 30 1 47 382.67
2127
12 3 15 48 77.54
431
13 35 8 47 87.44
486
14 4 36 47 32.02
178
15 6 5 33 419.56
2332
16 27 1 44 360.00
2001
17 32 1 43 64.95
361
18 10 3 15 607.02
3374
19 16 8 38 103.45
575
20 13 12 43 107.41
597
21 4 17 48 77.18
429
22 14 2 46 596.05
3313
23 12 8 48 104.35
580
24 5 4 34 120.72
671
