30
1
5
0 120 0.1 0.1
5621
1 120 0.1 0.1
5522
2 120 0.1 0.1
5444
3 170 0.1 0.1
5563
4 150 0.1 0.1
5511
25
0 12 1 17 160.17
886
1 24 7 47 308.23
1705
2 4 2 17 583.56
3228
3 11 12 48 128.72
712
4 38 0 48 176.26
975
5 5 10 47 248.39
1374
6 6 0 43 242.06
1339
7 9 14 47 314.38
1739
8 14 0 43 270.63
1497
9 12 21 47 545.41
3017
10 7 1 10 9.58
53
11 8 1 38 659.49
3648
12 28 9 42 165.41
915
13 14 2 41 446.89
2472
14 15 3 19 410.73
2272
15 11 20 41 338.24
1871
16 36 5 42 316.37
1750
17 13 17 47 222.72
1232
18 6 2 34 383.98
2124
19 20 10 40 321.97
1781
20 3 8 42 668.16
3696
21 24 10 38 154.21
853
22 27 0 48 228.69
1265
23 7 1 43 366.44
2027
24 18 20 47 197.05
1090
