30
1
5
0 130 0.0 0.1
5425
1 170 0.1 0.1
5433
2 130 0.0 0.1
5688
3 170 0.1 0.1
5487
4 120 0.1 0.1
5526
25
0 21 1 48 641.00
3532
1 4 0 44 57.71
318
2 16 0 46 124.13
684
3 19 14 48 127.04
700
4 21 13 48 60.07
331
5 8 8 47 321.77
1773
6 23 4 46 404.89
2231
7 24 0 38 152.45
840
8 21 25 48 158.80
875
9 19 6 35 675.48
3722
10 25 1 43 270.59
1491
11 1 0 30 466.77
2572
12 26 12 48 264.60
1458
13 11 2 48 215.60
1188
14 11 15 48 220.86
1217
15 9 6 37 59.16
326
16 3 12 42 330.12
1819
17 14 33 47 376.21
2073
18 1 0 4 235.56
1298
19 3 0 28 153.17
844
20 9 9 47 82.57
455
21 10 1 48 678.93
3741
22 3 10 47 119.60
659
23 3 10 26 363.33
2002
24 4 0 23 201.08
1108
