30
1
5
0 120 0.1 0.1
5509
1 120 0.1 0.1
5439
2 170 0.1 0.1
5395
3 170 0.1 0.1
5306
4 170 0.1 0.1
5594
25
0 9 33 47 145.22
791
1 2 7 34 96.57
526
2 6 6 39 361.86
1971
3 19 4 31 126.50
689
4 9 37 48 471.83
2570
5 10 19 47 115.66
630
6 1 0 40 238.49
1299
7 24 8 47 213.33
1162
8 24 23 48 204.34
1113
9 26 1 29 481.01
2620
10 4 1 24 197.91
1078
11 2 27 47 411.98
2244
12 21 7 45 469.08
2555
13 9 0 43 127.41
694
14 1 0 1 337.26
1837
15 16 13 48 367.74
2003
16 27 5 38 105.75
576
17 18 29 48 622.75
3392
18 18 6 33 167.99
915
19 23 2 41 232.43
1266
20 16 21 47 77.29
421
21 2 3 45 300.73
1638
22 9 0 47 560.14
3051
23 13 18 41 231.69
1262
24 25 0 29 72.34
394
