30
1
5
0 130 0.0 0.1
5636
1 150 0.1 0.1
5564
2 150 0.1 0.1
5406
3 170 0.1 0.1
5484
4 130 0.0 0.1
5359
25
0 13 0 26 26.42
145
1 8 0 25 81.82
449
2 15 2 31 628.83
3451
3 22 19 47 242.71
1332
4 4 13 34 216.47
1188
5 20 23 48 115.71
635
6 4 8 43 235.79
1294
7 11 3 32 180.76
992
8 2 12 47 242.53
1331
9 6 0 43 641.77
3522
10 18 18 48 520.41
2856
11 4 26 44 5.10
28
12 23 11 44 554.49
3043
13 21 11 47 48.11
264
14 2 41 48 718.67
3944
15 19 22 47 283.53
1556
16 36 4 46 406.89
2233
17 21 2 47 259.66
1425
18 13 3 37 269.50
1479
19 32 12 44 194.43
1067
20 6 21 48 3.28
18
21 20 13 48 191.88
1053
22 9 10 34 418.92
2299
23 10 17 48 163.63
898
24 5 5 43 196.98
1081
