30
1
5
0 190 0.1 0.0
5671
1 150 0.1 0.1
5323
2 130 0.0 0.1
5495
3 150 0.1 0.1
5619
4 130 0.0 0.1
5562
25
0 3 31 48 718.63
3975
1 7 4 36 325.42
1800
2 28 6 45 764.74
4230
3 2 0 9 128.54
711
4 2 11 48 710.68
3931
5 45 2 48 412.56
2282
6 10 0 22 557.19
3082
7 8 9 45 164.88
912
8 32 3 46 34.89
193
9 6 0 16 12.84
71
10 19 15 47 319.09
1765
11 25 11 48 25.13
139
12 8 4 47 11.57
64
13 4 0 36 426.66
2360
14 5 0 47 41.22
228
15 9 7 47 41.40
229
16 22 5 44 566.05
3131
17 12 28 48 84.79
469
18 35 6 48 12.29
68
19 27 17 48 239.73
1326
20 6 16 47 68.70
380
21 24 7 40 84.43
467
22 14 1 27 405.51
2243
23 3 23 47 178.44
987
24 7 34 48 690.61
3820
