30
1
5
0 150 0.1 0.1
5543
1 190 0.1 0.0
5440
2 130 0.0 0.1
5579
3 150 0.1 0.1
5582
4 130 0.0 0.1
5526
25
0 4 25 41 370.47
2050
1 1 0 47 101.74
563
2 20 4 42 149.63
828
3 35 10 47 126.86
702
4 6 0 43 73.01
404
5 1 22 47 558.42
3090
6 27 6 36 15.90
88
7 32 0 33 696.84
3856
8 12 15 47 86.38
478
9 12 0 47 21.87
121
10 5 17 48 58.55
324
11 10 4 33 298.18
1650
12 14 7 47 456.31
2525
13 15 9 35 89.82
497
14 3 26 43 562.03
3110
15 5 38 48 711.66
3938
16 15 6 42 318.78
1764
17 23 19 47 360.53
1995
18 34 0 44 660.88
3657
19 21 26 48 174.03
963
20 20 6 48 457.58
2532
21 5 26 43 394.69
2184
22 28 3 47 124.69
690
23 36 0 48 158.49
877
24 4 7 46 191.02
1057
