30
1
5
0 150 0.1 0.1
5580
1 130 0.0 0.1
5551
2 150 0.1 0.1
5449
3 170 0.1 0.1
5495
4 130 0.0 0.1
5402
25
0 21 19 47 115.93
637
1 18 4 40 15.83
87
2 11 1 20 155.97
857
3 4 2 45 85.17
468
4 19 20 48 68.43
376
5 4 0 28 330.14
1814
6 9 3 38 619.33
3403
7 7 4 34 391.11
2149
8 10 0 42 340.51
1871
9 20 4 47 336.69
1850
10 15 4 47 195.46
1074
11 34 1 47 179.63
987
12 20 7 47 325.59
1789
13 7 0 40 523.78
2878
14 5 0 37 481.20
2644
15 13 9 28 771.66
4240
16 13 2 40 434.42
2387
17 29 3 47 259.89
1428
18 4 3 27 676.48
3717
19 12 8 43 109.74
603
20 8 0 37 390.75
2147
21 9 23 47 77.35
425
22 5 7 38 632.07
3473
23 12 3 40 18.20
100
24 3 0 21 636.99
3500
