30
1
5
0 130 0.0 0.1
5538
1 120 0.1 0.1
5576
2 170 0.1 0.1
5537
3 150 0.1 0.1
5562
4 130 0.0 0.1
5590
25
0 12 1 38 194.95
1084
1 23 4 47 157.00
873
2 36 5 48 44.06
245
3 8 0 29 244.40
1359
4 18 4 36 258.61
1438
5 2 25 47 235.41
1309
6 3 22 46 22.30
124
7 19 0 42 443.84
2468
8 10 30 47 211.31
1175
9 10 17 47 205.74
1144
10 5 6 46 369.93
2057
11 6 0 14 322.45
1793
12 3 1 18 705.15
3921
13 13 6 43 262.92
1462
14 35 0 41 274.25
1525
15 27 5 41 396.01
2202
16 17 12 48 488.44
2716
17 12 32 48 172.65
960
18 6 31 47 230.37
1281
19 18 19 48 341.87
1901
20 24 16 47 431.79
2401
21 14 7 47 200.70
1116
22 3 1 5 72.66
404
23 20 0 36 736.26
4094
24 2 21 48 417.77
2323
