30
1
5
0 150 0.1 0.1
5360
1 120 0.1 0.1
5605
2 170 0.1 0.1
5465
3 150 0.1 0.1
5672
4 190 0.1 0.0
5563
25
0 18 14 48 56.77
314
1 10 1 36 9.76
54
2 30 4 47 94.92
525
3 3 3 27 546.21
3021
4 13 0 37 228.00
1261
5 2 0 45 382.40
2115
6 6 0 28 445.87
2466
7 6 0 21 244.81
1354
8 14 31 47 84.07
465
9 16 0 42 408.80
2261
10 17 9 37 588.34
3254
11 8 0 32 200.87
1111
12 28 17 48 11.93
66
13 14 5 19 278.62
1541
14 15 27 48 12.84
71
15 18 28 48 423.99
2345
16 17 0 29 458.52
2536
17 10 26 47 670.79
3710
18 13 5 31 398.49
2204
19 2 5 45 386.92
2140
20 6 5 37 440.08
2434
21 1 11 47 344.61
1906
22 1 16 47 254.75
1409
23 2 21 33 729.37
4034
24 26 3 46 462.14
2556
