30
1
5
0 170 0.1 0.1
5445
1 130 0.0 0.1
5363
2 150 0.1 0.1
5467
3 120 0.1 0.1
5632
4 150 0.1 0.1
5418
25
0 34 5 47 490.71
2681
1 19 11 47 701.38
3832
2 11 5 29 100.12
547
3 11 3 29 457.21
2498
4 11 13 40 273.63
1495
5 30 15 48 67.36
368
6 17 27 47 8.05
44
7 11 3 43 306.58
1675
8 13 3 37 7.50
41
9 22 10 45 22.51
123
10 15 1 48 602.91
3294
11 3 0 47 559.71
3058
12 11 10 45 84.93
464
13 18 5 47 406.51
2221
14 11 12 47 603.09
3295
15 23 1 38 476.80
2605
16 4 2 15 802.23
4383
17 9 0 25 35.33
193
18 3 0 10 356.55
1948
19 6 0 16 73.76
403
20 16 10 48 240.69
1315
21 12 0 26 140.02
765
22 13 8 37 263.20
1438
23 23 5 48 120.25
657
24 15 3 42 37.89
207
