30
1
5
0 120 0.1 0.1
5517
1 170 0.1 0.1
5379
2 120 0.1 0.1
5582
3 150 0.1 0.1
5471
4 120 0.1 0.1
5339
25
0 19 3 48 44.72
244
1 9 4 16 704.16
3842
2 1 12 47 439.32
2397
3 23 3 47 335.03
1828
4 3 18 47 53.88
294
5 36 11 47 72.76
397
6 3 7 47 109.42
597
7 11 20 47 664.39
3625
8 25 4 47 76.06
415
9 37 2 47 196.48
1072
10 14 0 21 200.32
1093
11 1 3 16 206.01
1124
12 41 3 48 260.44
1421
13 6 23 33 350.25
1911
14 30 17 47 216.45
1181
15 30 7 46 535.73
2923
16 1 27 48 118.76
648
17 10 1 19 354.83
1936
18 10 0 44 663.65
3621
19 4 0 11 521.25
2844
20 3 0 36 51.32
280
21 1 2 8 273.45
1492
22 22 23 48 56.27
307
23 17 25 47 624.07
3405
24 34 5 47 90.72
495
