30
1
5
0 130 0.0 0.1
5456
1 150 0.1 0.1
5503
2 150 0.1 0.1
5502
3 130 0.0 0.1
5647
4 120 0.1 0.1
5363
25
0 27 14 48 192.80
1059
1 1 34 47 37.69
207
2 40 2 44 117.61
646
3 1 0 13 317.51
1744
4 18 6 44 286.38
1573
5 44 0 47 371.77
2042
6 16 27 47 31.50
173
7 7 39 48 258.89
1422
8 10 0 24 186.61
1025
9 1 26 47 90.48
497
10 17 12 48 117.98
648
11 14 2 48 703.12
3862
12 4 17 48 342.27
1880
13 22 4 33 209.92
1153
14 27 5 46 39.87
219
15 13 0 44 594.43
3265
16 2 9 39 25.85
142
17 5 6 47 314.97
1730
18 11 8 26 101.95
560
19 22 7 37 667.62
3667
20 1 0 17 319.70
1756
21 4 4 48 701.48
3853
22 11 32 47 133.45
733
23 29 4 44 789.60
4337
24 9 21 47 25.31
139
