30
1
5
0 120 0.1 0.1
5315
1 170 0.1 0.1
5713
2 190 0.1 0.0
5483
3 150 0.1 0.1
5572
4 150 0.1 0.1
5648
25
0 11 30 47 449.06
2489
1 22 2 39 56.11
311
2 25 0 38 327.28
1814
3 39 8 48 15.16
84
4 16 2 41 293.18
1625
5 5 3 47 120.52
668
6 44 0 48 347.12
1924
7 1 0 44 298.23
1653
8 5 7 20 313.03
1735
9 2 5 33 336.66
1866
10 6 0 48 136.04
754
11 17 9 39 74.51
413
12 4 2 15 86.42
479
13 23 1 47 582.93
3231
14 2 5 29 122.68
680
15 11 26 44 196.11
1087
16 4 23 47 154.80
858
17 7 0 15 403.05
2234
18 4 8 47 406.12
2251
19 9 3 48 322.23
1786
20 7 0 14 114.75
636
21 32 12 48 665.56
3689
22 28 14 47 379.96
2106
23 5 1 48 11.91
66
24 1 0 4 462.23
2562
