30
1
5
0 120 0.1 0.1
5507
1 190 0.1 0.0
5558
2 130 0.0 0.1
5728
3 150 0.1 0.1
5491
4 190 0.1 0.0
5710
25
0 15 28 48 321.78
1801
1 22 0 31 183.13
1025
2 13 30 48 313.38
1754
3 19 16 47 61.82
346
4 18 0 46 728.07
4075
5 19 9 47 339.29
1899
6 21 7 48 513.13
2872
7 6 24 40 444.70
2489
8 10 3 47 460.07
2575
9 17 9 48 305.88
1712
10 9 16 48 148.29
830
11 9 4 47 741.83
4152
12 21 1 48 792.21
4434
13 5 14 39 431.30
2414
14 5 2 48 182.24
1020
15 14 23 45 110.95
621
16 23 4 42 347.87
1947
17 2 3 48 124.71
698
18 30 0 46 126.85
710
19 21 0 40 140.08
784
20 13 2 45 27.87
156
21 19 2 32 202.97
1136
22 19 3 48 41.81
234
23 22 11 40 137.75
771
24 16 7 33 133.82
749
