30
1
5
0 130 0.0 0.1
5529
1 130 0.0 0.1
5303
2 150 0.1 0.1
5490
3 120 0.1 0.1
5619
4 130 0.0 0.1
5619
25
0 28 2 38 258.28
1423
1 3 16 45 142.12
783
2 20 2 36 411.29
2266
3 16 21 47 478.08
2634
4 20 0 33 455.21
2508
5 25 0 27 101.46
559
6 15 13 48 346.13
1907
7 8 9 47 222.16
1224
8 12 24 48 119.43
658
9 27 6 48 35.57
196
10 6 0 28 60.80
335
11 10 0 45 111.99
617
12 12 0 28 397.86
2192
13 21 23 47 226.34
1247
14 24 14 48 254.47
1402
15 5 0 47 320.17
1764
16 32 2 48 728.56
4014
17 3 18 44 380.07
2094
18 20 2 25 281.15
1549
19 27 0 46 200.20
1103
20 4 6 34 84.58
466
21 25 14 48 66.61
367
22 8 15 48 162.08
893
23 32 2 34 394.59
2174
24 18 21 48 242.13
1334
