30
1
5
0 130 0.0 0.1
5548
1 150 0.1 0.1
5473
2 170 0.1 0.1
5511
3 190 0.1 0.0
5512
4 170 0.1 0.1
5479
25
0 13 2 46 206.56
1137
1 14 0 35 10.36
57
2 13 6 29 263.97
1453
3 21 18 47 138.07
760
4 27 5 41 297.58
1638
5 3 24 47 508.68
2800
6 22 8 46 15.62
86
7 22 10 39 360.62
1985
8 6 34 47 275.59
1517
9 12 26 44 34.15
188
10 3 7 48 83.93
462
11 15 6 39 55.59
306
12 12 3 48 146.43
806
13 43 0 43 128.62
708
14 40 2 44 601.69
3312
15 26 4 47 17.62
97
16 18 19 39 230.72
1270
17 3 12 47 92.11
507
18 10 0 48 423.29
2330
19 23 7 48 655.29
3607
20 5 24 36 198.38
1092
21 24 17 47 211.28
1163
22 11 5 37 146.61
807
23 13 1 42 324.46
1786
24 22 2 40 556.09
3061
