30
1
5
0 170 0.1 0.1
5474
1 170 0.1 0.1
5554
2 130 0.0 0.1
5420
3 120 0.1 0.1
5293
4 120 0.1 0.1
5520
25
0 14 30 47 547.64
2985
1 8 6 48 216.12
1178
2 16 14 43 15.04
82
3 6 19 48 214.47
1169
4 7 34 48 697.72
3803
5 30 0 39 655.15
3571
6 11 27 47 28.62
156
7 7 18 48 139.07
758
8 10 0 13 105.13
573
9 18 29 48 321.80
1754
10 5 37 47 24.77
135
11 15 21 45 161.08
878
12 6 19 42 677.72
3694
13 21 6 34 9.91
54
14 13 24 47 320.70
1748
15 17 0 46 236.85
1291
16 18 7 39 493.34
2689
17 21 0 47 552.41
3011
18 21 10 48 324.55
1769
19 9 0 11 290.24
1582
20 10 5 35 308.77
1683
21 3 1 25 533.33
2907
22 7 14 47 10.27
56
23 6 9 36 116.50
635
24 15 0 20 104.76
571
