30
1
5
0 170 0.1 0.1
5484
1 130 0.0 0.1
5647
2 190 0.1 0.0
5588
3 170 0.1 0.1
5512
4 130 0.0 0.1
5641
25
0 8 10 48 95.27
531
1 18 2 43 399.20
2225
2 5 27 45 100.29
559
3 19 2 47 781.18
4354
4 27 10 46 161.65
901
5 34 3 44 80.38
448
6 8 10 47 462.00
2575
7 28 5 42 706.19
3936
8 4 0 47 24.76
138
9 3 37 47 801.99
4470
10 21 9 38 27.09
151
11 17 2 27 452.31
2521
12 4 1 31 378.39
2109
13 23 7 45 543.99
3032
14 22 1 40 95.09
530
15 8 27 48 91.68
511
16 2 9 47 241.67
1347
17 17 15 40 366.73
2044
18 12 8 47 445.31
2482
19 5 1 13 421.81
2351
20 23 1 48 69.97
390
21 2 0 38 754.99
4208
22 16 3 47 10.23
57
23 17 0 28 8.43
47
24 6 0 20 168.65
940
