30
1
5
0 190 0.1 0.0
5488
1 170 0.1 0.1
5613
2 190 0.1 0.0
5544
3 120 0.1 0.1
5595
4 190 0.1 0.0
5493
25
0 1 0 22 196.17
1088
1 4 0 44 156.51
868
2 6 0 17 134.51
746
3 20 16 48 500.17
2774
4 1 4 48 374.68
2078
5 10 3 23 141.36
784
6 26 19 47 175.08
971
7 33 1 47 699.23
3878
8 28 19 47 520.54
2887
9 13 3 16 151.28
839
10 5 1 35 676.51
3752
11 19 0 48 69.96
388
12 6 5 38 51.39
285
13 5 0 25 421.74
2339
14 34 2 47 89.61
497
15 1 37 48 237.46
1317
16 12 6 48 291.37
1616
17 35 8 48 195.45
1084
18 1 0 35 142.26
789
19 6 0 36 641.35
3557
20 15 1 40 386.40
2143
21 2 0 5 97.91
543
22 19 5 27 438.14
2430
23 6 38 47 742.14
4116
24 2 0 22 677.23
3756
