30
1
5
0 150 0.1 0.1
5564
1 130 0.0 0.1
5546
2 120 0.1 0.1
5528
3 120 0.1 0.1
5469
4 170 0.1 0.1
5554
25
0 4 0 17 437.27
2419
1 24 2 42 56.76
314
2 24 1 36 184.38
1020
3 15 5 34 707.34
3913
4 21 6 48 196.13
1085
5 14 0 21 536.52
2968
6 10 28 44 79.36
439
7 13 29 47 327.91
1814
8 4 0 16 432.03
2390
9 10 21 48 185.11
1024
10 10 1 48 181.31
1003
11 2 41 48 257.77
1426
12 21 3 47 118.40
655
13 7 14 47 884.31
4892
14 26 1 45 215.84
1194
15 2 43 48 189.62
1049
16 31 9 48 693.78
3838
17 2 8 47 500.00
2766
18 12 2 46 208.97
1156
19 20 3 33 792.48
4384
20 17 0 38 178.78
989
21 31 11 45 344.72
1907
22 5 20 35 450.65
2493
23 5 18 38 181.31
1003
24 2 0 21 572.85
3169
