30
1
5
0 150 0.1 0.1
5460
1 190 0.1 0.0
5544
2 150 0.1 0.1
5459
3 170 0.1 0.1
5597
4 120 0.1 0.1
5580
25
0 12 29 47 338.68
1872
1 16 0 29 230.85
1276
2 18 22 46 161.92
895
3 10 20 46 94.80
524
4 10 32 48 270.29
1494
5 28 0 48 733.62
4055
6 5 1 23 162.46
898
7 12 27 47 274.63
1518
8 6 0 26 470.57
2601
9 4 12 45 688.21
3804
10 8 2 42 19.72
109
11 38 1 48 576.77
3188
12 4 27 48 114.70
634
13 7 9 33 253.83
1403
14 22 2 32 310.27
1715
15 8 19 44 266.49
1473
16 23 7 48 150.89
834
17 12 6 31 534.25
2953
18 14 15 48 68.21
377
19 2 31 48 445.96
2465
20 17 8 47 430.76
2381
21 14 4 30 373.96
2067
22 5 11 35 19.18
106
23 22 0 30 310.27
1715
24 41 1 47 319.32
1765
