30
1
5
0 170 0.1 0.1
5520
1 120 0.1 0.1
5434
2 130 0.0 0.1
5494
3 130 0.0 0.1
5489
4 150 0.1 0.1
5497
25
0 11 1 20 405.35
2224
1 24 7 44 167.13
917
2 10 13 38 104.80
575
3 9 33 48 422.48
2318
4 8 0 37 231.65
1271
5 10 2 45 358.14
1965
6 30 1 48 481.71
2643
7 5 19 47 283.42
1555
8 38 0 46 197.02
1081
9 30 1 45 281.41
1544
10 34 6 46 305.29
1675
11 11 3 37 104.98
576
12 30 1 38 14.76
81
13 28 2 44 188.64
1035
14 15 2 47 207.05
1136
15 1 0 41 115.01
631
16 6 15 47 462.76
2539
17 2 27 43 287.97
1580
18 1 0 47 181.71
997
19 31 6 41 244.23
1340
20 22 11 47 343.93
1887
21 24 7 46 355.59
1951
22 17 0 41 119.93
658
23 4 26 47 637.55
3498
24 11 11 37 62.88
345
