30
1
5
0 170 0.1 0.1
5534
1 170 0.1 0.1
5545
2 170 0.1 0.1
5419
3 120 0.1 0.1
5546
4 120 0.1 0.1
5620
25
0 12 1 46 636.47
3521
1 21 9 48 223.61
1237
2 18 26 48 379.43
2099
3 11 22 48 266.09
1472
4 4 20 47 497.10
2750
5 23 17 48 207.70
1149
6 21 7 44 533.62
2952
7 7 0 26 642.44
3554
8 7 3 26 946.31
5235
9 14 1 48 243.49
1347
10 22 8 47 263.37
1457
11 3 1 47 203.00
1123
12 25 2 47 551.15
3049
13 13 33 48 89.66
496
14 12 30 47 445.95
2467
15 17 26 48 44.47
246
16 7 1 42 27.48
152
17 5 0 27 32.00
177
18 13 0 33 4.70
26
19 22 6 44 84.06
465
20 20 0 34 90.02
498
21 4 9 29 790.12
4371
22 35 7 48 271.15
1500
23 17 4 41 323.21
1788
24 26 4 47 38.32
212
