30
1
5
0 190 0.1 0.0
5595
1 150 0.1 0.1
5584
2 170 0.1 0.1
5533
3 120 0.1 0.1
5636
4 120 0.1 0.1
5493
25
0 13 20 46 297.25
1655
1 11 20 48 133.09
741
2 26 2 45 400.52
2230
3 23 18 46 244.62
1362
4 5 34 48 65.38
364
5 7 38 48 322.21
1794
6 16 1 36 26.40
147
7 15 22 44 206.19
1148
8 1 16 48 274.26
1527
9 4 19 46 505.23
2813
10 26 14 47 458.35
2552
11 7 16 35 138.66
772
12 14 0 38 5.03
28
13 7 14 48 339.99
1893
14 12 1 19 86.39
481
15 15 1 45 238.88
1330
16 34 5 47 779.67
4341
17 24 0 47 64.30
358
18 22 1 47 17.60
98
19 1 27 48 301.56
1679
20 8 27 46 335.68
1869
21 16 3 25 210.14
1170
22 7 20 48 283.24
1577
23 14 12 33 169.55
944
24 18 3 28 280.18
1560
