30
1
5
0 170 0.1 0.1
5377
1 170 0.1 0.1
5542
2 190 0.1 0.0
5552
3 130 0.0 0.1
5513
4 150 0.1 0.1
5315
25
0 15 28 48 41.96
229
1 3 0 27 53.32
291
2 10 20 33 14.84
81
3 11 0 20 27.85
152
4 6 3 19 261.63
1428
5 26 4 47 703.54
3840
6 19 2 42 519.96
2838
7 32 1 38 141.62
773
8 27 11 48 41.22
225
9 5 5 34 187.24
1022
10 2 1 47 500.91
2734
11 4 1 17 525.27
2867
12 24 2 36 42.87
234
13 32 3 36 645.65
3524
14 1 0 45 163.43
892
15 17 4 23 172.40
941
16 42 4 48 330.52
1804
17 5 0 30 574.19
3134
18 9 21 47 90.14
492
19 10 16 30 498.52
2721
20 9 4 20 55.51
303
21 25 19 47 746.78
4076
22 8 8 22 836.74
4567
23 23 10 41 32.98
180
24 22 21 48 284.53
1553
