30
1
5
0 120 0.1 0.1
5507
1 130 0.0 0.1
5473
2 170 0.1 0.1
5533
3 130 0.0 0.1
5368
4 150 0.1 0.1
5273
25
0 5 5 33 13.81
75
1 24 7 48 244.06
1325
2 21 10 40 430.28
2336
3 9 32 48 707.49
3841
4 14 10 43 170.93
928
5 2 8 42 135.38
735
6 24 4 42 725.36
3938
7 12 17 47 310.18
1684
8 6 0 36 128.20
696
9 35 7 48 398.23
2162
10 14 0 47 378.70
2056
11 6 6 34 90.44
491
12 31 0 40 141.83
770
13 9 1 46 272.24
1478
14 5 9 36 44.39
241
15 14 7 47 199.85
1085
16 13 10 32 123.59
671
17 6 12 45 351.63
1909
18 30 2 46 416.28
2260
19 8 11 48 160.25
870
20 4 0 24 335.05
1819
21 31 11 48 205.19
1114
22 10 0 40 221.03
1200
23 5 1 10 308.71
1676
24 17 9 47 123.96
673
