30
1
5
0 190 0.1 0.0
5401
1 130 0.0 0.1
5552
2 190 0.1 0.0
5403
3 150 0.1 0.1
5537
4 170 0.1 0.1
5390
25
0 20 5 47 265.60
1449
1 15 4 46 51.87
283
2 8 2 13 114.01
622
3 1 1 48 686.63
3746
4 29 1 41 352.66
1924
5 14 28 48 39.04
213
6 16 4 48 452.01
2466
7 7 1 44 467.95
2553
8 30 10 47 88.72
484
9 44 2 47 458.06
2499
10 21 4 45 594.80
3245
11 1 0 4 52.42
286
12 6 5 48 337.08
1839
13 8 18 47 356.33
1944
14 1 0 9 618.81
3376
15 1 0 21 485.92
2651
16 15 9 43 114.01
622
17 12 2 19 113.83
621
18 4 0 7 38.31
209
19 41 1 47 57.37
313
20 10 15 47 20.71
113
21 23 11 41 26.39
144
22 10 37 47 596.08
3252
23 10 32 48 274.76
1499
24 30 15 48 188.06
1026
