30
1
5
0 170 0.1 0.1
5461
1 190 0.1 0.0
5431
2 120 0.1 0.1
5596
3 190 0.1 0.0
5466
4 130 0.0 0.1
5511
25
0 5 0 25 333.55
1832
1 14 1 28 46.43
255
2 10 2 47 238.33
1309
3 28 3 48 704.79
3871
4 2 41 48 303.51
1667
5 9 11 33 445.16
2445
6 6 0 46 827.51
4545
7 31 2 42 20.03
110
8 4 5 47 329.55
1810
9 9 4 30 154.76
850
10 7 3 11 208.83
1147
11 11 2 48 450.44
2474
12 13 1 36 661.09
3631
13 15 1 31 603.38
3314
14 6 28 47 573.52
3150
15 20 3 34 66.46
365
16 25 19 48 42.79
235
17 15 15 48 496.50
2727
18 4 4 46 36.60
201
19 36 5 47 114.34
628
20 22 19 48 591.91
3251
21 5 5 41 211.20
1160
22 12 7 47 24.40
134
23 21 17 44 318.08
1747
24 15 12 48 111.24
611
