30
1
5
0 170 0.1 0.1
5389
1 120 0.1 0.1
5458
2 130 0.0 0.1
5624
3 190 0.1 0.0
5583
4 170 0.1 0.1
5278
25
0 2 29 47 564.48
3084
1 14 2 37 68.82
376
2 19 25 47 14.46
79
3 8 29 47 285.72
1561
4 14 16 47 114.58
626
5 8 6 38 51.43
281
6 12 35 48 127.94
699
7 25 0 44 807.18
4410
8 15 0 27 13.00
71
9 17 4 41 152.47
833
10 25 0 37 13.91
76
11 24 15 44 44.84
245
12 4 0 17 614.99
3360
13 7 17 48 286.45
1565
14 31 5 48 474.42
2592
15 6 37 48 505.72
2763
16 13 0 48 62.60
342
17 25 9 48 689.31
3766
18 7 18 47 227.88
1245
19 24 12 39 230.44
1259
20 5 12 30 232.64
1271
21 7 3 20 682.90
3731
22 31 3 46 233.19
1274
23 15 2 31 43.75
239
24 37 1 48 133.98
732
