30
1
5
0 150 0.1 0.1
5547
1 150 0.1 0.1
5454
2 120 0.1 0.1
5540
3 150 0.1 0.1
5643
4 190 0.1 0.0
5681
25
0 1 36 42 131.38
732
1 15 5 42 118.81
662
2 7 4 47 139.81
779
3 31 1 41 207.65
1157
4 19 3 47 116.12
647
5 9 1 47 412.61
2299
6 7 17 48 183.78
1024
7 30 7 47 397.54
2215
8 3 0 37 353.92
1972
9 10 1 31 206.57
1151
10 13 1 40 265.80
1481
11 6 7 47 553.50
3084
12 34 3 42 129.76
723
13 2 19 48 493.37
2749
14 7 2 37 827.73
4612
15 31 4 45 52.23
291
16 3 0 13 43.79
244
17 17 11 37 746.43
4159
18 10 26 48 456.76
2545
19 17 10 48 185.04
1031
20 25 3 43 426.25
2375
21 2 41 48 423.02
2357
22 24 3 47 414.94
2312
23 1 0 41 87.40
487
24 18 2 47 38.95
217
