30
1
5
0 130 0.0 0.1
5513
1 120 0.1 0.1
5450
2 150 0.1 0.1
5532
3 130 0.0 0.1
5478
4 190 0.1 0.0
5608
25
0 23 21 47 103.16
569
1 11 2 21 249.83
1378
2 9 30 47 139.42
769
3 2 45 47 839.06
4628
4 12 6 34 50.04
276
5 17 27 48 607.36
3350
6 9 1 20 310.03
1710
7 15 3 36 454.70
2508
8 2 17 22 266.51
1470
9 3 43 48 105.34
581
10 26 5 32 171.87
948
11 5 2 12 595.94
3287
12 22 11 44 458.51
2529
13 10 17 47 512.18
2825
14 17 15 47 182.75
1008
15 5 6 18 343.75
1896
16 2 6 48 622.23
3432
17 4 8 43 259.62
1432
18 36 2 47 475.19
2621
19 26 19 47 200.70
1107
20 2 36 47 165.71
914
21 21 8 48 97.18
536
22 2 6 48 100.08
552
23 33 9 47 137.06
756
24 17 0 44 615.34
3394
