30
1
5
0 190 0.1 0.0
5514
1 120 0.1 0.1
5449
2 130 0.0 0.1
5527
3 150 0.1 0.1
5435
4 150 0.1 0.1
5570
25
0 6 0 41 336.27
1849
1 18 14 48 776.39
4269
2 23 8 38 32.37
178
3 21 14 39 45.10
248
4 15 12 48 14.55
80
5 1 3 25 278.80
1533
6 5 31 47 546.69
3006
7 10 10 48 183.32
1008
8 28 16 48 151.68
834
9 22 2 40 633.44
3483
10 11 13 48 9.46
52
11 36 1 48 428.66
2357
12 6 0 41 615.25
3383
13 14 9 38 477.40
2625
14 11 3 15 11.46
63
15 7 1 12 67.29
370
16 14 0 36 430.66
2368
17 21 3 47 750.02
4124
18 20 2 45 225.15
1238
19 1 2 42 45.83
252
20 40 2 47 304.63
1675
21 6 18 47 50.74
279
22 5 0 33 61.11
336
23 1 4 17 73.29
403
24 7 0 35 243.16
1337
