30
1
5
0 190 0.1 0.0
5314
1 190 0.1 0.0
5600
2 150 0.1 0.1
5352
3 120 0.1 0.1
5467
4 130 0.0 0.1
5575
25
0 32 13 48 541.47
2956
1 5 0 43 362.33
1978
2 2 27 43 97.63
533
3 7 22 47 78.77
430
4 10 25 48 373.87
2041
5 21 2 37 488.72
2668
6 10 5 25 643.50
3513
7 14 27 43 738.57
4032
8 25 16 46 39.93
218
9 21 15 48 30.04
164
10 10 0 40 237.76
1298
11 6 25 47 66.86
365
12 29 8 39 245.27
1339
13 6 32 47 572.61
3126
14 5 19 48 47.26
258
15 6 20 47 209.92
1146
16 3 14 45 184.28
1006
17 7 1 23 466.37
2546
18 4 2 25 544.04
2970
19 7 2 48 255.53
1395
20 3 35 41 85.18
465
21 9 33 47 164.49
898
22 25 12 43 180.06
983
23 5 29 48 687.47
3753
24 26 1 40 516.93
2822
