30
1
5
0 170 0.1 0.1
5564
1 130 0.0 0.1
5574
2 120 0.1 0.1
5430
3 170 0.1 0.1
5363
4 170 0.1 0.1
5549
25
0 1 6 32 460.99
2533
1 9 0 28 842.81
4631
2 7 1 9 260.98
1434
3 13 29 47 181.63
998
4 2 19 33 158.70
872
5 20 1 22 475.19
2611
6 1 0 48 297.92
1637
7 1 11 47 31.67
174
8 9 0 16 26.21
144
9 8 1 10 293.37
1612
10 33 6 47 46.41
255
11 14 1 36 57.33
315
12 13 0 48 203.65
1119
13 17 27 47 443.15
2435
14 5 0 6 432.42
2376
15 6 0 18 444.06
2440
16 8 0 27 604.04
3319
17 13 29 48 129.40
711
18 15 1 35 308.30
1694
19 34 8 47 30.57
168
20 1 6 31 52.78
290
21 18 7 46 280.63
1542
22 2 19 33 268.08
1473
23 5 3 16 535.79
2944
24 26 20 48 413.31
2271
