30
1
5
0 150 0.1 0.1
5403
1 170 0.1 0.1
5527
2 130 0.0 0.1
5400
3 190 0.1 0.0
5434
4 120 0.1 0.1
5474
25
0 12 4 47 193.31
1053
1 3 10 48 429.03
2337
2 18 6 44 194.41
1059
3 7 10 48 99.68
543
4 25 2 41 735.79
4008
5 9 3 45 86.28
470
6 7 0 44 249.12
1357
7 6 12 47 167.98
915
8 5 0 14 252.06
1373
9 23 0 45 188.35
1026
10 1 30 48 524.31
2856
11 37 0 46 354.68
1932
12 6 2 17 82.80
451
13 2 10 47 219.20
1194
14 4 18 47 426.83
2325
15 20 3 42 79.86
435
16 7 0 31 17.81
97
17 1 0 27 111.80
609
18 30 0 46 142.83
778
19 22 4 45 74.35
405
20 37 0 44 736.53
4012
21 20 11 48 197.35
1075
22 28 8 42 308.60
1681
23 20 23 47 496.59
2705
24 7 3 47 47.73
260
