30
1
5
0 190 0.1 0.0
5529
1 150 0.1 0.1
5554
2 120 0.1 0.1
5408
3 170 0.1 0.1
5611
4 130 0.0 0.1
5407
25
0 16 3 34 478.31
2631
1 7 23 48 580.12
3191
2 6 31 48 542.12
2982
3 23 6 47 51.09
281
4 2 0 13 244.70
1346
5 2 0 38 307.60
1692
6 2 0 21 316.51
1741
7 21 9 47 389.41
2142
8 27 0 34 246.88
1358
9 32 0 46 120.35
662
10 5 15 45 110.35
607
11 28 8 48 324.87
1787
12 3 40 45 118.90
654
13 27 2 48 363.23
1998
14 40 3 48 480.31
2642
15 3 30 48 98.90
544
16 3 0 47 119.08
655
17 8 1 41 53.81
296
18 1 10 39 97.44
536
19 7 6 48 225.25
1239
20 8 0 32 209.61
1153
21 38 0 48 610.66
3359
22 5 12 35 469.59
2583
23 17 2 48 621.93
3421
24 5 13 47 519.76
2859
