30
1
5
0 150 0.1 0.1
5539
1 130 0.0 0.1
5395
2 130 0.0 0.1
5488
3 130 0.0 0.1
5532
4 120 0.1 0.1
5591
25
0 1 0 10 338.95
1867
1 2 0 32 722.19
3978
2 10 2 18 334.59
1843
3 32 8 47 554.81
3056
4 1 1 38 119.82
660
5 1 0 28 181.18
998
6 26 1 48 268.69
1480
7 11 2 39 14.71
81
8 1 0 22 428.45
2360
9 18 17 47 20.15
111
10 10 0 45 524.49
2889
11 2 9 30 446.24
2458
12 31 5 43 429.54
2366
13 2 0 8 103.30
569
14 6 11 48 149.96
826
15 17 24 47 77.52
427
16 28 7 48 577.68
3182
17 13 0 41 95.49
526
18 38 0 48 392.69
2163
19 1 0 30 519.95
2864
20 11 1 21 159.40
878
21 8 3 34 556.44
3065
22 9 0 14 243.27
1340
23 17 23 41 17.97
99
24 6 1 32 22.15
122
