30
1
5
0 120 0.1 0.1
5507
1 130 0.0 0.1
5536
2 150 0.1 0.1
5450
3 150 0.1 0.1
5451
4 170 0.1 0.1
5448
25
0 23 0 40 92.18
505
1 17 21 47 169.58
929
2 7 0 14 384.80
2108
3 2 0 20 531.20
2910
4 29 8 46 136.36
747
5 19 13 48 26.83
147
6 21 14 48 35.23
193
7 1 33 48 40.89
224
8 10 23 48 372.75
2042
9 12 2 43 158.26
867
10 36 0 48 164.65
902
11 30 0 47 551.28
3020
12 10 7 37 196.60
1077
13 5 26 47 527.37
2889
14 6 3 14 692.39
3793
15 7 13 48 51.84
284
16 25 2 33 539.78
2957
17 3 0 9 93.64
513
18 11 6 31 114.45
627
19 8 1 17 58.60
321
20 11 17 38 477.35
2615
21 9 9 43 465.30
2549
22 25 0 48 449.42
2462
23 15 15 46 625.03
3424
24 21 22 48 151.51
830
