30
1
5
0 130 0.0 0.1
5511
1 130 0.0 0.1
5605
2 190 0.1 0.0
5453
3 130 0.0 0.1
5495
4 150 0.1 0.1
5320
25
0 9 0 42 97.17
532
1 8 22 48 845.45
4629
2 20 21 47 587.74
3218
3 17 2 22 104.65
573
4 14 28 47 1.64
9
5 14 1 24 2.01
11
6 9 5 47 438.52
2401
7 25 1 35 592.49
3244
8 5 0 39 36.71
201
9 8 6 47 258.62
1416
10 3 0 47 17.72
97
11 4 0 38 937.86
5135
12 24 0 31 384.83
2107
13 34 10 47 43.47
238
14 6 8 48 14.61
80
15 28 2 42 14.98
82
16 12 2 23 280.54
1536
17 14 19 46 317.43
1738
18 25 10 45 538.79
2950
19 3 8 48 302.45
1656
20 23 0 38 367.84
2014
21 14 10 43 161.27
883
22 20 0 32 471.40
2581
23 6 29 45 584.09
3198
24 22 2 46 11.69
64
