30
1
5
0 190 0.1 0.0
5448
1 170 0.1 0.1
5550
2 120 0.1 0.1
5332
3 190 0.1 0.0
5679
4 120 0.1 0.1
5559
25
0 21 10 37 631.63
3481
1 21 18 46 15.24
84
2 7 33 48 350.38
1931
3 2 0 31 701.31
3865
4 14 1 27 326.98
1802
5 2 2 48 284.33
1567
6 9 5 47 77.48
427
7 14 28 47 495.36
2730
8 18 1 20 191.61
1056
9 12 4 34 443.10
2442
10 3 11 35 145.89
804
11 27 2 48 88.73
489
12 2 36 42 434.94
2397
13 33 0 40 70.40
388
14 18 2 32 494.45
2725
15 2 33 48 552.70
3046
16 11 5 22 137.00
755
17 8 36 48 461.43
2543
18 36 0 41 374.33
2063
19 22 24 48 305.75
1685
20 2 0 20 303.57
1673
21 11 4 20 15.97
88
22 26 9 46 386.67
2131
23 25 0 43 28.85
159
24 2 0 40 72.58
400
