30
1
5
0 120 0.1 0.1
5538
1 170 0.1 0.1
5489
2 150 0.1 0.1
5583
3 120 0.1 0.1
5569
4 150 0.1 0.1
5563
25
0 12 29 47 397.25
2204
1 2 0 37 145.81
809
2 13 1 29 123.46
685
3 11 2 37 141.67
786
4 10 9 20 340.11
1887
5 12 0 31 607.94
3373
6 27 1 48 224.22
1244
7 3 12 31 361.20
2004
8 9 6 48 600.01
3329
9 17 13 40 123.28
684
10 2 0 34 426.26
2365
11 2 1 43 182.94
1015
12 11 5 19 384.63
2134
13 24 3 46 167.62
930
14 27 5 38 568.65
3155
15 24 17 48 370.21
2054
16 19 12 48 126.17
700
17 2 0 4 441.04
2447
18 26 13 48 268.74
1491
19 22 12 48 283.88
1575
20 30 9 47 306.23
1699
21 9 15 47 346.60
1923
22 8 4 48 373.27
2071
23 9 3 48 194.30
1078
24 27 2 38 335.06
1859
