30
1
5
0 130 0.0 0.1
5533
1 130 0.0 0.1
5554
2 130 0.0 0.1
5512
3 150 0.1 0.1
5381
4 130 0.0 0.1
5560
25
0 17 20 46 108.77
599
1 18 8 48 13.44
74
2 8 28 41 396.75
2185
3 13 16 41 280.54
1545
4 38 0 46 327.39
1803
5 8 1 38 553.28
3047
6 18 5 36 203.55
1121
7 20 5 29 308.51
1699
8 2 0 19 41.22
227
9 15 3 31 93.88
517
10 15 6 47 206.64
1138
11 22 11 47 564.17
3107
12 6 9 29 92.42
509
13 21 10 48 80.44
443
14 21 11 48 862.51
4750
15 15 6 29 92.61
510
16 15 4 42 545.47
3004
17 18 2 35 43.03
237
18 14 30 47 72.45
399
19 12 0 16 121.11
667
20 6 20 47 131.28
723
21 5 0 7 236.78
1304
22 28 0 47 579.24
3190
23 15 5 44 627.90
3458
24 3 2 47 314.50
1732
