30
1
5
0 190 0.1 0.0
5519
1 130 0.0 0.1
5526
2 150 0.1 0.1
5493
3 150 0.1 0.1
5566
4 130 0.0 0.1
5511
25
0 10 26 47 284.45
1571
1 31 14 48 42.37
234
2 26 1 46 179.07
989
3 15 18 44 205.51
1135
4 9 34 47 24.08
133
5 36 6 48 23.72
131
6 33 12 48 143.40
792
7 8 1 48 931.76
5146
8 10 15 32 132.18
730
9 6 0 48 36.58
202
10 24 0 35 246.43
1361
11 3 0 42 703.07
3883
12 15 15 38 32.77
181
13 7 0 14 258.20
1426
14 8 32 48 601.50
3322
15 26 15 43 520.20
2873
16 20 15 42 924.52
5106
17 14 0 33 104.11
575
18 14 0 27 493.40
2725
19 3 40 47 260.19
1437
20 3 0 48 178.71
987
21 19 19 48 99.04
547
22 14 2 36 207.86
1148
23 6 1 37 742.55
4101
24 29 8 45 328.81
1816
