30
1
5
0 130 0.0 0.1
5428
1 120 0.1 0.1
5539
2 130 0.0 0.1
5501
3 120 0.1 0.1
5385
4 130 0.0 0.1
5612
25
0 9 32 47 333.77
1833
1 18 4 45 194.65
1069
2 4 6 45 356.17
1956
3 9 3 47 208.31
1144
4 13 12 48 28.77
158
5 11 0 22 418.80
2300
6 21 7 48 582.87
3201
7 11 31 48 545.17
2994
8 17 7 36 332.49
1826
9 17 6 44 46.43
255
10 13 15 47 384.57
2112
11 16 0 48 45.16
248
12 22 6 35 26.22
144
13 1 2 19 369.64
2030
14 18 13 48 149.68
822
15 22 10 47 358.90
1971
16 15 16 47 64.82
356
17 10 35 48 21.67
119
18 21 3 35 167.34
919
19 15 1 27 179.18
984
20 21 14 42 360.17
1978
21 14 32 47 453.22
2489
22 25 9 47 29.86
164
23 1 13 42 29.50
162
24 12 0 17 370.37
2034
