30
1
5
0 120 0.1 0.1
5533
1 120 0.1 0.1
5488
2 130 0.0 0.1
5394
3 150 0.1 0.1
5356
4 190 0.1 0.0
5449
25
0 26 20 48 349.42
1902
1 23 1 36 47.58
259
2 44 3 48 323.89
1763
3 45 0 48 149.36
813
4 16 5 23 807.24
4394
5 7 14 35 348.32
1896
6 1 1 18 434.48
2365
7 3 14 42 475.45
2588
8 34 12 47 520.83
2835
9 16 15 47 64.85
353
10 9 1 38 553.16
3011
11 1 0 35 655.86
3570
12 1 0 12 614.89
3347
13 4 10 48 231.48
1260
14 10 3 46 415.56
2262
15 1 0 38 146.24
796
16 1 1 38 303.86
1654
17 46 0 47 279.80
1523
18 13 0 47 36.74
200
19 20 1 46 27.01
147
20 12 0 21 351.08
1911
21 10 0 30 436.14
2374
22 7 1 40 64.85
353
23 29 11 47 52.17
284
24 33 2 48 370.37
2016
