30
1
5
0 150 0.1 0.1
5522
1 120 0.1 0.1
5456
2 190 0.1 0.0
5702
3 150 0.1 0.1
5501
4 130 0.0 0.1
5459
25
0 22 9 35 69.84
386
1 17 0 26 121.05
669
2 4 20 36 205.92
1138
3 4 0 47 113.63
628
4 17 11 47 111.82
618
5 4 1 42 403.51
2230
6 24 5 39 919.92
5084
7 9 14 48 691.75
3823
8 34 6 48 116.17
642
9 40 0 48 396.99
2194
10 11 27 48 880.30
4865
11 19 13 44 358.45
1981
12 14 15 48 184.38
1019
13 10 13 48 480.77
2657
14 15 31 48 15.92
88
15 26 13 47 325.34
1798
16 1 5 41 16.47
91
17 25 0 42 134.44
743
18 3 1 9 347.23
1919
19 8 0 45 156.16
863
20 16 18 47 13.03
72
21 4 5 47 349.22
1930
22 13 8 27 144.94
801
23 11 26 47 186.92
1033
24 18 0 37 127.93
707
