30
1
5
0 130 0.0 0.1
5679
1 120 0.1 0.1
5622
2 190 0.1 0.0
5349
3 130 0.0 0.1
5456
4 170 0.1 0.1
5519
25
0 1 35 42 218.74
1208
1 2 0 30 436.03
2408
2 12 27 48 111.72
617
3 18 3 25 210.59
1163
4 3 0 39 346.94
1916
5 9 2 43 269.81
1490
6 3 21 47 627.43
3465
7 10 15 47 401.09
2215
8 23 13 42 191.04
1055
9 29 2 42 414.85
2291
10 31 16 48 309.64
1710
11 8 1 24 140.70
777
12 9 24 47 470.08
2596
13 9 18 43 311.82
1722
14 33 13 47 65.19
360
15 31 0 42 481.30
2658
16 4 18 47 333.00
1839
17 21 3 44 295.52
1632
18 28 14 48 362.52
2002
19 9 24 47 410.68
2268
20 27 1 46 520.24
2873
21 1 0 38 367.95
2032
22 11 22 47 702.22
3878
23 16 12 44 149.75
827
24 31 0 46 15.39
85
