30
1
5
0 190 0.1 0.0
5495
1 120 0.1 0.1
5355
2 150 0.1 0.1
5462
3 190 0.1 0.0
5393
4 120 0.1 0.1
5555
25
0 18 8 30 207.67
1132
1 17 19 47 180.88
986
2 7 1 10 182.35
994
3 6 29 48 101.45
553
4 14 0 19 305.81
1667
5 21 9 44 152.26
830
6 22 5 42 268.39
1463
7 6 2 32 237.02
1292
8 17 8 42 190.05
1036
9 27 13 47 439.18
2394
10 13 2 48 244.36
1332
11 9 0 12 225.46
1229
12 8 14 46 194.27
1059
13 1 28 47 266.55
1453
14 22 17 48 265.82
1449
15 9 24 47 108.97
594
16 6 32 48 383.41
2090
17 1 44 47 340.30
1855
18 6 1 47 707.38
3856
19 4 40 48 365.62
1993
20 4 29 47 432.21
2356
21 32 12 47 285.27
1555
22 26 11 46 242.52
1322
23 7 0 22 84.57
461
24 9 37 46 319.57
1742
