30
1
5
0 170 0.1 0.1
5547
1 150 0.1 0.1
5664
2 190 0.1 0.0
5548
3 150 0.1 0.1
5638
4 190 0.1 0.0
5648
25
0 34 1 47 48.68
273
1 10 12 41 104.84
588
2 20 6 47 53.49
300
3 10 0 38 87.01
488
4 3 13 46 249.62
1400
5 21 0 22 281.00
1576
6 13 0 29 436.48
2448
7 11 0 27 624.58
3503
8 8 0 48 143.71
806
9 32 5 47 357.49
2005
10 7 5 37 226.62
1271
11 5 8 48 281.18
1577
12 11 2 34 136.22
764
13 24 0 47 392.08
2199
14 17 24 48 254.43
1427
15 16 19 47 566.64
3178
16 4 0 14 501.91
2815
17 30 10 48 217.88
1222
18 25 0 42 62.05
348
19 9 8 45 456.98
2563
20 23 5 42 306.32
1718
21 17 7 44 128.20
719
22 15 20 47 55.99
314
23 16 5 48 98.96
555
24 6 15 32 173.66
974
