30
1
5
0 170 0.1 0.1
5494
1 190 0.1 0.0
5427
2 170 0.1 0.1
5420
3 120 0.1 0.1
5544
4 120 0.1 0.1
5706
25
0 15 8 31 6.16
34
1 11 34 48 412.78
2277
2 30 1 43 264.49
1459
3 35 9 48 172.22
950
4 36 5 48 46.05
254
5 2 8 33 6.53
36
6 2 6 48 231.50
1277
7 18 14 48 145.57
803
8 13 13 47 316.34
1745
9 15 14 41 536.60
2960
10 24 2 45 104.06
574
11 3 4 47 617.63
3407
12 7 0 31 405.71
2238
13 3 16 31 291.86
1610
14 13 10 47 288.06
1589
15 31 12 47 379.61
2094
16 12 17 48 399.37
2203
17 9 30 48 177.66
980
18 19 1 26 242.74
1339
19 11 21 46 153.91
849
20 10 29 47 327.76
1808
21 8 30 48 542.58
2993
22 29 0 35 573.40
3163
23 19 0 32 503.42
2777
24 1 21 34 268.66
1482
