30
1
5
0 130 0.0 0.1
5514
1 150 0.1 0.1
5436
2 130 0.0 0.1
5485
3 120 0.1 0.1
5530
4 190 0.1 0.0
5447
25
0 11 35 47 566.02
3103
1 4 43 47 157.60
864
2 36 0 45 560.18
3071
3 4 37 47 399.66
2191
4 2 40 47 30.28
166
5 11 0 26 512.57
2810
6 17 29 47 80.44
441
7 23 2 47 659.23
3614
8 30 8 47 387.26
2123
9 5 15 45 469.16
2572
10 6 35 46 14.96
82
11 15 13 47 274.71
1506
12 11 0 20 604.51
3314
13 28 4 41 335.82
1841
14 4 1 46 17.88
98
15 9 14 38 232.03
1272
16 10 5 16 127.50
699
17 33 6 46 152.86
838
18 18 7 47 78.62
431
19 2 8 48 395.83
2170
20 7 36 44 390.54
2141
21 14 3 26 192.99
1058
22 7 7 40 83.18
456
23 15 0 47 288.39
1581
24 11 9 45 62.38
342
