30
1
5
0 150 0.1 0.1
5567
1 130 0.0 0.1
5527
2 190 0.1 0.0
5414
3 150 0.1 0.1
5473
4 150 0.1 0.1
5430
25
0 3 43 47 798.67
4378
1 4 0 27 450.60
2470
2 28 6 47 31.93
175
3 3 2 43 66.95
367
4 7 3 47 126.97
696
5 23 7 38 127.88
701
6 2 0 29 722.42
3960
7 26 0 44 88.66
486
8 30 6 47 920.90
5048
9 3 36 47 67.86
372
10 17 0 47 162.18
889
11 8 13 41 27.18
149
12 10 4 36 238.43
1307
13 9 2 14 803.42
4404
14 18 1 40 20.61
113
15 10 32 48 593.99
3256
16 11 4 46 673.89
3694
17 10 3 48 105.08
576
18 9 14 34 907.22
4973
19 7 9 37 422.69
2317
20 13 3 48 19.16
105
21 6 12 48 533.06
2922
22 14 0 24 940.60
5156
23 41 1 45 68.23
374
24 5 2 15 39.59
217
