30
1
5
0 190 0.1 0.0
5546
1 120 0.1 0.1
5537
2 120 0.1 0.1
5315
3 170 0.1 0.1
5447
4 150 0.1 0.1
5309
25
0 2 0 42 291.59
1583
1 17 0 44 278.88
1514
2 25 9 36 195.99
1064
3 24 1 47 1.47
8
4 17 4 46 284.59
1545
5 13 2 48 184.57
1002
6 3 23 47 79.94
434
7 2 0 20 1.84
10
8 25 7 47 287.17
1559
9 8 12 47 236.70
1285
10 11 7 26 46.05
250
11 31 1 33 424.58
2305
12 30 9 48 175.54
953
13 25 14 48 356.61
1936
14 6 0 10 266.54
1447
15 11 13 38 220.49
1197
16 9 24 48 427.16
2319
17 23 12 47 103.34
561
18 11 7 47 476.71
2588
19 4 27 47 168.73
916
20 3 8 47 137.97
749
21 5 42 48 441.16
2395
22 10 30 48 585.94
3181
23 3 0 5 61.52
334
24 23 5 47 545.05
2959
