30
1
5
0 190 0.1 0.0
5527
1 170 0.1 0.1
5508
2 170 0.1 0.1
5385
3 190 0.1 0.0
5421
4 130 0.0 0.1
5632
25
0 4 0 40 225.19
1237
1 29 0 40 190.96
1049
2 30 0 48 498.61
2739
3 21 20 48 328.95
1807
4 4 0 47 243.03
1335
5 20 24 47 309.11
1698
6 1 0 34 247.21
1358
7 6 0 22 41.14
226
8 6 0 27 198.24
1089
9 16 14 48 500.25
2748
10 25 1 46 121.79
669
11 17 3 33 32.59
179
12 8 0 48 158.38
870
13 19 5 38 146.91
807
14 28 0 34 458.75
2520
15 8 19 43 643.88
3537
16 21 11 47 357.17
1962
17 1 0 36 218.81
1202
18 16 2 37 326.77
1795
19 19 6 42 384.84
2114
20 37 10 47 198.97
1093
21 14 13 48 101.03
555
22 7 3 46 245.57
1349
23 4 19 47 245.57
1349
24 4 39 47 87.74
482
