30
1
5
0 120 0.1 0.1
5347
1 130 0.0 0.1
5557
2 190 0.1 0.0
5490
3 130 0.0 0.1
5443
4 190 0.1 0.0
5489
25
0 7 0 15 84.55
462
1 4 4 47 97.18
531
2 24 14 46 270.48
1478
3 25 12 48 103.95
568
4 5 1 10 106.88
584
5 21 1 28 136.89
748
6 15 1 42 2.20
12
7 25 20 48 126.82
693
8 28 12 47 112.00
612
9 15 3 42 558.53
3052
10 4 6 35 190.51
1041
11 6 0 13 515.53
2817
12 3 0 22 127.01
694
13 1 7 35 126.82
693
14 2 2 48 390.53
2134
15 29 1 45 533.28
2914
16 26 10 48 492.47
2691
17 34 2 47 78.69
430
18 20 14 45 368.94
2016
19 10 20 33 247.61
1353
20 18 1 47 27.63
151
21 8 10 32 1.28
7
22 1 3 22 433.72
2370
23 11 31 47 196.73
1075
24 9 0 24 510.22
2788
