30
1
5
0 170 0.1 0.1
5312
1 150 0.1 0.1
5569
2 150 0.1 0.1
5535
3 190 0.1 0.0
5529
4 150 0.1 0.1
5402
25
0 8 0 38 27.80
152
1 21 3 42 420.11
2297
2 18 0 23 25.42
139
3 21 5 48 559.47
3059
4 6 0 14 209.05
1143
5 21 17 47 37.13
203
6 9 7 37 146.50
801
7 13 5 25 643.97
3521
8 4 18 38 16.83
92
9 8 14 39 169.91
929
10 9 9 48 293.00
1602
11 15 16 48 374.75
2049
12 24 12 46 134.24
734
13 9 0 45 437.66
2393
14 9 31 48 132.60
725
15 20 1 29 219.66
1201
16 8 24 47 252.39
1380
17 4 0 33 588.19
3216
18 25 22 47 22.68
124
19 17 14 47 358.11
1958
20 14 11 47 554.35
3031
21 7 5 40 535.15
2926
22 3 2 47 642.87
3515
23 18 0 27 37.86
207
24 5 18 35 95.65
523
