30
1
5
0 170 0.1 0.1
5437
1 120 0.1 0.1
5440
2 120 0.1 0.1
5480
3 120 0.1 0.1
5415
4 190 0.1 0.0
5555
25
0 20 0 43 266.79
1458
1 11 13 48 152.79
835
2 30 9 44 242.09
1323
3 5 0 12 450.14
2460
4 6 5 37 224.16
1225
5 31 1 38 202.75
1108
6 17 0 26 830.56
4539
7 5 16 23 747.31
4084
8 4 0 13 33.49
183
9 6 2 47 568.71
3108
10 17 24 48 70.27
384
11 17 9 48 314.18
1717
12 33 0 47 155.35
849
13 14 0 24 163.04
891
14 4 16 48 437.88
2393
15 3 0 14 117.29
641
16 14 7 31 779.70
4261
17 7 2 27 204.03
1115
18 21 17 47 450.51
2462
19 9 0 38 136.14
744
20 17 16 48 51.24
280
21 4 1 28 105.03
574
22 11 3 24 289.11
1580
23 9 0 41 129.00
705
24 9 31 48 250.87
1371
