30
1
5
0 190 0.1 0.0
5364
1 130 0.0 0.1
5518
2 120 0.1 0.1
5549
3 190 0.1 0.0
5399
4 130 0.0 0.1
5656
25
0 7 17 48 52.41
288
1 5 1 44 815.26
4480
2 5 15 37 370.87
2038
3 5 28 47 608.17
3342
4 4 2 40 150.50
827
5 33 3 46 173.97
956
6 15 8 47 634.01
3484
7 2 29 47 690.06
3792
8 13 0 47 494.62
2718
9 7 2 48 224.92
1236
10 2 4 47 58.78
323
11 12 15 48 120.11
660
12 8 28 48 566.13
3111
13 9 7 47 167.60
921
14 4 32 40 56.78
312
15 20 9 36 111.37
612
16 12 2 35 149.04
819
17 34 7 48 86.99
478
18 23 12 47 264.60
1454
19 15 0 31 125.02
687
20 24 3 47 195.26
1073
21 6 0 15 136.12
748
22 7 21 45 632.92
3478
23 5 1 36 234.75
1290
24 4 0 11 285.89
1571
