30
1
5
0 120 0.1 0.1
5465
1 120 0.1 0.1
5420
2 120 0.1 0.1
5391
3 120 0.1 0.1
5556
4 190 0.1 0.0
5524
25
0 26 1 44 211.13
1155
1 14 4 48 200.16
1095
2 5 0 18 20.84
114
3 2 32 45 491.18
2687
4 11 19 47 517.32
2830
5 26 10 47 453.52
2481
6 21 5 30 517.32
2830
7 15 0 45 83.72
458
8 24 4 48 374.74
2050
9 34 0 42 702.86
3845
10 7 0 14 51.73
283
11 20 2 48 35.65
195
12 1 39 48 585.69
3204
13 7 1 42 658.62
3603
14 1 19 48 139.11
761
15 25 0 32 349.88
1914
16 41 1 46 129.06
706
17 8 4 25 262.32
1435
18 19 12 47 237.46
1299
19 18 12 36 104.56
572
20 11 25 48 574.90
3145
21 25 0 39 35.10
192
22 14 9 47 121.56
665
23 2 0 3 286.63
1568
24 7 2 28 295.59
1617
