30
1
5
0 130 0.0 0.1
5589
1 150 0.1 0.1
5591
2 150 0.1 0.1
5380
3 150 0.1 0.1
5374
4 130 0.0 0.1
5533
25
0 12 33 46 112.35
617
1 23 0 48 98.51
541
2 6 3 47 390.59
2145
3 1 0 15 65.55
360
4 1 0 39 612.56
3364
5 13 24 48 490.93
2696
6 8 0 41 398.60
2189
7 39 6 48 440.67
2420
8 28 12 46 589.44
3237
9 8 8 48 163.88
900
10 24 0 39 132.20
726
11 2 32 41 52.63
289
12 5 1 23 136.75
751
13 22 14 48 107.80
592
14 12 5 24 110.90
609
15 4 1 22 169.17
929
16 9 5 36 204.13
1121
17 5 1 37 229.26
1259
18 8 14 48 54.81
301
19 14 2 40 457.24
2511
20 16 1 48 73.93
406
21 2 38 48 117.45
645
22 7 5 42 474.17
2604
23 12 4 37 13.29
73
24 2 30 47 833.26
4576
