30
1
5
0 120 0.1 0.1
5374
1 190 0.1 0.0
5653
2 150 0.1 0.1
5305
3 170 0.1 0.1
5483
4 190 0.1 0.0
5386
25
0 8 11 45 125.61
683
1 5 19 48 460.87
2506
2 7 1 17 212.41
1155
3 6 27 48 323.49
1759
4 30 4 47 39.17
213
5 22 11 36 223.81
1217
6 19 1 39 551.35
2998
7 2 0 39 39.72
216
8 26 20 48 180.23
980
9 20 26 47 452.59
2461
10 33 8 48 143.45
780
11 18 20 41 266.85
1451
12 13 14 42 96.18
523
13 19 22 48 250.11
1360
14 5 0 19 439.72
2391
15 9 3 31 602.11
3274
16 9 9 46 393.37
2139
17 5 13 48 431.99
2349
18 21 6 48 121.56
661
19 18 15 39 448.36
2438
20 4 34 48 95.63
520
21 18 2 48 354.39
1927
22 2 0 3 728.82
3963
23 5 1 15 143.08
778
24 10 3 28 366.16
1991
