30
1
5
0 130 0.0 0.1
5524
1 120 0.1 0.1
5524
2 190 0.1 0.0
5445
3 130 0.0 0.1
5648
4 190 0.1 0.0
5436
25
0 22 3 47 131.84
727
1 4 1 9 66.55
367
2 18 1 38 202.56
1117
3 27 11 48 140.36
774
4 18 4 46 52.95
292
5 3 1 25 810.97
4472
6 16 0 39 236.11
1302
7 2 15 48 366.68
2022
8 11 4 44 81.24
448
9 15 0 26 224.50
1238
10 44 3 48 285.98
1577
11 13 5 34 367.59
2027
12 9 31 47 280.54
1547
13 18 17 40 177.72
980
14 16 5 48 124.04
684
15 18 1 47 258.23
1424
16 8 1 38 146.71
809
17 23 9 39 375.75
2072
18 20 21 48 289.61
1597
19 2 7 47 456.08
2515
20 20 9 46 156.86
865
21 13 32 48 502.51
2771
22 36 9 45 439.04
2421
23 1 0 11 434.86
2398
24 1 0 36 354.89
1957
