30
1
5
0 130 0.0 0.1
5474
1 130 0.0 0.1
5396
2 150 0.1 0.1
5357
3 120 0.1 0.1
5391
4 130 0.0 0.1
5462
25
0 4 2 15 589.40
3192
1 5 23 47 451.47
2445
2 1 0 40 528.47
2862
3 15 32 47 471.41
2553
4 7 28 41 45.05
244
5 29 1 44 149.38
809
6 18 5 30 39.33
213
7 23 5 46 613.78
3324
8 5 0 22 251.49
1362
9 4 2 46 50.96
276
10 40 5 47 49.49
268
11 9 1 10 431.90
2339
12 10 13 47 329.23
1783
13 25 16 48 361.18
1956
14 28 1 31 333.11
1804
15 8 24 42 446.85
2420
16 17 1 38 503.17
2725
17 6 2 47 249.46
1351
18 11 2 44 9.23
50
19 5 15 32 395.52
2142
20 10 0 47 501.88
2718
21 41 1 47 325.54
1763
22 9 1 31 157.88
855
23 15 0 31 509.08
2757
24 38 9 48 331.08
1793
