30
1
5
0 120 0.1 0.1
5310
1 130 0.0 0.1
5466
2 130 0.0 0.1
5593
3 120 0.1 0.1
5519
4 150 0.1 0.1
5424
25
0 39 0 40 485.46
2651
1 31 9 44 162.62
888
2 6 2 48 39.92
218
3 9 15 43 259.49
1417
4 2 4 48 237.70
1298
5 5 22 48 516.23
2819
6 19 1 25 297.40
1624
7 21 2 48 13.92
76
8 37 4 48 342.63
1871
9 20 20 45 13.92
76
10 3 0 23 651.19
3556
11 24 22 47 441.70
2412
12 16 2 20 12.45
68
13 2 35 47 377.05
2059
14 22 5 46 392.80
2145
15 15 0 37 212.24
1159
16 3 0 47 130.93
715
17 36 0 48 285.68
1560
18 6 21 48 565.49
3088
19 22 0 45 265.53
1450
20 22 14 47 303.99
1660
21 10 0 36 346.11
1890
22 7 2 29 443.90
2424
23 15 12 47 399.40
2181
24 8 26 44 14.83
81
