30
1
5
0 170 0.1 0.1
5482
1 130 0.0 0.1
5458
2 130 0.0 0.1
5398
3 130 0.0 0.1
5522
4 120 0.1 0.1
5555
25
0 2 1 32 476.97
2615
1 5 2 36 83.72
459
2 13 1 46 122.21
670
3 3 0 29 10.58
58
4 21 2 33 60.01
329
5 10 10 41 8.21
45
6 21 12 48 625.08
3427
7 4 16 48 145.37
797
8 23 5 48 142.27
780
9 12 1 35 563.43
3089
10 15 5 48 187.14
1026
11 38 2 42 219.79
1205
12 16 1 34 60.56
332
13 21 12 47 367.17
2013
14 26 4 43 83.90
460
15 6 13 47 609.21
3340
16 30 12 48 629.83
3453
17 7 0 43 578.94
3174
18 17 12 48 298.22
1635
19 12 2 46 224.72
1232
20 14 2 19 519.29
2847
21 17 21 47 13.32
73
22 22 1 46 522.76
2866
23 16 6 48 97.22
533
24 2 0 37 592.43
3248
