30
1
5
0 190 0.1 0.0
5584
1 120 0.1 0.1
5561
2 120 0.1 0.1
5473
3 130 0.0 0.1
5325
4 120 0.1 0.1
5334
25
0 8 31 48 499.34
2723
1 32 4 39 386.01
2105
2 3 0 43 60.70
331
3 3 0 8 478.25
2608
4 18 16 48 204.28
1114
5 23 4 48 103.43
564
6 5 29 47 79.95
436
7 19 4 48 80.32
438
8 15 11 30 572.14
3120
9 5 1 37 522.63
2850
10 31 11 48 637.97
3479
11 18 23 46 47.31
258
12 3 0 47 50.43
275
13 16 27 48 184.85
1008
14 3 35 48 398.11
2171
15 27 0 36 183.20
999
16 8 12 44 168.89
921
17 1 29 48 236.74
1291
18 5 32 47 521.16
2842
19 5 36 47 204.83
1117
20 3 18 47 65.10
355
21 11 4 48 120.11
655
22 27 0 27 598.18
3262
23 37 0 47 311.93
1701
24 1 0 47 48.78
266
