30
1
5
0 120 0.1 0.1
5336
1 120 0.1 0.1
5618
2 130 0.0 0.1
5484
3 120 0.1 0.1
5347
4 170 0.1 0.1
5438
25
0 6 1 23 226.54
1233
1 17 17 47 254.10
1383
2 9 26 44 168.30
916
3 6 2 30 472.01
2569
4 12 9 45 34.54
188
5 13 5 47 888.17
4834
6 9 0 26 244.73
1332
7 35 6 48 507.47
2762
8 12 0 48 310.88
1692
9 27 17 47 528.97
2879
10 21 5 37 915.36
4982
11 5 2 28 451.07
2455
12 3 4 37 637.19
3468
13 6 1 32 46.48
253
14 7 22 43 563.51
3067
15 27 20 48 56.96
310
16 31 1 38 118.69
646
17 27 5 41 25.72
140
18 7 5 17 3.31
18
19 11 1 48 189.80
1033
20 3 31 38 161.13
877
21 22 4 32 510.96
2781
22 13 3 47 52.92
288
23 7 8 28 43.54
237
24 5 29 48 125.86
685
