30
1
5
0 170 0.1 0.1
5468
1 120 0.1 0.1
5445
2 150 0.1 0.1
5328
3 130 0.0 0.1
5588
4 190 0.1 0.0
5437
25
0 27 0 35 229.28
1250
1 15 19 47 531.55
2898
2 6 4 33 389.95
2126
3 17 8 48 201.76
1100
4 24 2 42 316.22
1724
5 12 14 35 416.92
2273
6 4 5 31 172.78
942
7 5 10 32 386.10
2105
8 1 0 6 31.92
174
9 12 3 38 353.27
1926
10 16 1 25 202.31
1103
11 1 0 35 477.08
2601
12 31 0 48 530.09
2890
13 7 2 23 353.82
1929
14 15 31 47 255.32
1392
15 9 6 25 154.44
842
16 8 0 39 164.16
895
17 2 4 40 180.85
986
18 20 9 48 154.81
844
19 5 11 43 155.36
847
20 15 15 48 203.05
1107
21 15 8 27 40.17
219
22 12 35 47 378.76
2065
23 18 1 45 464.42
2532
24 11 33 47 318.05
1734
