30
1
5
0 120 0.1 0.1
5599
1 150 0.1 0.1
5383
2 170 0.1 0.1
5468
3 170 0.1 0.1
5637
4 190 0.1 0.0
5424
25
0 12 2 21 311.79
1715
1 19 18 41 440.69
2424
2 14 18 47 140.17
771
3 20 4 48 116.35
640
4 14 9 34 208.71
1148
5 13 19 47 251.98
1386
6 5 1 20 213.80
1176
7 13 20 47 246.34
1355
8 7 29 42 273.25
1503
9 8 2 16 799.94
4400
10 14 6 34 189.99
1045
11 3 31 48 329.97
1815
12 3 16 48 234.16
1288
13 23 1 37 210.17
1156
14 7 32 47 290.89
1600
15 21 6 48 484.51
2665
16 34 0 44 147.99
814
17 18 5 47 361.24
1987
18 3 32 47 78.36
431
19 8 2 20 53.63
295
20 28 0 28 163.44
899
21 6 0 48 317.79
1748
22 24 11 44 382.33
2103
23 21 4 46 238.71
1313
24 18 1 30 379.43
2087
