30
1
5
0 130 0.0 0.1
5528
1 170 0.1 0.1
5504
2 130 0.0 0.1
5680
3 120 0.1 0.1
5518
4 120 0.1 0.1
5643
25
0 17 0 45 436.52
2433
1 4 39 47 147.66
823
2 3 3 47 262.84
1465
3 11 5 31 384.13
2141
4 4 21 48 420.91
2346
5 6 15 48 242.21
1350
6 3 44 48 556.01
3099
7 19 22 43 159.32
888
8 26 17 44 282.58
1575
9 8 1 45 248.49
1385
10 25 15 48 285.45
1591
11 4 0 12 173.14
965
12 36 0 47 294.06
1639
13 10 1 39 81.10
452
14 2 17 48 199.87
1114
15 22 20 47 431.31
2404
16 28 12 46 211.53
1179
17 16 29 48 478.86
2669
18 33 10 44 227.86
1270
19 2 19 48 2.15
12
20 17 21 45 121.82
679
21 14 31 47 284.91
1588
22 21 6 44 2.15
12
23 5 22 48 146.22
815
24 2 0 7 288.14
1606
