30
1
5
0 170 0.1 0.1
5471
1 120 0.1 0.1
5463
2 130 0.0 0.1
5544
3 130 0.0 0.1
5508
4 130 0.0 0.1
5477
25
0 26 20 48 201.19
1105
1 32 6 47 437.33
2402
2 19 10 45 241.79
1328
3 13 5 28 100.87
554
4 27 0 38 243.43
1337
5 11 22 47 601.01
3301
6 5 40 48 494.68
2717
7 6 1 17 401.28
2204
8 10 0 14 187.89
1032
9 23 0 45 329.73
1811
10 12 3 48 78.65
432
11 1 0 27 440.24
2418
12 11 1 25 157.49
865
13 12 5 45 278.75
1531
14 30 1 48 160.40
881
15 14 20 43 111.43
612
16 9 25 48 280.39
1540
17 33 2 42 199.00
1093
18 9 0 32 179.52
986
19 14 17 47 296.41
1628
20 10 2 27 215.20
1182
21 3 42 47 247.80
1361
22 6 0 34 319.35
1754
23 11 1 48 94.68
520
24 4 2 39 264.18
1451
