30
1
5
0 130 0.0 0.1
5577
1 150 0.1 0.1
5521
2 150 0.1 0.1
5445
3 190 0.1 0.0
5650
4 150 0.1 0.1
5416
25
0 25 4 35 294.90
1628
1 1 11 46 25.90
143
2 12 3 32 332.94
1838
3 6 2 43 12.86
71
4 9 0 39 372.43
2056
5 2 8 47 78.62
434
6 6 0 13 519.70
2869
7 1 0 7 58.87
325
8 23 4 42 181.51
1002
9 27 6 47 570.96
3152
10 17 0 40 309.21
1707
11 2 7 35 127.71
705
12 9 0 24 446.52
2465
13 27 17 47 10.87
60
14 6 0 35 272.98
1507
15 19 5 44 396.52
2189
16 12 8 32 232.95
1286
17 12 16 48 132.42
731
18 30 1 48 95.83
529
19 1 21 47 266.64
1472
20 32 8 48 285.84
1578
21 37 2 47 722.22
3987
22 2 22 47 658.46
3635
23 42 5 48 86.95
480
24 21 3 47 186.76
1031
