30
1
5
0 120 0.1 0.1
5375
1 170 0.1 0.1
5500
2 120 0.1 0.1
5575
3 150 0.1 0.1
5649
4 150 0.1 0.1
5413
25
0 3 0 11 12.54
69
1 1 8 47 236.89
1303
2 9 4 28 496.68
2732
3 15 2 45 486.31
2675
4 31 0 47 187.62
1032
5 23 24 48 543.95
2992
6 23 20 47 9.82
54
7 8 8 46 30.91
170
8 18 16 48 105.08
578
9 10 12 48 77.99
429
10 5 10 21 121.44
668
11 1 44 48 558.13
3070
12 21 24 47 519.77
2859
13 5 10 44 73.81
406
14 6 0 10 613.57
3375
15 8 29 44 579.40
3187
16 7 3 13 16.91
93
17 6 0 23 17.45
96
18 15 1 45 587.94
3234
19 19 6 46 520.68
2864
20 27 12 47 385.96
2123
21 28 12 48 157.26
865
22 10 0 15 101.81
560
23 5 11 48 648.12
3565
24 11 1 37 604.48
3325
