30
1
5
0 150 0.1 0.1
5419
1 170 0.1 0.1
5374
2 130 0.0 0.1
5302
3 130 0.0 0.1
5398
4 170 0.1 0.1
5507
25
0 39 5 47 90.75
490
1 5 3 15 124.65
673
2 5 2 48 120.02
648
3 16 9 47 116.13
627
4 24 17 47 229.11
1237
5 5 12 36 342.09
1847
6 10 6 37 621.21
3354
7 10 0 24 100.20
541
8 5 1 48 420.99
2273
9 7 0 31 122.06
659
10 19 14 48 655.84
3541
11 15 3 28 124.28
671
12 10 3 13 517.12
2792
13 1 12 25 292.08
1577
14 29 8 48 122.43
661
15 5 11 19 122.43
661
16 33 13 47 402.84
2175
17 15 1 47 94.46
510
18 22 0 25 663.80
3584
19 28 7 48 259.67
1402
20 7 0 28 1.11
6
21 32 8 48 218.00
1177
22 1 9 29 97.24
525
23 16 20 48 475.07
2565
24 11 0 45 274.67
1483
