30
1
5
0 170 0.1 0.1
5633
1 190 0.1 0.0
5500
2 150 0.1 0.1
5445
3 150 0.1 0.1
5433
4 130 0.0 0.1
5579
25
0 18 3 32 237.09
1308
1 3 0 17 608.13
3355
2 24 11 39 176.55
974
3 31 3 47 34.62
191
4 19 0 24 309.59
1708
5 20 1 38 142.11
784
6 9 2 47 539.97
2979
7 2 8 48 476.35
2628
8 15 28 47 155.16
856
9 3 20 47 398.41
2198
10 15 26 47 320.11
1766
11 18 4 48 251.59
1388
12 25 21 47 78.85
435
13 2 34 47 478.53
2640
14 26 3 46 441.73
2437
15 14 26 48 288.57
1592
16 15 20 48 372.31
2054
17 13 4 45 71.78
396
18 10 2 48 209.90
1158
19 18 21 48 219.51
1211
20 3 1 31 104.59
577
21 10 0 42 239.99
1324
22 17 18 46 82.11
453
23 8 5 35 439.19
2423
24 12 0 16 724.32
3996
