30
1
5
0 170 0.1 0.1
5382
1 170 0.1 0.1
5636
2 150 0.1 0.1
5421
3 130 0.0 0.1
5480
4 130 0.0 0.1
5520
25
0 36 8 48 319.88
1755
1 14 11 48 620.08
3402
2 14 11 40 877.62
4815
3 11 0 47 50.49
277
4 19 19 39 24.97
137
5 11 2 17 52.68
289
6 8 24 48 61.42
337
7 27 4 44 418.12
2294
8 2 0 8 372.92
2046
9 2 16 48 57.41
315
10 2 4 48 199.95
1097
11 7 38 47 532.41
2921
12 31 5 47 93.87
515
13 13 0 32 28.62
157
14 4 37 48 545.35
2992
15 8 25 48 53.04
291
16 6 24 48 708.30
3886
17 18 0 36 40.65
223
18 43 0 43 336.29
1845
19 26 4 43 566.67
3109
20 14 16 45 114.46
628
21 2 0 31 463.51
2543
22 2 14 47 161.85
888
23 7 1 40 172.24
945
24 33 11 48 112.28
616
