30
1
5
0 120 0.1 0.1
5484
1 170 0.1 0.1
5511
2 150 0.1 0.1
5560
3 120 0.1 0.1
5647
4 190 0.1 0.0
5456
25
0 21 3 37 400.67
2216
1 27 7 36 146.63
811
2 5 31 48 774.21
4282
3 13 18 47 50.08
277
4 1 0 36 312.25
1727
5 21 4 48 402.84
2228
6 8 18 48 459.43
2541
7 9 7 47 721.96
3993
8 15 17 36 43.57
241
9 16 4 44 90.04
498
10 1 0 34 373.73
2067
11 16 6 47 326.72
1807
12 16 13 46 97.09
537
13 6 16 47 178.64
988
14 18 10 42 253.67
1403
15 33 14 48 404.10
2235
16 22 17 48 40.68
225
17 22 16 48 665.91
3683
18 16 3 43 32.00
177
19 32 4 38 322.02
1781
20 10 1 24 81.91
453
21 6 1 12 201.24
1113
22 9 36 47 190.21
1052
23 23 2 37 284.23
1572
24 8 2 47 4.70
26
