30
1
5
0 170 0.1 0.1
5476
1 170 0.1 0.1
5579
2 150 0.1 0.1
5438
3 150 0.1 0.1
5430
4 120 0.1 0.1
5531
25
0 20 22 47 72.67
399
1 16 22 48 270.48
1485
2 27 3 32 348.07
1911
3 14 2 47 400.35
2198
4 10 3 17 313.47
1721
5 5 14 45 104.55
574
6 24 3 48 591.78
3249
7 9 19 48 86.34
474
8 6 18 47 285.78
1569
9 4 14 47 429.67
2359
10 11 0 14 791.41
4345
11 16 3 35 191.61
1052
12 3 10 48 103.64
569
13 35 6 47 11.47
63
14 14 6 25 91.98
505
15 4 0 26 586.50
3220
16 14 0 32 213.29
1171
17 4 27 42 158.46
870
18 3 25 47 357.73
1964
19 9 2 42 15.30
84
20 4 0 47 111.65
613
21 16 24 48 296.53
1628
22 18 9 38 90.71
498
23 6 0 43 379.95
2086
24 19 1 47 567.92
3118
