30
1
5
0 170 0.1 0.1
5695
1 170 0.1 0.1
5518
2 190 0.1 0.0
5556
3 120 0.1 0.1
5418
4 170 0.1 0.1
5483
25
0 12 1 31 235.70
1304
1 8 6 38 112.43
622
2 10 3 43 395.12
2186
3 4 0 9 204.25
1130
4 33 8 47 138.46
766
5 11 2 31 154.54
855
6 3 0 10 153.10
847
7 18 11 45 243.11
1345
8 17 4 47 3.07
17
9 1 0 40 284.50
1574
10 20 23 48 3.25
18
11 2 12 36 237.33
1313
12 26 6 47 438.14
2424
13 13 0 44 291.01
1610
14 1 0 2 202.98
1123
15 24 21 48 291.19
1611
16 2 1 31 161.59
894
17 2 12 47 447.36
2475
18 6 0 37 336.74
1863
19 3 1 19 163.22
903
20 26 17 47 229.01
1267
21 31 8 47 465.07
2573
22 12 7 25 487.30
2696
23 24 7 47 98.15
543
24 2 12 47 456.40
2525
