30
1
5
0 150 0.1 0.1
5583
1 150 0.1 0.1
5435
2 190 0.1 0.0
5566
3 190 0.1 0.0
5535
4 190 0.1 0.0
5309
25
0 3 18 26 180.72
991
1 22 14 48 107.41
589
2 3 0 23 191.84
1052
3 22 25 47 444.05
2435
4 21 23 48 425.08
2331
5 14 8 48 343.57
1884
6 13 14 48 460.28
2524
7 39 1 47 27.54
151
8 3 7 27 503.13
2759
9 7 2 41 109.60
601
10 4 3 28 903.96
4957
11 3 2 48 208.25
1142
12 12 1 23 829.55
4549
13 5 2 39 438.57
2405
14 18 10 38 266.43
1461
15 14 0 29 395.90
2171
16 19 25 47 93.37
512
17 10 0 26 316.94
1738
18 3 0 6 538.14
2951
19 33 0 47 197.68
1084
20 3 8 48 463.19
2540
21 15 3 48 260.77
1430
22 3 11 47 45.04
247
23 7 1 21 347.76
1907
24 6 1 28 42.49
233
