30
1
5
0 150 0.1 0.1
5518
1 190 0.1 0.0
5601
2 150 0.1 0.1
5382
3 170 0.1 0.1
5524
4 190 0.1 0.0
5659
25
0 13 4 48 563.48
3119
1 25 11 46 156.45
866
2 21 4 37 63.41
351
3 14 4 35 242.81
1344
4 29 9 48 207.04
1146
5 6 14 47 792.02
4384
6 3 19 48 43.00
238
7 9 3 34 300.98
1666
8 14 1 40 234.68
1299
9 22 10 48 9.21
51
10 5 5 26 93.58
518
11 18 2 48 196.56
1088
12 4 2 9 9.21
51
13 20 10 48 362.59
2007
14 4 4 44 318.87
1765
15 5 38 48 159.70
884
16 24 2 48 291.77
1615
17 42 4 48 81.66
452
18 3 1 47 686.33
3799
19 5 0 8 763.84
4228
20 5 24 48 543.79
3010
21 29 5 39 677.48
3750
22 11 1 45 436.66
2417
23 21 17 47 58.35
323
24 5 1 26 932.75
5163
