30
1
5
0 130 0.0 0.1
5306
1 190 0.1 0.0
5596
2 170 0.1 0.1
5515
3 150 0.1 0.1
5632
4 170 0.1 0.1
5577
25
0 28 4 39 194.11
1072
1 22 11 47 57.22
316
2 5 0 26 854.11
4717
3 23 1 36 503.20
2779
4 15 8 47 300.03
1657
5 3 5 26 71.52
395
6 9 19 47 559.15
3088
7 23 9 47 48.16
266
8 5 14 46 439.64
2428
9 3 44 48 623.61
3444
10 21 12 46 481.65
2660
11 29 4 41 235.94
1303
12 28 18 47 73.51
406
13 5 14 36 216.74
1197
14 4 0 18 102.30
565
15 20 18 48 152.64
843
16 6 10 34 256.03
1414
17 17 25 47 254.04
1403
18 6 10 47 362.32
2001
19 6 0 24 386.22
2133
20 2 6 9 450.14
2486
21 17 0 32 127.29
703
22 7 2 44 35.67
197
23 15 2 36 322.31
1780
24 5 0 8 122.58
677
