30
1
5
0 190 0.1 0.0
5583
1 120 0.1 0.1
5203
2 120 0.1 0.1
5195
3 170 0.1 0.1
5467
4 130 0.0 0.1
5490
25
0 30 17 47 411.49
2215
1 41 1 47 365.05
1965
2 9 32 48 13.00
70
3 22 1 42 8.17
44
4 10 12 48 40.13
216
5 10 5 48 110.35
594
6 23 9 37 52.95
285
7 1 0 35 809.60
4358
8 5 4 28 647.05
3483
9 36 3 47 65.02
350
10 3 0 31 383.62
2065
11 20 2 33 560.48
3017
12 20 4 47 210.30
1132
13 4 0 29 54.25
292
14 26 2 30 37.53
202
15 10 2 41 218.66
1177
16 7 8 47 719.50
3873
17 4 4 30 52.02
280
18 18 2 47 341.82
1840
19 10 19 44 10.96
59
20 6 1 20 254.32
1369
21 24 17 48 586.86
3159
22 10 6 48 41.98
226
23 17 8 43 268.44
1445
24 10 0 45 670.46
3609
