30
1
5
0 150 0.1 0.1
5518
1 190 0.1 0.0
5433
2 120 0.1 0.1
5629
3 170 0.1 0.1
5584
4 150 0.1 0.1
5565
25
0 22 8 40 339.23
1881
1 18 20 40 303.16
1681
2 8 4 48 723.36
4011
3 17 0 35 113.44
629
4 5 8 26 396.21
2197
5 4 0 41 137.78
764
6 24 5 43 35.35
196
7 9 14 48 145.36
806
8 8 16 48 53.74
298
9 7 18 47 214.61
1190
10 13 1 42 85.84
476
11 25 11 48 30.48
169
12 20 11 43 117.22
650
13 24 11 46 391.34
2170
14 4 2 16 301.35
1671
15 29 3 45 455.73
2527
16 16 12 47 261.86
1452
17 6 19 47 439.50
2437
18 10 20 38 523.54
2903
19 21 7 48 195.13
1082
20 26 2 47 121.73
675
21 15 16 47 617.13
3422
22 8 1 37 327.50
1816
23 20 7 36 470.51
2609
24 6 1 8 31.56
175
