30
1
5
0 190 0.1 0.0
5480
1 120 0.1 0.1
5308
2 130 0.0 0.1
5525
3 190 0.1 0.0
5465
4 130 0.0 0.1
5460
25
0 9 6 48 111.45
607
1 1 0 9 109.06
594
2 25 14 48 60.77
331
3 14 16 47 634.52
3456
4 15 3 46 148.35
808
5 14 4 29 573.20
3122
6 18 13 46 78.76
429
7 13 4 43 590.83
3218
8 12 0 25 187.64
1022
9 9 12 38 81.70
445
10 23 15 47 266.96
1454
11 16 0 23 81.89
446
12 20 6 40 113.83
620
13 11 25 48 500.50
2726
14 7 0 13 422.83
2303
15 26 2 46 403.55
2198
16 19 8 47 75.28
410
17 3 27 48 190.03
1035
18 8 12 32 477.00
2598
19 3 41 48 481.22
2621
20 16 17 48 126.13
687
21 18 22 47 109.43
596
22 1 0 25 501.05
2729
23 10 8 47 286.23
1559
24 24 13 47 463.04
2522
