30
1
5
0 150 0.1 0.1
5573
1 130 0.0 0.1
5549
2 170 0.1 0.1
5453
3 120 0.1 0.1
5364
4 130 0.0 0.1
5475
25
0 18 10 35 60.75
333
1 7 0 13 232.22
1273
2 25 0 48 330.37
1811
3 7 0 25 479.22
2627
4 17 6 47 10.22
56
5 7 0 20 404.25
2216
6 21 10 47 210.15
1152
7 39 7 47 461.71
2531
8 25 16 48 266.70
1462
9 28 8 45 161.26
884
10 12 9 46 164.00
899
11 13 2 34 353.35
1937
12 5 0 44 210.52
1154
13 26 0 43 115.29
632
14 3 0 12 298.63
1637
15 18 1 38 16.78
92
16 4 2 15 165.09
905
17 4 6 13 249.01
1365
18 10 0 35 253.02
1387
19 7 0 30 618.78
3392
20 16 12 45 849.90
4659
21 14 1 48 58.01
318
22 6 2 33 258.67
1418
23 5 36 48 522.82
2866
24 4 27 47 84.28
462
