30
1
5
0 170 0.1 0.1
5502
1 170 0.1 0.1
5471
2 170 0.1 0.1
5564
3 120 0.1 0.1
5480
4 130 0.0 0.1
5478
25
0 5 13 48 55.10
303
1 9 24 47 596.86
3282
2 3 0 4 690.88
3799
3 29 2 46 42.37
233
4 8 1 31 567.40
3120
5 10 31 48 633.78
3485
6 16 3 20 121.48
668
7 18 0 19 700.15
3850
8 21 20 48 541.94
2980
9 23 4 31 322.07
1771
10 23 1 48 348.08
1914
11 19 10 38 100.93
555
12 7 1 33 101.48
558
13 5 13 47 157.13
864
14 3 34 42 626.14
3443
15 5 1 41 110.02
605
16 16 7 31 89.11
490
17 6 10 48 577.95
3178
18 21 19 48 101.84
560
19 18 6 45 197.86
1088
20 2 0 46 74.93
412
21 3 30 42 90.38
497
22 12 11 47 88.38
486
23 35 8 48 79.29
436
24 11 11 48 374.08
2057
