30
1
5
0 120 0.1 0.1
5426
1 170 0.1 0.1
5478
2 190 0.1 0.0
5635
3 120 0.1 0.1
5345
4 130 0.0 0.1
5566
25
0 21 11 43 185.13
1016
1 30 4 40 359.50
1973
2 8 0 22 254.37
1396
3 8 19 47 425.83
2337
4 20 0 21 613.33
3366
5 15 29 47 278.06
1526
6 10 20 48 367.52
2017
7 7 0 17 310.85
1706
8 5 40 47 156.16
857
9 6 1 11 3.83
21
10 8 22 43 496.53
2725
11 14 19 47 131.56
722
12 6 29 48 32.43
178
13 9 10 48 485.78
2666
14 17 28 47 196.06
1076
15 24 9 47 105.50
579
16 17 6 46 315.77
1733
17 30 4 47 228.68
1255
18 33 4 47 358.23
1966
19 18 1 27 110.60
607
20 19 6 42 142.67
783
21 5 0 18 148.69
816
22 7 31 43 21.32
117
23 19 3 40 2.92
16
24 34 0 46 82.72
454
