30
1
5
0 120 0.1 0.1
5358
1 150 0.1 0.1
5599
2 130 0.0 0.1
5359
3 130 0.0 0.1
5501
4 170 0.1 0.1
5561
25
0 20 9 38 112.54
616
1 19 5 43 167.16
915
2 9 7 48 113.27
620
3 26 4 47 239.69
1312
4 8 0 16 424.94
2326
5 4 0 7 354.60
1941
6 8 32 48 347.11
1900
7 1 1 44 100.48
550
8 8 9 23 58.83
322
9 32 7 44 337.98
1850
10 20 5 35 259.05
1418
11 5 13 48 42.38
232
12 7 0 19 663.53
3632
13 10 3 15 195.48
1070
14 6 5 46 388.22
2125
15 8 28 47 147.07
805
16 3 2 39 398.63
2182
17 6 7 48 403.93
2211
18 8 12 48 144.69
792
19 12 0 42 580.41
3177
20 23 23 47 611.10
3345
21 20 0 43 256.31
1403
22 1 3 38 69.79
382
23 5 6 48 406.85
2227
24 8 3 27 58.10
318
