30
1
5
0 190 0.1 0.0
5593
1 130 0.0 0.1
5423
2 190 0.1 0.0
5574
3 130 0.0 0.1
5572
4 150 0.1 0.1
5448
25
0 6 0 35 131.86
728
1 19 10 47 743.15
4103
2 3 1 23 411.88
2274
3 21 2 40 553.52
3056
4 10 1 21 376.38
2078
5 5 0 30 6.52
36
6 9 5 24 11.95
66
7 22 21 47 501.90
2771
8 24 11 47 103.60
572
9 11 14 37 93.82
518
10 9 18 47 227.67
1257
11 4 0 26 364.42
2012
12 21 2 47 481.61
2659
13 7 0 23 92.37
510
14 3 1 15 374.75
2069
15 1 7 47 120.81
667
16 10 0 12 96.54
533
17 17 16 48 112.12
619
18 34 12 47 374.02
2065
19 19 0 27 337.80
1865
20 32 8 43 213.91
1181
21 5 2 21 9.78
54
22 7 16 48 274.22
1514
23 7 33 47 374.20
2066
24 12 17 35 75.53
417
