30
1
5
0 170 0.1 0.1
5539
1 150 0.1 0.1
5376
2 130 0.0 0.1
5435
3 170 0.1 0.1
5592
4 150 0.1 0.1
5498
25
0 2 29 47 777.85
4268
1 6 17 47 61.42
337
2 8 8 27 25.15
138
3 2 0 47 566.98
3111
4 3 0 41 103.34
567
5 8 6 47 768.19
4215
6 24 4 48 116.28
638
7 20 4 48 448.52
2461
8 42 3 48 23.51
129
9 3 0 24 546.21
2997
10 21 3 39 571.72
3137
11 6 1 18 176.05
966
12 29 15 47 680.89
3736
13 1 20 41 51.76
284
14 2 28 48 96.23
528
15 16 7 48 707.32
3881
16 3 0 43 29.71
163
17 36 3 48 63.61
349
18 13 30 45 568.80
3121
19 20 4 47 100.78
553
20 9 0 32 49.03
269
21 19 3 47 202.66
1112
22 13 5 27 130.86
718
23 1 4 42 486.25
2668
24 19 10 47 122.47
672
