30
1
5
0 120 0.1 0.1
5507
1 130 0.0 0.1
5460
2 150 0.1 0.1
5507
3 150 0.1 0.1
5501
4 170 0.1 0.1
5577
25
0 6 13 47 854.79
4710
1 5 15 47 7.62
42
2 7 8 47 46.10
254
3 31 0 42 214.88
1184
4 17 11 37 491.09
2706
5 19 6 27 37.20
205
6 11 22 47 12.89
71
7 5 12 42 126.86
699
8 3 8 47 492.91
2716
9 29 12 47 218.69
1205
10 19 15 48 317.96
1752
11 20 24 48 323.04
1780
12 24 15 48 604.34
3330
13 6 8 48 4.72
26
14 9 2 37 185.48
1022
15 16 1 44 345.73
1905
16 9 3 24 71.87
396
17 28 11 47 51.54
284
18 6 35 48 99.09
546
19 14 6 46 63.16
348
20 22 4 41 43.74
241
21 18 0 46 62.79
346
22 9 17 48 546.27
3010
23 30 0 48 528.66
2913
24 9 2 15 749.89
4132
