30
1
5
0 120 0.1 0.1
5512
1 150 0.1 0.1
5489
2 190 0.1 0.0
5462
3 190 0.1 0.0
5519
4 150 0.1 0.1
5511
25
0 16 4 31 121.85
670
1 11 16 42 405.75
2231
2 14 0 39 180.41
992
3 4 17 47 201.51
1108
4 6 2 32 37.65
207
5 30 14 47 175.32
964
6 17 24 45 367.37
2020
7 3 0 12 358.46
1971
8 39 1 43 407.02
2238
9 17 5 47 131.67
724
10 6 9 36 58.92
324
11 32 3 47 274.44
1509
12 8 0 32 113.85
626
13 7 9 47 662.18
3641
14 8 0 14 396.11
2178
15 20 2 30 390.29
2146
16 19 24 48 306.45
1685
17 9 3 19 146.04
803
18 7 1 16 155.13
853
19 25 7 48 39.10
215
20 8 0 47 540.69
2973
21 4 0 43 250.61
1378
22 3 41 47 266.25
1464
23 18 7 39 489.77
2693
24 9 7 47 66.93
368
