30
1
5
0 190 0.1 0.0
5589
1 170 0.1 0.1
5384
2 150 0.1 0.1
5597
3 120 0.1 0.1
5531
4 170 0.1 0.1
5466
25
0 29 13 46 232.03
1279
1 4 0 6 204.27
1126
2 9 1 25 107.22
591
3 18 5 42 53.88
297
4 1 28 48 124.45
686
5 5 0 46 207.90
1146
6 4 0 33 524.29
2890
7 6 1 27 574.00
3164
8 3 6 36 569.10
3137
9 6 1 39 33.02
182
10 13 3 48 65.49
361
11 21 1 41 82.54
455
12 8 4 44 105.76
583
13 33 7 47 331.26
1826
14 24 3 44 489.82
2700
15 4 38 48 78.73
434
16 2 24 47 382.60
2109
17 37 2 48 648.38
3574
18 1 19 47 716.95
3952
19 24 3 47 22.31
123
20 30 3 43 121.55
670
21 5 0 12 299.33
1650
22 3 3 25 107.22
591
23 3 5 48 429.41
2367
24 16 6 46 127.72
704
