30
1
5
0 170 0.1 0.1
5477
1 120 0.1 0.1
5511
2 130 0.0 0.1
5568
3 120 0.1 0.1
5485
4 150 0.1 0.1
5501
25
0 8 4 43 312.26
1720
1 7 5 44 22.15
122
2 14 12 44 741.98
4087
3 24 5 48 512.69
2824
4 16 22 48 287.75
1585
5 38 1 47 294.11
1620
6 1 0 30 313.17
1725
7 17 9 42 77.70
428
8 10 0 47 438.44
2415
9 7 1 14 42.30
233
10 12 35 47 390.33
2150
11 9 29 48 98.04
540
12 12 3 48 55.92
308
13 24 1 48 463.49
2553
14 1 0 8 270.87
1492
15 12 7 30 568.97
3134
16 16 3 32 326.42
1798
17 17 7 48 54.83
302
18 2 15 48 780.47
4299
19 5 0 21 544.10
2997
20 26 4 47 116.37
641
21 20 15 47 80.97
446
22 24 3 38 432.99
2385
23 3 2 15 188.45
1038
24 9 3 39 144.69
797
