30
1
5
0 130 0.0 0.1
5570
1 120 0.1 0.1
5493
2 120 0.1 0.1
5440
3 120 0.1 0.1
5644
4 120 0.1 0.1
5473
25
0 8 32 48 294.22
1625
1 13 0 40 268.51
1483
2 11 4 34 275.39
1521
3 2 38 43 585.55
3234
4 22 20 48 271.77
1501
5 32 1 43 260.36
1438
6 30 10 48 47.80
264
7 11 4 45 473.83
2617
8 11 6 27 258.01
1425
9 23 11 45 151.73
838
10 14 2 31 88.90
491
11 6 0 8 281.19
1553
12 9 21 48 172.01
950
13 13 0 40 256.02
1414
14 2 7 42 227.05
1254
15 8 35 47 636.06
3513
16 13 5 48 51.06
282
17 6 17 47 25.53
141
18 15 5 46 262.72
1451
19 15 1 30 399.96
2209
20 3 0 10 227.23
1255
21 26 11 47 392.18
2166
22 14 0 19 183.96
1016
23 8 24 48 292.96
1618
24 4 4 48 707.40
3907
