30
1
5
0 150 0.1 0.1
5413
1 120 0.1 0.1
5544
2 190 0.1 0.0
5420
3 190 0.1 0.0
5285
4 190 0.1 0.0
5551
25
0 7 24 48 562.05
3058
1 34 3 43 174.97
952
2 10 3 17 204.75
1114
3 1 0 2 640.16
3483
4 18 11 34 62.31
339
5 10 1 29 600.46
3267
6 27 2 41 498.64
2713
7 14 1 23 252.17
1372
8 15 20 47 107.15
583
9 20 17 48 196.11
1067
10 5 11 26 54.59
297
11 22 0 47 469.41
2554
12 5 21 47 176.26
959
13 19 5 47 553.04
3009
14 29 3 43 97.41
530
15 20 1 44 226.25
1231
16 1 0 39 146.30
796
17 17 17 48 10.48
57
18 3 1 47 267.97
1458
19 12 21 48 893.43
4861
20 11 7 43 153.65
836
21 19 10 48 545.32
2967
22 14 24 43 294.07
1600
23 14 14 48 64.70
352
24 6 4 40 290.40
1580
