30
1
5
0 120 0.1 0.1
5495
1 130 0.0 0.1
5509
2 130 0.0 0.1
5378
3 170 0.1 0.1
5541
4 120 0.1 0.1
5388
25
0 2 0 45 463.80
2533
1 6 17 48 332.15
1814
2 2 0 29 269.16
1470
3 27 9 47 264.22
1443
4 24 22 48 34.61
189
5 33 3 41 211.85
1157
6 13 21 47 567.80
3101
7 16 9 46 15.01
82
8 2 1 47 136.60
746
9 36 0 45 203.98
1114
10 26 10 37 217.71
1189
11 11 23 40 459.41
2509
12 5 16 47 64.27
351
13 23 15 44 409.42
2236
14 11 0 28 26.37
144
15 19 2 36 474.06
2589
16 9 4 47 253.05
1382
17 4 37 47 19.59
107
18 18 2 44 56.76
310
19 9 0 47 323.54
1767
20 2 13 47 27.10
148
21 15 20 44 84.78
463
22 17 6 48 18.31
100
23 2 13 47 580.99
3173
24 6 9 48 165.16
902
