30
1
5
0 120 0.1 0.1
5452
1 190 0.1 0.0
5411
2 150 0.1 0.1
5518
3 120 0.1 0.1
5489
4 130 0.0 0.1
5459
25
0 1 0 47 186.26
1018
1 2 20 43 117.46
642
2 4 18 47 470.22
2570
3 16 21 47 69.53
380
4 23 1 48 375.99
2055
5 5 5 37 55.44
303
6 2 12 47 405.08
2214
7 16 4 31 131.55
719
8 19 1 28 557.31
3046
9 13 4 24 323.11
1766
10 7 1 32 27.08
148
11 20 11 47 201.81
1103
12 37 6 47 364.10
1990
13 2 43 47 437.28
2390
14 1 5 48 404.90
2213
15 1 10 48 239.68
1310
16 21 1 29 303.90
1661
17 9 0 23 209.49
1145
18 12 3 29 209.49
1145
19 5 24 48 147.10
804
20 17 1 47 329.33
1800
21 18 5 37 539.19
2947
22 35 0 39 207.66
1135
23 12 0 47 481.01
2629
24 1 37 48 466.56
2550
