30
1
5
0 130 0.0 0.1
5445
1 150 0.1 0.1
5551
2 130 0.0 0.1
5448
3 150 0.1 0.1
5558
4 190 0.1 0.0
5562
25
0 18 2 42 215.52
1188
1 5 27 48 168.53
929
2 9 6 22 141.14
778
3 13 6 37 496.53
2737
4 18 25 48 135.88
749
5 8 0 21 135.15
745
6 18 5 35 126.81
699
7 10 2 47 156.38
862
8 8 12 45 243.09
1340
9 8 1 48 480.38
2648
10 22 0 42 145.49
802
11 25 12 38 67.30
371
12 25 3 48 145.49
802
13 25 9 41 476.39
2626
14 28 7 44 261.96
1444
15 12 0 46 146.22
806
16 12 0 47 347.95
1918
17 5 1 48 457.53
2522
18 8 30 48 84.36
465
19 14 18 48 65.67
362
20 8 1 47 399.11
2200
21 22 20 47 155.47
857
22 25 10 41 379.70
2093
23 10 3 19 453.90
2502
24 12 29 47 328.90
1813
