30
1
5
0 170 0.1 0.1
5454
1 190 0.1 0.0
5473
2 170 0.1 0.1
5411
3 150 0.1 0.1
5706
4 130 0.0 0.1
5421
25
0 24 20 48 280.65
1541
1 11 16 47 275.18
1511
2 6 1 8 273.91
1504
3 2 2 47 508.11
2790
4 9 13 37 0.73
4
5 10 0 47 23.68
130
6 15 1 35 476.79
2618
7 14 26 47 281.56
1546
8 9 1 32 576.59
3166
9 24 1 47 168.46
925
10 6 35 47 207.62
1140
11 11 14 30 573.86
3151
12 2 43 47 270.27
1484
13 8 9 45 261.52
1436
14 9 19 48 1.09
6
15 39 7 47 518.86
2849
16 15 2 34 123.11
676
17 6 1 20 132.77
729
18 30 2 46 374.62
2057
19 13 0 48 26.77
147
20 10 0 16 222.55
1222
21 20 2 42 233.66
1283
22 9 16 32 33.51
184
23 15 7 45 681.13
3740
24 23 5 39 397.38
2182
