30
1
5
0 130 0.0 0.1
5674
1 190 0.1 0.0
5462
2 130 0.0 0.1
5416
3 190 0.1 0.0
5481
4 120 0.1 0.1
5578
25
0 22 1 46 19.56
108
1 27 0 39 113.39
626
2 37 8 48 624.20
3446
3 16 13 39 162.30
896
4 7 0 24 12.68
70
5 17 29 47 369.16
2038
6 13 6 32 149.44
825
7 12 7 29 114.66
633
8 24 14 47 10.32
57
9 3 44 48 622.75
3438
10 19 16 47 100.71
556
11 9 0 29 704.26
3888
12 8 32 47 494.69
2731
13 8 9 44 95.10
525
14 15 11 41 426.22
2353
15 11 5 43 567.32
3132
16 3 0 20 261.02
1441
17 33 3 36 390.89
2158
18 13 22 48 463.71
2560
19 15 29 45 570.22
3148
20 14 28 47 120.46
665
21 3 23 47 15.76
87
22 6 1 26 66.48
367
23 14 8 47 138.39
764
24 8 1 18 251.06
1386
