30
1
5
0 150 0.1 0.1
5545
1 120 0.1 0.1
5401
2 150 0.1 0.1
5591
3 130 0.0 0.1
5335
4 170 0.1 0.1
5516
25
0 6 0 42 571.04
3127
1 10 28 47 602.82
3301
2 22 17 47 640.62
3508
3 17 13 37 302.41
1656
4 33 3 48 403.77
2211
5 38 5 48 137.69
754
6 13 18 46 542.92
2973
7 32 3 44 78.16
428
8 10 21 47 233.20
1277
9 19 12 41 147.92
810
10 2 1 35 21.91
120
11 23 24 48 40.36
221
12 3 2 36 193.76
1061
13 26 5 40 33.05
181
14 9 0 47 546.21
2991
15 31 0 44 149.38
818
16 6 27 48 212.57
1164
17 15 9 42 380.03
2081
18 28 11 47 126.19
691
19 26 9 48 222.61
1219
20 23 5 48 202.34
1108
21 7 0 26 523.75
2868
22 4 1 47 52.23
286
23 1 0 28 156.32
856
24 17 0 48 725.72
3974
