30
1
5
0 130 0.0 0.1
5511
1 130 0.0 0.1
5457
2 170 0.1 0.1
5448
3 190 0.1 0.0
5496
4 150 0.1 0.1
5518
25
0 12 6 31 161.32
885
1 25 3 39 84.40
463
2 18 15 48 101.72
558
3 11 12 48 657.69
3608
4 20 5 47 92.05
505
5 22 0 43 471.94
2589
6 23 14 47 83.12
456
7 14 5 29 468.11
2568
8 26 12 47 209.99
1152
9 15 1 37 494.73
2714
10 3 0 9 144.55
793
11 12 9 47 72.00
395
12 12 2 47 721.31
3957
13 8 1 15 149.84
822
14 10 15 47 807.90
4432
15 13 8 47 64.35
353
16 5 13 34 53.23
292
17 12 2 34 306.97
1684
18 31 6 47 443.14
2431
19 24 0 33 55.23
303
20 6 1 34 469.02
2573
21 3 0 48 63.80
350
22 17 5 37 437.31
2399
23 3 0 23 358.74
1968
24 3 0 6 296.22
1625
