30
1
5
0 150 0.1 0.1
5410
1 170 0.1 0.1
5436
2 190 0.1 0.0
5553
3 190 0.1 0.0
5462
4 170 0.1 0.1
5476
25
0 3 29 48 336.20
1838
1 11 15 45 72.80
398
2 17 5 33 283.70
1551
3 12 27 47 259.56
1419
4 11 8 47 386.32
2112
5 7 4 25 231.21
1264
6 7 16 47 139.02
760
7 26 9 47 104.45
571
8 6 41 47 141.03
771
9 5 0 48 86.70
474
10 17 10 48 243.10
1329
11 38 5 45 246.94
1350
12 3 0 31 65.85
360
13 3 18 47 289.01
1580
14 7 5 16 74.45
407
15 21 1 38 394.92
2159
16 21 5 46 72.98
399
17 5 41 47 579.30
3167
18 10 23 47 519.85
2842
19 6 4 38 30.73
168
20 25 1 28 31.64
173
21 19 1 32 396.75
2169
22 33 8 48 292.48
1599
23 4 4 48 624.48
3414
24 13 4 48 476.68
2606
