30
1
5
0 120 0.1 0.1
5687
1 150 0.1 0.1
5507
2 130 0.0 0.1
5371
3 170 0.1 0.1
5482
4 130 0.0 0.1
5505
25
0 8 0 21 69.71
384
1 8 0 41 285.37
1572
2 12 0 43 202.59
1116
3 14 29 47 530.09
2920
4 11 27 44 405.19
2232
5 22 10 42 62.81
346
6 26 18 47 109.10
601
7 10 13 29 301.17
1659
8 20 12 47 190.43
1049
9 8 1 43 648.63
3573
10 15 19 42 250.88
1382
11 9 15 46 184.26
1015
12 17 10 45 220.93
1217
13 5 12 47 378.50
2085
14 8 31 47 321.32
1770
15 6 11 48 495.59
2730
16 7 1 48 445.49
2454
17 36 2 42 342.74
1888
18 7 2 48 296.81
1635
19 14 0 33 213.12
1174
20 5 29 48 550.42
3032
21 7 3 41 157.57
868
22 33 1 46 416.26
2293
23 24 12 48 275.93
1520
24 22 3 43 420.44
2316
