30
1
5
0 170 0.1 0.1
5495
1 170 0.1 0.1
5583
2 190 0.1 0.0
5460
3 190 0.1 0.0
5674
4 190 0.1 0.0
5478
25
0 17 26 46 291.50
1614
1 3 22 48 249.06
1379
2 3 2 21 83.44
462
3 22 0 48 251.41
1392
4 12 21 47 318.95
1766
5 10 13 44 506.06
2802
6 18 5 46 95.54
529
7 9 2 45 224.50
1243
8 12 10 47 4.15
23
9 1 8 48 247.97
1373
10 33 1 47 319.50
1769
11 4 15 48 110.71
613
12 23 2 36 90.48
501
13 5 29 48 58.52
324
14 3 2 48 380.00
2104
15 14 30 48 231.18
1280
16 26 10 43 508.95
2818
17 11 2 19 581.56
3220
18 4 1 6 89.94
498
19 5 28 48 273.26
1513
20 13 20 47 625.08
3461
21 1 22 47 99.51
551
22 16 7 48 6.32
35
23 16 10 29 691.73
3830
24 18 21 47 113.78
630
