30
1
5
0 190 0.1 0.0
5507
1 150 0.1 0.1
5392
2 120 0.1 0.1
5349
3 130 0.0 0.1
5599
4 130 0.0 0.1
5540
25
0 37 4 44 54.42
298
1 25 0 30 315.57
1728
2 18 21 47 390.08
2136
3 5 31 44 642.10
3516
4 1 9 46 110.49
605
5 4 33 47 43.65
239
6 18 1 33 264.25
1447
7 13 3 17 229.92
1259
8 14 13 32 58.80
322
9 4 1 48 522.30
2860
10 18 23 47 376.57
2062
11 14 3 48 166.00
909
12 17 16 48 314.47
1722
13 18 5 47 387.52
2122
14 26 3 36 252.38
1382
15 23 4 42 67.94
372
16 4 1 30 24.84
136
17 26 8 47 158.15
866
18 12 27 46 280.69
1537
19 17 26 48 138.06
756
20 1 6 47 113.04
619
21 17 9 44 389.71
2134
22 28 5 42 107.56
589
23 18 9 36 375.65
2057
24 16 0 20 562.84
3082
