30
1
5
0 130 0.0 0.1
5534
1 130 0.0 0.1
5556
2 130 0.0 0.1
5321
3 170 0.1 0.1
5674
4 130 0.0 0.1
5649
25
0 6 7 20 293.11
1625
1 16 9 25 494.96
2744
2 24 1 33 338.21
1875
3 22 4 47 186.87
1036
4 8 2 33 268.58
1489
5 35 12 48 315.48
1749
6 14 3 23 89.47
496
7 10 21 47 246.94
1369
8 2 28 47 567.11
3144
9 11 2 38 579.19
3211
10 2 26 40 261.19
1448
11 1 0 15 301.77
1673
12 9 4 39 157.83
875
13 15 14 47 295.82
1640
14 2 45 47 96.14
533
15 6 3 48 24.35
135
16 23 3 48 286.08
1586
17 3 20 29 252.71
1401
18 1 0 24 495.50
2747
19 13 2 48 105.34
584
20 10 0 10 18.04
100
21 3 0 34 272.91
1513
22 28 7 47 372.48
2065
23 25 3 38 479.62
2659
24 27 19 48 125.54
696
