30
1
5
0 170 0.1 0.1
5460
1 120 0.1 0.1
5701
2 130 0.0 0.1
5615
3 120 0.1 0.1
5333
4 170 0.1 0.1
5470
25
0 19 16 47 115.19
635
1 20 27 48 104.67
577
2 5 1 42 94.33
520
3 11 9 47 307.10
1693
4 6 0 32 11.43
63
5 3 28 39 356.26
1964
6 10 32 47 574.48
3167
7 20 0 30 673.70
3714
8 20 0 35 28.66
158
9 2 8 45 290.23
1600
10 28 17 48 768.94
4239
11 9 32 48 19.95
110
12 13 18 46 221.12
1219
13 22 10 47 870.52
4799
14 4 6 48 857.28
4726
15 8 6 23 7.80
43
16 26 8 43 178.67
985
17 2 14 32 373.86
2061
18 5 0 44 608.76
3356
19 14 6 48 247.24
1363
20 3 28 48 184.30
1016
21 19 2 48 399.98
2205
22 5 42 47 42.08
232
23 22 2 41 34.47
190
24 15 0 20 266.11
1467
