30
1
5
0 150 0.1 0.1
5570
1 170 0.1 0.1
5433
2 150 0.1 0.1
5603
3 150 0.1 0.1
5487
4 170 0.1 0.1
5546
25
0 13 2 25 321.32
1776
1 8 4 32 96.25
532
2 13 4 44 22.25
123
3 7 1 22 791.73
4376
4 10 0 47 641.02
3543
5 11 0 36 484.16
2676
6 4 7 44 93.72
518
7 7 1 35 562.32
3108
8 6 3 26 743.60
4110
9 16 2 47 377.59
2087
10 1 17 47 347.20
1919
11 11 32 47 228.51
1263
12 3 20 47 157.41
870
13 18 15 47 27.14
150
14 18 10 35 439.47
2429
15 22 13 37 572.27
3163
16 25 0 28 221.81
1226
17 7 14 45 118.69
656
18 21 9 47 484.16
2676
19 28 4 47 61.33
339
20 11 20 47 72.37
400
21 14 0 45 455.39
2517
22 9 0 39 58.44
323
23 13 7 37 132.08
730
24 2 36 47 578.24
3196
