30
1
5
0 130 0.0 0.1
5489
1 150 0.1 0.1
5461
2 170 0.1 0.1
5396
3 130 0.0 0.1
5412
4 190 0.1 0.0
5599
25
0 13 1 48 307.29
1681
1 13 2 44 617.50
3378
2 2 0 28 354.63
1940
3 18 0 25 461.75
2526
4 22 7 30 31.81
174
5 2 6 41 298.88
1635
6 15 4 48 306.01
1674
7 29 2 31 197.97
1083
8 22 7 47 380.96
2084
9 13 1 47 223.93
1225
10 15 0 39 114.07
624
11 14 1 19 787.87
4310
12 5 10 37 256.29
1402
13 16 28 48 244.59
1338
14 15 31 47 402.16
2200
15 17 29 47 225.94
1236
16 2 0 23 31.08
170
17 12 10 36 306.37
1676
18 19 6 47 135.45
741
19 25 9 48 228.87
1252
20 11 12 48 307.29
1681
21 16 15 35 277.31
1517
22 2 4 27 173.48
949
23 10 0 47 167.44
916
24 11 9 47 569.79
3117
