30
1
5
0 150 0.1 0.1
5463
1 170 0.1 0.1
5570
2 130 0.0 0.1
5386
3 120 0.1 0.1
5375
4 150 0.1 0.1
5469
25
0 13 18 34 7.15
39
1 9 1 14 549.55
2996
2 5 10 16 470.31
2564
3 33 0 47 42.92
234
4 6 6 30 222.13
1211
5 8 0 42 91.90
501
6 3 1 18 637.97
3478
7 30 14 48 186.00
1014
8 32 12 48 467.74
2550
9 22 2 43 415.65
2266
10 8 4 32 183.43
1000
11 15 30 48 533.23
2907
12 3 37 48 356.77
1945
13 8 4 43 9.72
53
14 8 1 28 162.33
885
15 5 0 15 831.48
4533
16 9 7 31 116.84
637
17 31 4 47 543.87
2965
18 13 26 48 610.45
3328
19 22 0 46 139.04
758
20 14 5 42 172.97
943
21 28 14 48 243.59
1328
22 24 9 47 93.55
510
23 12 23 48 95.57
521
24 8 1 23 158.30
863
