30
1
5
0 150 0.1 0.1
5534
1 130 0.0 0.1
5476
2 130 0.0 0.1
5508
3 130 0.0 0.1
5458
4 120 0.1 0.1
5510
25
0 17 1 48 259.59
1427
1 9 12 48 42.02
231
2 26 7 45 258.68
1422
3 4 10 45 78.77
433
4 2 31 48 317.81
1747
5 11 18 47 505.91
2781
6 16 2 34 630.88
3468
7 15 5 30 605.78
3330
8 13 26 48 155.17
853
9 27 13 47 98.60
542
10 4 9 30 353.28
1942
11 9 2 35 160.99
885
12 12 3 47 696.01
3826
13 2 9 36 374.38
2058
14 18 2 40 180.46
992
15 8 13 30 150.08
825
16 4 6 42 219.03
1204
17 16 1 31 203.20
1117
18 15 3 36 137.53
756
19 21 16 43 89.32
491
20 5 24 46 249.41
1371
21 3 6 41 88.77
488
22 11 14 47 133.71
735
23 17 3 41 235.76
1296
24 2 9 47 339.82
1868
