30
1
5
0 190 0.1 0.0
5549
1 170 0.1 0.1
5539
2 170 0.1 0.1
5420
3 130 0.0 0.1
5354
4 150 0.1 0.1
5546
25
0 13 0 37 630.79
3457
1 6 0 26 580.25
3180
2 18 0 36 140.68
771
3 5 1 30 166.41
912
4 31 3 44 285.38
1564
5 32 12 48 116.41
638
6 11 7 48 0.18
1
7 3 11 47 320.96
1759
8 3 23 48 345.78
1895
9 29 18 47 569.85
3123
10 17 20 47 500.14
2741
11 6 1 10 135.57
743
12 26 6 48 108.93
597
13 22 22 44 346.69
1900
14 14 0 34 400.33
2194
15 6 0 36 502.52
2754
16 5 1 33 755.42
4140
17 9 11 36 354.72
1944
18 13 6 35 39.23
215
19 7 3 38 72.07
395
20 16 11 40 0.18
1
21 2 17 33 289.94
1589
22 14 12 47 30.84
169
23 18 6 47 572.77
3139
24 20 0 21 488.65
2678
