30
1
5
0 190 0.1 0.0
5327
1 170 0.1 0.1
5485
2 170 0.1 0.1
5504
3 190 0.1 0.0
5606
4 130 0.0 0.1
5440
25
0 29 1 44 234.70
1284
1 24 0 36 165.79
907
2 20 11 37 539.03
2949
3 12 23 44 347.48
1901
4 3 25 47 157.93
864
5 3 28 48 160.67
879
6 2 36 47 210.39
1151
7 3 37 47 195.95
1072
8 11 1 44 163.23
893
9 25 1 43 448.74
2455
10 9 7 48 84.45
462
11 33 8 47 327.00
1789
12 3 39 48 150.25
822
13 7 33 48 223.73
1224
14 1 0 42 215.50
1179
15 6 34 47 349.49
1912
16 23 1 33 37.11
203
17 3 13 40 39.48
216
18 24 2 48 50.45
276
19 11 31 47 614.16
3360
20 12 0 47 600.09
3283
21 1 0 7 399.93
2188
22 26 3 48 414.19
2266
23 2 42 47 168.35
921
24 5 36 48 38.38
210
