30
1
5
0 130 0.0 0.1
5624
1 190 0.1 0.0
5452
2 120 0.1 0.1
5528
3 120 0.1 0.1
5642
4 190 0.1 0.0
5702
25
0 6 0 29 73.19
409
1 7 2 21 279.16
1560
2 24 15 48 797.93
4459
3 10 2 42 216.71
1211
4 1 20 47 449.52
2512
5 15 22 48 206.33
1153
6 4 30 48 386.71
2161
7 6 13 48 40.62
227
8 3 8 33 249.81
1396
9 25 1 31 106.83
597
10 9 2 25 27.38
153
11 4 1 25 373.29
2086
12 5 22 47 622.38
3478
13 3 0 20 272.90
1525
14 13 0 24 228.34
1276
15 13 0 23 133.67
747
16 33 2 43 495.51
2769
17 11 2 37 80.35
449
18 37 3 40 521.10
2912
19 19 22 47 561.36
3137
20 17 6 47 501.41
2802
21 5 0 20 131.17
733
22 12 16 45 108.09
604
23 8 0 48 137.43
768
24 18 0 46 656.56
3669
