30
1
5
0 150 0.1 0.1
5560
1 150 0.1 0.1
5338
2 150 0.1 0.1
5459
3 150 0.1 0.1
5442
4 150 0.1 0.1
5524
25
0 5 3 47 603.64
3298
1 6 28 46 183.40
1002
2 9 0 47 31.66
173
3 13 5 48 457.40
2499
4 8 11 48 516.52
2822
5 13 5 42 43.38
237
6 18 12 34 417.13
2279
7 6 1 33 195.66
1069
8 2 19 48 235.75
1288
9 18 1 31 53.08
290
10 24 12 48 87.67
479
11 4 0 22 786.85
4299
12 19 4 47 1.65
9
13 15 0 41 52.35
286
14 19 1 25 353.25
1930
15 12 7 43 371.56
2030
16 15 6 47 49.05
268
17 8 10 48 87.31
477
18 10 36 47 38.07
208
19 14 0 40 589.73
3222
20 16 6 47 489.61
2675
21 36 7 48 187.06
1022
22 10 9 48 1.10
6
23 26 6 48 692.59
3784
24 15 23 42 154.30
843
