30
1
5
0 170 0.1 0.1
5556
1 130 0.0 0.1
5412
2 170 0.1 0.1
5474
3 120 0.1 0.1
5428
4 120 0.1 0.1
5451
25
0 3 4 47 541.02
2956
1 4 0 30 279.85
1529
2 4 12 48 91.70
501
3 29 6 46 153.56
839
4 31 0 48 482.09
2634
5 8 0 11 276.55
1511
6 11 4 48 114.94
628
7 25 6 36 538.64
2943
8 3 31 47 102.86
562
9 2 6 35 315.35
1723
10 7 0 17 406.50
2221
11 7 0 18 332.01
1814
12 5 1 25 327.43
1789
13 21 3 42 510.46
2789
14 3 28 43 50.51
276
15 8 2 33 96.09
525
16 19 8 36 428.10
2339
17 17 8 47 821.23
4487
18 22 12 42 2.75
15
19 9 6 37 214.87
1174
20 20 10 47 121.35
663
21 5 33 48 5.31
29
22 33 6 47 396.98
2169
23 7 0 10 379.59
2074
24 11 6 21 122.99
672
