30
1
5
0 150 0.1 0.1
5638
1 150 0.1 0.1
5463
2 170 0.1 0.1
5544
3 120 0.1 0.1
5479
4 120 0.1 0.1
5333
25
0 5 1 41 189.63
1041
1 6 41 48 92.54
508
2 24 1 39 538.66
2957
3 13 32 48 389.65
2139
4 3 0 43 252.66
1387
5 15 4 37 236.08
1296
6 27 13 46 271.06
1488
7 4 0 34 396.02
2174
8 8 11 41 460.51
2528
9 9 30 48 78.88
433
10 24 6 38 97.82
537
11 20 2 39 100.92
554
12 20 20 47 66.31
364
13 14 4 33 525.72
2886
14 37 4 48 609.70
3347
15 3 1 42 114.22
627
16 5 0 25 900.44
4943
17 20 9 39 49.73
273
18 6 30 48 139.54
766
19 29 0 48 208.94
1147
20 6 24 48 435.37
2390
21 5 5 48 40.62
223
22 5 0 9 30.42
167
23 13 7 42 197.65
1085
24 4 0 27 510.79
2804
