30
1
5
0 170 0.1 0.1
5456
1 120 0.1 0.1
5444
2 130 0.0 0.1
5405
3 150 0.1 0.1
5329
4 190 0.1 0.0
5599
25
0 2 21 47 576.47
3139
1 26 0 41 17.45
95
2 12 2 48 129.66
706
3 22 1 47 516.60
2813
4 1 20 28 581.98
3169
5 31 0 41 205.87
1121
6 5 0 42 132.04
719
7 6 0 21 452.14
2462
8 24 1 29 87.97
479
9 18 17 48 412.29
2245
10 24 1 45 100.09
545
11 8 12 26 221.30
1205
12 4 2 39 293.10
1596
13 24 5 45 511.28
2784
14 11 8 37 377.21
2054
15 34 2 44 120.47
656
16 31 5 47 665.17
3622
17 15 30 47 765.08
4166
18 18 7 48 118.64
646
19 3 24 47 208.44
1135
20 4 23 43 117.35
639
21 9 9 47 297.88
1622
22 5 26 38 28.65
156
23 4 29 48 103.95
566
24 4 12 46 486.12
2647
