30
1
5
0 120 0.1 0.1
5366
1 130 0.0 0.1
5648
2 130 0.0 0.1
5421
3 190 0.1 0.0
5516
4 120 0.1 0.1
5429
25
0 4 37 48 64.30
352
1 17 0 35 138.83
760
2 2 4 31 73.80
404
3 1 0 29 5.30
29
4 6 0 48 430.20
2355
5 24 9 42 327.17
1791
6 6 12 35 422.52
2313
7 29 2 47 313.47
1716
8 3 0 17 564.28
3089
9 10 1 36 249.35
1365
10 14 14 48 104.85
574
11 30 2 48 419.24
2295
12 28 2 34 516.42
2827
13 15 1 27 298.31
1633
14 4 8 48 486.46
2663
15 8 33 44 328.26
1797
16 3 3 24 475.68
2604
17 6 0 44 231.26
1266
18 6 6 43 348.91
1910
19 25 16 48 484.27
2651
20 6 13 28 252.45
1382
21 26 20 47 366.99
2009
22 2 0 6 302.87
1658
23 18 15 48 825.50
4519
24 27 2 47 125.13
685
