30
1
5
0 120 0.1 0.1
5504
1 120 0.1 0.1
5525
2 170 0.1 0.1
5481
3 190 0.1 0.0
5547
4 120 0.1 0.1
5401
25
0 9 1 16 99.98
549
1 20 0 27 164.26
902
2 21 16 47 87.60
481
3 2 20 43 372.96
2048
4 13 2 47 147.69
811
5 7 20 48 198.14
1088
6 27 4 48 497.71
2733
7 14 0 18 797.29
4378
8 5 11 29 313.41
1721
9 8 2 15 676.91
3717
10 6 37 47 292.65
1607
11 13 19 48 306.49
1683
12 7 30 48 426.32
2341
13 19 17 45 264.24
1451
14 24 1 48 26.41
145
15 16 12 47 140.77
773
16 21 9 43 67.93
373
17 41 1 43 277.36
1523
18 18 3 46 352.20
1934
19 24 17 48 288.65
1585
20 7 3 31 548.16
3010
21 3 44 47 215.98
1186
22 18 1 33 430.33
2363
23 4 1 41 267.16
1467
24 2 13 36 205.06
1126
