30
1
5
0 130 0.0 0.1
5492
1 170 0.1 0.1
5663
2 120 0.1 0.1
5427
3 190 0.1 0.0
5591
4 120 0.1 0.1
5461
25
0 3 0 48 323.41
1787
1 1 0 1 8.14
45
2 14 10 39 436.17
2410
3 26 0 35 150.21
830
4 22 0 47 575.16
3178
5 8 0 15 258.26
1427
6 14 16 47 493.17
2725
7 11 1 14 180.26
996
8 26 10 41 19.37
107
9 23 5 47 167.05
923
10 6 19 47 85.24
471
11 8 0 35 773.51
4274
12 1 0 27 663.84
3668
13 9 7 45 234.37
1295
14 3 1 8 321.06
1774
15 24 21 47 714.15
3946
16 8 13 47 13.39
74
17 13 7 28 295.00
1630
18 8 1 26 430.01
2376
19 11 0 31 433.45
2395
20 12 23 47 186.41
1030
21 25 7 47 52.85
292
22 7 11 29 431.64
2385
23 18 19 47 116.55
644
24 10 8 48 96.83
535
