30
1
5
0 170 0.1 0.1
5295
1 150 0.1 0.1
5547
2 150 0.1 0.1
5496
3 150 0.1 0.1
5353
4 130 0.0 0.1
5501
25
0 5 26 47 253.83
1380
1 10 3 15 50.03
272
2 5 10 48 76.70
417
3 38 1 42 142.18
773
4 3 24 36 488.72
2657
5 19 6 48 216.86
1179
6 19 2 47 511.34
2780
7 4 8 44 529.18
2877
8 2 18 48 396.20
2154
9 13 10 36 240.59
1308
10 10 15 42 208.40
1133
11 8 29 48 309.75
1684
12 28 6 41 365.48
1987
13 21 10 40 498.65
2711
14 11 2 16 733.17
3986
15 1 33 47 51.13
278
16 4 28 48 232.68
1265
17 22 12 47 650.40
3536
18 4 32 48 75.97
413
19 30 7 47 100.25
545
20 8 1 45 278.11
1512
21 20 0 48 25.57
139
22 13 33 48 526.61
2863
23 1 42 48 138.32
752
24 17 21 47 20.05
109
