30
1
5
0 120 0.1 0.1
5499
1 130 0.0 0.1
5471
2 190 0.1 0.0
5530
3 120 0.1 0.1
5576
4 120 0.1 0.1
5554
25
0 13 0 23 172.83
955
1 20 11 41 263.31
1455
2 9 23 48 86.69
479
3 17 9 42 265.12
1465
4 17 10 47 228.93
1265
5 9 0 19 204.32
1129
6 22 8 43 133.74
739
7 11 1 39 247.03
1365
8 16 7 48 291.54
1611
9 24 6 47 462.38
2555
10 20 3 41 342.04
1890
11 12 0 44 254.45
1406
12 4 1 28 51.94
287
13 9 13 48 846.22
4676
14 6 2 17 261.14
1443
15 3 20 42 125.59
694
16 7 0 23 923.31
5102
17 5 1 41 233.27
1289
18 18 1 38 585.08
3233
19 7 33 48 422.57
2335
20 21 17 45 239.79
1325
21 5 0 42 32.39
179
22 7 12 26 191.65
1059
23 21 18 47 40.54
224
24 32 14 48 433.79
2397
