30
1
5
0 170 0.1 0.1
5527
1 120 0.1 0.1
5499
2 190 0.1 0.0
5516
3 130 0.0 0.1
5468
4 170 0.1 0.1
5439
25
0 6 3 20 47.36
260
1 16 2 22 414.05
2273
2 29 2 38 33.70
185
3 9 36 47 497.67
2732
4 27 16 48 586.56
3220
5 15 1 43 314.23
1725
6 8 3 46 200.56
1101
7 6 3 33 463.79
2546
8 4 5 47 376.53
2067
9 22 12 46 93.81
515
10 5 2 23 37.34
205
11 9 38 47 89.26
490
12 20 20 47 348.48
1913
13 1 9 30 435.00
2388
14 10 33 48 183.62
1008
15 8 0 48 64.67
355
16 9 21 47 506.05
2778
17 5 32 48 511.88
2810
18 9 32 48 90.90
499
19 21 4 38 145.00
796
20 24 1 40 469.25
2576
21 18 25 48 149.92
823
22 16 2 31 448.12
2460
23 32 1 39 663.07
3640
24 5 14 45 392.01
2152
