30
1
5
0 130 0.0 0.1
5431
1 150 0.1 0.1
5534
2 190 0.1 0.0
5457
3 170 0.1 0.1
5420
4 130 0.0 0.1
5441
25
0 2 12 42 344.37
1879
1 13 20 42 78.99
431
2 24 11 42 665.65
3632
3 27 8 47 432.89
2362
4 27 0 43 123.89
676
5 4 0 8 256.95
1402
6 3 0 6 120.96
660
7 29 7 46 293.79
1603
8 3 32 44 99.70
544
9 5 8 48 182.72
997
10 29 11 46 128.84
703
11 2 3 28 329.53
1798
12 15 6 45 99.70
544
13 33 3 46 204.17
1114
14 16 0 20 166.05
906
15 5 37 47 244.85
1336
16 4 23 48 618.92
3377
17 16 25 47 321.46
1754
18 3 2 47 243.94
1331
19 3 17 42 218.83
1194
20 2 29 48 133.97
731
21 23 19 47 346.21
1889
22 14 3 21 158.90
867
23 21 8 47 176.86
965
24 18 24 48 326.78
1783
