30
1
5
0 120 0.1 0.1
5485
1 150 0.1 0.1
5443
2 190 0.1 0.0
5607
3 150 0.1 0.1
5630
4 120 0.1 0.1
5493
25
0 32 7 47 23.32
129
1 22 2 43 15.55
86
2 26 5 41 117.17
648
3 1 16 48 110.48
611
4 5 20 48 487.65
2697
5 3 0 26 92.94
514
6 1 31 48 734.27
4061
7 2 1 11 28.75
159
8 29 2 48 871.87
4822
9 3 18 38 301.59
1668
10 5 28 47 118.43
655
11 2 4 44 86.79
480
12 1 22 47 149.17
825
13 30 13 46 309.19
1710
14 21 17 47 349.51
1933
15 41 4 47 148.63
822
16 13 1 15 222.04
1228
17 5 0 30 23.51
130
18 4 0 9 533.39
2950
19 1 30 44 7.41
41
20 7 40 48 8.86
49
21 19 0 46 50.81
281
22 5 1 37 882.00
4878
23 5 24 48 220.23
1218
24 37 1 43 465.23
2573
