30
1
5
0 170 0.1 0.1
5580
1 130 0.0 0.1
5361
2 130 0.0 0.1
5378
3 190 0.1 0.0
5523
4 170 0.1 0.1
5506
25
0 8 17 47 489.74
2678
1 18 0 40 41.15
225
2 13 4 45 356.05
1947
3 20 8 46 429.20
2347
4 3 22 42 384.22
2101
5 4 19 43 151.60
829
6 7 4 41 44.80
245
7 25 4 46 302.84
1656
8 15 17 38 322.41
1763
9 7 38 48 141.00
771
10 3 2 32 121.43
664
11 3 6 42 244.68
1338
12 19 0 45 276.69
1513
13 22 22 48 104.24
570
14 41 5 48 150.14
821
15 32 1 43 767.70
4198
16 18 25 48 10.24
56
17 5 0 9 683.40
3737
18 21 0 22 149.22
816
19 20 4 33 17.92
98
20 20 2 28 62.18
340
21 12 13 47 343.07
1876
22 11 23 48 188.54
1031
23 12 3 48 521.19
2850
24 2 36 48 363.55
1988
