30
1
5
0 120 0.1 0.1
5482
1 130 0.0 0.1
5459
2 150 0.1 0.1
5624
3 130 0.0 0.1
5532
4 120 0.1 0.1
5584
25
0 12 1 45 539.97
2989
1 2 0 33 288.86
1599
2 3 0 8 701.83
3885
3 20 7 45 184.45
1021
4 2 0 41 532.02
2945
5 26 12 47 34.69
192
6 8 9 25 67.38
373
7 17 0 46 66.48
368
8 17 4 48 56.72
314
9 14 32 48 201.61
1116
10 22 22 47 184.99
1024
11 12 9 48 142.71
790
12 2 1 24 214.98
1190
13 25 0 48 572.85
3171
14 30 5 48 655.04
3626
15 39 0 47 150.12
831
16 12 6 41 127.72
707
17 44 3 47 448.02
2480
18 11 24 46 359.50
1990
19 24 0 28 754.94
4179
20 8 4 40 52.57
291
21 1 23 48 277.30
1535
22 5 0 27 195.28
1081
23 6 0 19 483.78
2678
24 1 15 35 501.13
2774
