30
1
5
0 190 0.1 0.0
5593
1 130 0.0 0.1
5709
2 190 0.1 0.0
5343
3 130 0.0 0.1
5339
4 150 0.1 0.1
5574
25
0 17 23 48 483.87
2665
1 24 16 48 450.10
2479
2 33 7 48 137.44
757
3 7 39 47 413.42
2277
4 1 37 48 85.88
473
5 9 0 25 769.65
4239
6 9 0 41 210.61
1160
7 25 11 48 378.20
2083
8 25 16 47 149.43
823
9 7 26 48 394.72
2174
10 2 35 41 439.02
2418
11 5 2 12 288.14
1587
12 12 1 44 83.34
459
13 12 0 36 125.64
692
14 20 6 47 286.51
1578
15 5 0 48 574.11
3162
16 4 1 31 182.84
1007
17 9 0 34 132.91
732
18 26 12 47 309.75
1706
19 30 1 47 135.45
746
20 3 17 43 66.63
367
21 3 8 24 318.28
1753
22 24 6 48 362.22
1995
23 26 2 42 100.41
553
24 13 22 47 212.07
1168
