30
1
5
0 170 0.1 0.1
5351
1 150 0.1 0.1
5624
2 130 0.0 0.1
5680
3 120 0.1 0.1
5503
4 190 0.1 0.0
5417
25
0 4 24 48 643.66
3548
1 2 42 48 353.58
1949
2 15 11 32 12.88
71
3 24 10 45 339.97
1874
4 19 1 36 236.02
1301
5 10 0 44 12.52
69
6 9 8 45 309.67
1707
7 16 13 48 489.27
2697
8 23 2 30 718.40
3960
9 9 6 29 106.85
589
10 34 2 38 293.16
1616
11 8 22 48 130.07
717
12 41 0 41 488.73
2694
13 21 2 42 128.26
707
14 1 0 39 164.36
906
15 4 4 48 554.40
3056
16 32 7 48 171.98
948
17 3 11 48 500.16
2757
18 15 8 48 11.61
64
19 22 4 36 124.09
684
20 8 2 33 38.64
213
21 11 3 27 295.89
1631
22 12 35 47 218.97
1207
23 29 0 31 494.35
2725
24 14 2 24 44.27
244
