30
1
5
0 170 0.1 0.1
5592
1 120 0.1 0.1
5634
2 130 0.0 0.1
5420
3 150 0.1 0.1
5507
4 190 0.1 0.0
5614
25
0 16 10 46 532.04
2954
1 12 4 47 87.71
487
2 15 10 35 250.53
1391
3 14 2 35 451.35
2506
4 15 17 48 66.82
371
5 1 41 47 334.10
1855
6 38 7 46 192.35
1068
7 2 0 19 200.64
1114
8 22 15 47 142.10
789
9 17 13 48 348.69
1936
10 29 7 48 340.58
1891
11 22 6 47 277.00
1538
12 6 4 42 79.61
442
13 27 7 47 627.49
3484
14 27 2 46 43.77
243
15 15 0 32 697.01
3870
16 15 19 48 294.11
1633
17 13 7 48 20.89
116
18 1 5 20 286.37
1590
19 8 6 48 39.62
220
20 8 1 26 376.96
2093
21 2 13 23 101.94
566
22 17 1 39 169.30
940
23 16 0 39 608.22
3377
24 10 7 48 466.84
2592
