30
1
5
0 120 0.1 0.1
5439
1 120 0.1 0.1
5534
2 190 0.1 0.0
5472
3 130 0.0 0.1
5544
4 150 0.1 0.1
5447
25
0 8 35 47 48.12
264
1 22 1 29 169.86
932
2 21 12 43 41.55
228
3 12 13 47 328.60
1803
4 23 0 34 367.42
2016
5 41 0 44 58.32
320
6 24 11 48 11.48
63
7 14 6 47 486.25
2668
8 21 3 40 334.07
1833
9 20 15 47 612.92
3363
10 13 28 47 646.82
3549
11 11 2 27 52.67
289
12 13 0 43 0.91
5
13 8 20 48 837.46
4595
14 5 14 47 743.05
4077
15 21 4 42 374.53
2055
16 6 7 48 110.08
604
17 12 28 48 359.95
1975
18 2 4 48 462.20
2536
19 38 1 40 48.12
264
20 4 2 14 72.17
396
21 2 37 45 62.51
343
22 3 2 39 236.02
1295
23 19 8 37 48.12
264
24 3 17 33 516.87
2836
