30
1
5
0 150 0.1 0.1
5646
1 170 0.1 0.1
5338
2 150 0.1 0.1
5581
3 190 0.1 0.0
5405
4 130 0.0 0.1
5498
25
0 3 0 17 91.05
500
1 2 11 13 239.47
1315
2 9 18 47 263.87
1449
3 24 8 48 264.96
1455
4 3 17 46 90.69
498
5 8 0 19 549.78
3019
6 12 29 48 81.40
447
7 1 37 48 353.10
1939
8 15 0 41 617.70
3392
9 25 5 42 456.36
2506
10 23 15 48 256.95
1411
11 1 18 48 395.53
2172
12 3 0 8 248.21
1363
13 16 7 46 119.46
656
14 7 25 48 387.34
2127
15 15 13 47 109.99
604
16 21 17 47 131.30
721
17 27 4 43 388.25
2132
18 11 0 24 339.81
1866
19 25 7 46 77.40
425
20 5 10 48 416.29
2286
21 14 0 21 205.23
1127
22 11 0 23 119.28
655
23 3 13 47 398.45
2188
24 32 3 43 115.46
634
