30
1
5
0 120 0.1 0.1
5334
1 120 0.1 0.1
5641
2 130 0.0 0.1
5472
3 120 0.1 0.1
5540
4 190 0.1 0.0
5432
25
0 2 9 48 414.09
2270
1 18 24 48 45.06
247
2 9 0 21 279.65
1533
3 13 0 46 74.43
408
4 7 2 48 451.12
2473
5 2 24 47 25.36
139
6 4 6 41 76.80
421
7 9 16 38 56.37
309
8 6 13 44 67.68
371
9 20 9 43 583.56
3199
10 11 7 43 63.48
348
11 11 0 30 191.91
1052
12 8 33 47 73.70
404
13 5 2 24 508.40
2787
14 17 9 48 570.79
3129
15 12 20 47 219.09
1201
16 15 0 21 201.94
1107
17 7 25 47 265.97
1458
18 21 17 47 403.88
2214
19 6 0 23 543.43
2979
20 15 0 48 569.51
3122
21 9 3 48 204.31
1120
22 19 0 44 379.25
2079
23 6 27 47 362.65
1988
24 4 1 36 448.57
2459
