30
1
5
0 150 0.1 0.1
5581
1 190 0.1 0.0
5514
2 120 0.1 0.1
5311
3 170 0.1 0.1
5387
4 130 0.0 0.1
5460
25
0 40 2 44 362.27
1974
1 28 7 43 494.59
2695
2 6 0 36 353.46
1926
3 16 17 48 576.07
3139
4 5 13 42 503.58
2744
5 10 13 32 371.45
2024
6 13 0 39 895.03
4877
7 26 7 48 99.29
541
8 2 12 48 197.10
1074
9 6 0 27 409.44
2231
10 9 16 36 130.48
711
11 3 13 25 166.27
906
12 12 18 44 318.23
1734
13 5 0 26 283.72
1546
14 4 7 35 137.09
747
15 34 10 47 127.91
697
16 20 0 31 45.88
250
17 29 2 44 273.08
1488
18 3 40 47 602.87
3285
19 2 2 45 269.23
1467
20 15 12 47 276.57
1507
21 12 6 48 273.81
1492
22 26 21 47 16.33
89
23 21 26 47 603.23
3287
24 29 14 47 242.25
1320
