30
1
5
0 190 0.1 0.0
5624
1 150 0.1 0.1
5541
2 120 0.1 0.1
5516
3 170 0.1 0.1
5528
4 130 0.0 0.1
5636
25
0 12 2 32 248.00
1381
1 14 31 47 675.58
3762
2 13 5 47 397.41
2213
3 21 4 47 37.35
208
4 2 16 43 206.88
1152
5 6 1 19 143.84
801
6 4 11 37 161.80
901
7 24 18 47 607.70
3384
8 24 20 47 65.37
364
9 3 0 47 816.37
4546
10 16 29 47 531.74
2961
11 35 6 47 497.80
2772
12 4 0 4 90.69
505
13 21 0 38 262.19
1460
14 2 21 28 62.31
347
15 15 2 17 463.50
2581
16 3 0 6 5.57
31
17 3 0 17 67.16
374
18 14 2 47 245.67
1368
19 12 3 44 281.22
1566
20 42 5 47 5.03
28
21 18 2 27 71.65
399
22 20 20 47 257.34
1433
23 3 0 10 961.65
5355
24 4 3 32 124.27
692
