30
1
5
0 150 0.1 0.1
5556
1 130 0.0 0.1
5521
2 120 0.1 0.1
5571
3 150 0.1 0.1
5536
4 120 0.1 0.1
5380
25
0 18 9 40 76.92
424
1 10 0 46 330.19
1820
2 17 27 47 323.30
1782
3 29 5 42 495.65
2732
4 9 0 10 245.10
1351
5 19 3 34 65.13
359
6 6 14 47 425.26
2344
7 23 0 43 230.95
1273
8 17 5 47 189.77
1046
9 11 17 47 216.44
1193
10 7 0 44 378.09
2084
11 17 5 48 16.87
93
12 4 22 42 46.99
259
13 12 12 44 166.55
918
14 16 1 47 123.01
678
15 2 3 48 684.33
3772
16 32 1 36 71.48
394
17 18 7 48 9.62
53
18 34 12 48 322.57
1778
19 2 36 47 153.49
846
20 21 4 40 763.43
4208
21 17 7 48 58.42
322
22 8 19 47 180.15
993
23 4 3 15 297.72
1641
24 4 8 43 429.98
2370
