30
1
5
0 150 0.1 0.1
5276
1 130 0.0 0.1
5609
2 190 0.1 0.0
5478
3 170 0.1 0.1
5487
4 170 0.1 0.1
5520
25
0 7 0 16 168.32
921
1 8 7 37 50.44
276
2 21 18 45 349.06
1910
3 1 34 48 336.82
1843
4 5 5 39 40.75
223
5 6 29 47 715.67
3916
6 8 0 28 453.78
2483
7 11 17 48 377.39
2065
8 16 21 47 668.16
3656
9 3 1 19 259.51
1420
10 5 14 47 183.12
1002
11 13 25 47 163.02
892
12 10 6 43 143.46
785
13 1 33 48 43.68
239
14 16 2 44 476.81
2609
15 7 38 47 50.26
275
16 25 0 39 282.18
1544
17 28 5 48 155.53
851
18 24 5 42 752.04
4115
19 20 6 48 477.72
2614
20 4 0 39 225.70
1235
21 7 11 48 504.59
2761
22 10 14 48 116.23
636
23 16 1 38 660.11
3612
24 18 0 39 73.83
404
