30
1
5
0 150 0.1 0.1
5466
1 150 0.1 0.1
5595
2 170 0.1 0.1
5439
3 170 0.1 0.1
5439
4 120 0.1 0.1
5495
25
0 5 8 39 393.17
2157
1 2 38 47 422.33
2317
2 18 23 48 221.10
1213
3 1 2 39 308.23
1691
4 26 1 47 119.39
655
5 15 8 44 100.07
549
6 7 14 38 67.62
371
7 44 3 48 73.46
403
8 5 0 17 781.60
4288
9 3 0 47 431.26
2366
10 8 0 45 216.91
1190
11 2 0 15 74.55
409
12 28 3 48 432.18
2371
13 2 0 32 906.64
4974
14 24 0 48 326.64
1792
15 13 14 31 191.94
1053
16 21 24 48 216.73
1189
17 5 1 36 95.33
523
18 1 2 36 400.82
2199
19 15 23 45 240.79
1321
20 12 15 29 285.08
1564
21 16 0 45 291.82
1601
22 30 15 47 513.65
2818
23 25 8 44 438.92
2408
24 15 14 39 418.50
2296
