30
1
5
0 150 0.1 0.1
5565
1 150 0.1 0.1
5623
2 150 0.1 0.1
5567
3 190 0.1 0.0
5470
4 190 0.1 0.0
5460
25
0 1 18 31 494.01
2735
1 12 4 48 615.94
3410
2 33 0 42 339.22
1878
3 2 1 45 95.91
531
4 14 8 45 234.45
1298
5 15 16 48 806.86
4467
6 5 6 44 81.46
451
7 25 14 47 280.15
1551
8 16 16 47 7.95
44
9 3 0 39 231.20
1280
10 8 20 37 825.10
4568
11 35 0 43 148.47
822
12 7 0 47 397.74
2202
13 14 3 48 246.74
1366
14 13 7 48 911.98
5049
15 1 3 32 288.10
1595
16 17 18 48 42.63
236
17 18 3 47 54.19
300
18 26 1 42 194.90
1079
19 10 29 47 121.92
675
20 1 0 34 220.73
1222
21 27 1 32 395.39
2189
22 5 0 24 337.95
1871
23 25 3 40 531.40
2942
24 16 23 47 97.90
542
