30
1
5
0 120 0.1 0.1
5577
1 130 0.0 0.1
5582
2 170 0.1 0.1
5412
3 150 0.1 0.1
5416
4 190 0.1 0.0
5454
25
0 21 10 41 17.50
96
1 5 4 48 535.80
2940
2 4 8 48 461.26
2531
3 19 0 42 5.10
28
4 5 21 47 177.87
976
5 13 1 48 482.04
2645
6 3 9 48 103.33
567
7 16 3 46 750.12
4116
8 4 22 44 182.43
1001
9 26 8 44 10.57
58
10 26 0 34 119.55
656
11 3 28 47 743.01
4077
12 8 30 47 531.06
2914
13 12 25 41 4.19
23
14 30 1 37 135.59
744
15 24 2 34 767.43
4211
16 39 0 46 606.33
3327
17 9 25 48 65.79
361
18 19 2 36 46.29
254
19 27 8 48 847.43
4650
20 9 12 48 847.80
4652
21 8 1 47 56.68
311
22 2 4 47 7.11
39
23 13 0 36 54.49
299
24 3 6 48 760.69
4174
