30
1
5
0 130 0.0 0.1
5433
1 170 0.1 0.1
5500
2 150 0.1 0.1
5557
3 190 0.1 0.0
5542
4 190 0.1 0.0
5329
25
0 22 6 46 683.25
3738
1 3 2 31 772.27
4225
2 14 2 37 543.42
2973
3 8 19 44 731.14
4000
4 6 8 47 573.40
3137
5 2 12 30 102.73
562
6 9 4 48 634.63
3472
7 16 10 42 282.40
1545
8 24 7 39 325.17
1779
9 13 32 48 13.53
74
10 14 1 44 9.32
51
11 5 2 48 27.60
151
12 14 0 46 594.96
3255
13 15 17 47 69.28
379
14 16 26 48 168.16
920
15 4 13 27 812.84
4447
16 31 0 48 148.60
813
17 3 17 34 400.66
2192
18 4 0 36 382.02
2090
19 14 2 47 213.13
1166
20 16 4 37 72.38
396
21 26 13 48 611.96
3348
22 15 10 29 108.03
591
23 3 1 31 10.42
57
24 21 3 47 590.40
3230
