30
1
5
0 130 0.0 0.1
5541
1 150 0.1 0.1
5492
2 170 0.1 0.1
5597
3 130 0.0 0.1
5594
4 190 0.1 0.0
5357
25
0 14 11 43 421.78
2326
1 11 28 48 87.95
485
2 23 24 47 63.65
351
3 15 0 22 110.07
607
4 24 1 44 85.41
471
5 11 6 24 91.03
502
6 10 1 28 131.28
724
7 4 2 46 3.08
17
8 9 4 20 115.69
638
9 34 3 47 5.62
31
10 10 11 48 732.40
4039
11 11 15 37 370.10
2041
12 1 40 47 82.51
455
13 13 3 25 198.38
1094
14 23 5 48 84.68
467
15 3 12 23 124.94
689
16 5 0 30 301.55
1663
17 13 0 40 605.83
3341
18 39 0 48 569.38
3140
19 20 1 48 98.10
541
20 6 0 48 693.96
3827
21 9 1 28 617.25
3404
22 29 0 47 178.07
982
23 7 0 33 324.58
1790
24 1 30 48 246.97
1362
