30
1
5
0 190 0.1 0.0
5610
1 190 0.1 0.0
5431
2 150 0.1 0.1
5417
3 130 0.0 0.1
5350
4 130 0.0 0.1
5449
25
0 19 1 31 31.38
171
1 10 15 48 207.89
1133
2 28 3 39 405.13
2208
3 11 26 47 338.71
1846
4 8 26 47 658.52
3589
5 16 24 48 660.73
3601
6 4 28 48 520.54
2837
7 12 1 31 655.41
3572
8 8 21 48 468.62
2554
9 21 5 28 359.45
1959
10 16 20 48 245.69
1339
11 6 37 48 115.23
628
12 20 1 24 513.02
2796
13 19 7 30 256.51
1398
14 2 0 30 61.10
333
15 32 7 48 91.38
498
16 18 0 37 33.39
182
17 5 36 47 506.42
2760
18 34 0 40 72.84
397
19 19 21 48 24.40
133
20 35 2 43 707.33
3855
21 7 2 47 58.53
319
22 13 3 44 117.06
638
23 8 27 48 197.80
1078
24 9 26 42 151.74
827
