30
1
5
0 130 0.0 0.1
5562
1 150 0.1 0.1
5521
2 170 0.1 0.1
5442
3 150 0.1 0.1
5460
4 150 0.1 0.1
5404
25
0 21 1 41 900.27
4931
1 16 6 47 289.02
1583
2 1 0 7 24.10
132
3 16 21 48 491.31
2691
4 16 1 35 228.95
1254
5 16 1 24 33.59
184
6 12 3 30 232.78
1275
7 30 4 44 430.69
2359
8 1 0 42 377.56
2068
9 3 33 47 25.74
141
10 3 14 45 267.11
1463
11 8 0 27 680.09
3725
12 9 2 40 153.00
838
13 17 4 48 175.64
962
14 14 14 48 304.35
1667
15 10 23 47 736.51
4034
16 8 2 46 119.40
654
17 17 26 48 692.69
3794
18 4 14 46 100.60
551
19 12 14 47 267.47
1465
20 20 5 44 249.40
1366
21 13 1 18 365.15
2000
22 25 3 36 25.74
141
23 9 2 47 208.50
1142
24 17 22 47 324.43
1777
