30
1
5
0 130 0.0 0.1
5499
1 150 0.1 0.1
5544
2 120 0.1 0.1
5589
3 130 0.0 0.1
5505
4 190 0.1 0.0
5389
25
0 14 9 29 271.96
1497
1 13 4 48 680.37
3745
2 24 13 48 83.02
457
3 16 9 30 261.61
1440
4 24 5 43 221.46
1219
5 25 0 38 159.51
878
6 20 14 48 60.13
331
7 23 4 45 317.02
1745
8 22 4 32 417.48
2298
9 14 1 40 36.52
201
10 15 8 47 676.37
3723
11 5 0 15 330.28
1818
12 10 18 48 573.36
3156
13 2 40 47 181.31
998
14 35 8 45 503.23
2770
15 7 21 36 305.57
1682
16 22 6 48 148.79
819
17 13 2 25 137.16
755
18 2 5 37 48.69
268
19 17 20 48 178.58
983
20 2 0 41 106.10
584
21 3 37 47 493.42
2716
22 16 2 33 559.01
3077
23 15 20 48 183.67
1011
24 3 2 47 613.69
3378
