30
1
5
0 130 0.0 0.1
5400
1 130 0.0 0.1
5495
2 120 0.1 0.1
5416
3 190 0.1 0.0
5686
4 150 0.1 0.1
5495
25
0 11 27 47 285.09
1567
1 15 10 48 798.14
4387
2 7 5 46 53.49
294
3 6 11 40 314.56
1729
4 14 3 31 504.68
2774
5 8 34 47 237.06
1303
6 18 2 37 57.85
318
7 11 0 24 827.61
4549
8 28 10 40 498.68
2741
9 10 19 43 12.01
66
10 2 45 48 40.75
224
11 21 7 48 290.18
1595
12 4 25 44 308.92
1698
13 4 2 47 212.68
1169
14 9 28 48 32.57
179
15 24 17 47 692.25
3805
16 24 1 35 416.44
2289
17 10 7 48 475.21
2612
18 10 15 47 191.21
1051
19 17 2 39 303.83
1670
20 15 0 32 10.73
59
21 10 33 47 452.47
2487
22 19 5 47 74.05
407
23 10 32 48 49.49
272
24 4 23 47 169.56
932
