30
1
5
0 150 0.1 0.1
5421
1 190 0.1 0.0
5623
2 150 0.1 0.1
5418
3 150 0.1 0.1
5301
4 170 0.1 0.1
5519
25
0 12 1 35 826.14
4506
1 41 0 45 296.47
1617
2 15 2 39 9.90
54
3 16 1 44 209.74
1144
4 3 5 33 210.29
1147
5 18 0 47 345.78
1886
6 15 7 42 22.37
122
7 10 13 48 203.14
1108
8 23 1 38 181.51
990
9 25 10 48 95.34
520
10 4 8 47 395.10
2155
11 16 15 48 568.91
3103
12 2 45 48 107.81
588
13 8 0 13 335.15
1828
14 16 25 48 142.64
778
15 23 1 45 423.89
2312
16 3 1 20 37.04
202
17 4 39 47 214.33
1169
18 3 44 47 256.68
1400
19 12 0 17 456.89
2492
20 14 5 48 45.84
250
21 18 5 46 240.36
1311
22 25 1 26 71.87
392
23 5 0 47 552.41
3013
24 22 12 46 239.63
1307
