30
1
5
0 130 0.0 0.1
5529
1 120 0.1 0.1
5415
2 120 0.1 0.1
5469
3 150 0.1 0.1
5383
4 130 0.0 0.1
5496
25
0 33 12 47 146.58
800
1 15 19 47 283.81
1549
2 28 1 43 607.56
3316
3 23 2 48 281.98
1539
4 8 2 41 213.64
1166
5 8 18 34 128.80
703
6 3 9 46 525.11
2866
7 12 2 38 102.60
560
8 8 2 29 514.67
2809
9 27 0 47 485.54
2650
10 21 1 48 4.58
25
11 3 43 48 283.44
1547
12 7 0 12 644.76
3519
13 12 12 38 125.51
685
14 23 13 47 479.12
2615
15 5 0 16 520.35
2840
16 37 10 47 749.74
4092
17 4 36 48 37.56
205
18 20 15 36 480.96
2625
19 1 0 47 691.84
3776
20 7 0 39 589.97
3220
21 6 0 29 65.59
358
22 8 6 47 469.78
2564
23 13 32 48 717.68
3917
24 1 39 48 45.62
249
