30
1
5
0 150 0.1 0.1
5419
1 170 0.1 0.1
5581
2 170 0.1 0.1
5658
3 130 0.0 0.1
5461
4 130 0.0 0.1
5522
25
0 17 3 47 143.84
795
1 7 24 48 431.53
2385
2 32 8 44 290.40
1605
3 30 10 47 89.20
493
4 33 9 48 26.24
145
5 14 4 39 267.78
1480
6 21 11 41 237.75
1314
7 13 34 47 325.14
1797
8 25 1 35 309.22
1709
9 3 0 8 28.59
158
10 15 0 47 390.27
2157
11 2 33 47 943.75
5216
12 6 2 13 126.83
701
13 6 1 24 785.61
4342
14 13 34 47 473.14
2615
15 11 9 20 136.06
752
16 10 11 48 233.40
1290
17 20 10 36 331.11
1830
18 27 17 48 89.20
493
19 1 42 47 491.78
2718
20 12 0 48 421.76
2331
21 7 0 41 122.67
678
22 2 40 47 49.58
274
23 9 28 47 130.45
721
24 7 0 34 768.60
4248
