30
1
5
0 150 0.1 0.1
5477
1 150 0.1 0.1
5358
2 130 0.0 0.1
5648
3 120 0.1 0.1
5477
4 190 0.1 0.0
5565
25
0 11 24 47 301.82
1661
1 3 15 47 226.05
1244
2 23 4 48 290.37
1598
3 17 2 41 376.14
2070
4 11 7 46 176.08
969
5 19 5 37 171.35
943
6 30 4 46 60.87
335
7 20 7 47 328.89
1810
8 9 32 48 9.09
50
9 7 16 32 380.14
2092
10 25 17 48 257.85
1419
11 4 0 20 158.09
870
12 6 21 47 238.58
1313
13 3 3 47 240.04
1321
14 3 0 43 346.70
1908
15 3 20 46 795.53
4378
16 37 2 46 601.10
3308
17 21 0 45 248.03
1365
18 11 7 47 445.73
2453
19 7 1 34 98.85
544
20 3 0 46 388.86
2140
21 5 3 47 52.70
290
22 18 18 48 213.87
1177
23 5 41 48 687.59
3784
24 2 36 48 572.57
3151
