30
1
5
0 150 0.1 0.1
5608
1 120 0.1 0.1
5481
2 130 0.0 0.1
5384
3 190 0.1 0.0
5487
4 130 0.0 0.1
5443
25
0 3 6 26 66.43
364
1 21 24 48 230.86
1265
2 18 3 29 183.04
1003
3 8 2 19 142.16
779
4 14 7 33 103.11
565
5 10 6 42 109.50
600
6 2 6 25 81.03
444
7 4 0 29 174.83
958
8 5 2 43 608.62
3335
9 16 5 41 676.51
3707
10 3 3 21 187.60
1028
11 19 5 43 470.84
2580
12 27 9 47 663.55
3636
13 31 3 48 201.11
1102
14 5 1 22 240.53
1318
15 11 7 47 60.04
329
16 4 8 47 95.99
526
17 24 10 47 154.76
848
18 10 1 29 504.23
2763
19 27 6 45 72.63
398
20 4 4 18 459.34
2517
21 4 1 5 508.25
2785
22 15 2 25 399.66
2190
23 21 22 47 99.64
546
24 29 7 47 191.25
1048
