30
1
5
0 130 0.0 0.1
5514
1 130 0.0 0.1
5642
2 150 0.1 0.1
5501
3 190 0.1 0.0
5432
4 120 0.1 0.1
5449
25
0 19 27 48 626.70
3451
1 3 1 14 118.58
653
2 17 0 30 111.50
614
3 15 2 38 200.67
1105
4 7 1 34 313.99
1729
5 4 6 31 292.74
1612
6 17 3 44 4.00
22
7 5 7 47 161.44
889
8 15 1 39 532.81
2934
9 2 27 42 199.76
1100
10 1 0 11 55.21
304
11 32 10 48 221.73
1221
12 28 7 47 87.53
482
13 21 0 47 142.37
784
14 6 1 31 505.03
2781
15 20 4 36 113.50
625
16 17 8 37 422.95
2329
17 34 4 46 361.56
1991
18 34 4 48 115.32
635
19 3 0 34 489.59
2696
20 7 36 48 804.49
4430
21 17 8 47 282.21
1554
22 14 7 44 277.48
1528
23 4 3 38 347.04
1911
24 19 18 47 461.08
2539
