30
1
5
0 150 0.1 0.1
5582
1 190 0.1 0.0
5418
2 130 0.0 0.1
5591
3 170 0.1 0.1
5510
4 170 0.1 0.1
5592
25
0 2 7 45 142.48
789
1 1 20 47 292.36
1619
2 10 2 48 195.21
1081
3 25 1 31 374.88
2076
4 16 21 47 801.23
4437
5 6 2 19 362.96
2010
6 7 34 48 264.91
1467
7 12 6 39 108.89
603
8 2 2 42 338.04
1872
9 20 0 30 208.57
1155
10 8 15 48 104.37
578
11 15 1 40 274.84
1522
12 1 19 47 683.67
3786
13 5 1 37 247.57
1371
14 28 2 47 323.96
1794
15 20 11 48 309.51
1714
16 18 15 47 317.46
1758
17 18 12 48 358.63
1986
18 17 4 46 176.06
975
19 23 4 35 17.15
95
20 17 5 41 68.26
378
21 10 8 48 493.16
2731
22 13 26 48 16.43
91
23 16 0 47 407.38
2256
24 23 0 40 543.18
3008
