30
1
5
0 170 0.1 0.1
5565
1 150 0.1 0.1
5476
2 130 0.0 0.1
5552
3 190 0.1 0.0
5581
4 130 0.0 0.1
5519
25
0 16 18 43 96.96
537
1 8 37 48 259.46
1437
2 5 18 33 103.10
571
3 19 7 39 217.75
1206
4 11 3 43 608.85
3372
5 13 2 46 47.85
265
6 11 14 32 18.96
105
7 3 1 48 674.57
3736
8 4 39 48 349.74
1937
9 6 37 48 473.07
2620
10 16 1 48 25.10
139
11 15 25 43 129.28
716
12 10 6 47 76.92
426
13 4 43 48 603.97
3345
14 8 1 17 181.28
1004
15 13 0 37 446.16
2471
16 18 28 47 727.47
4029
17 20 5 39 602.53
3337
18 12 8 30 565.15
3130
19 9 7 16 83.42
462
20 28 13 45 565.87
3134
21 4 1 41 525.07
2908
22 29 4 48 159.79
885
23 40 4 48 136.86
758
24 23 1 46 701.65
3886
