30
1
5
0 190 0.1 0.0
5398
1 170 0.1 0.1
5312
2 120 0.1 0.1
5670
3 170 0.1 0.1
5494
4 150 0.1 0.1
5400
25
0 23 13 48 269.80
1471
1 11 0 20 512.46
2794
2 17 4 32 130.96
714
3 29 4 47 331.43
1807
4 12 0 27 147.10
802
5 26 8 47 76.12
415
6 5 5 47 334.37
1823
7 24 12 39 21.09
115
8 30 1 48 234.22
1277
9 4 0 32 365.91
1995
10 7 35 47 101.80
555
11 10 0 10 402.96
2197
12 12 9 25 445.88
2431
13 20 15 43 114.08
622
14 8 26 47 372.33
2030
15 16 16 47 127.47
695
16 7 0 30 506.78
2763
17 19 7 48 135.54
739
18 14 4 47 514.85
2807
19 4 1 24 362.24
1975
20 1 0 14 66.21
361
21 26 1 38 183.60
1001
22 6 2 36 18.34
100
23 10 6 47 396.36
2161
24 18 20 47 180.11
982
