30
1
5
0 190 0.1 0.0
5582
1 130 0.0 0.1
5493
2 130 0.0 0.1
5476
3 190 0.1 0.0
5567
4 190 0.1 0.0
5428
25
0 1 11 47 216.03
1190
1 13 21 48 33.40
184
2 4 7 48 372.69
2053
3 7 0 43 565.48
3115
4 5 0 43 554.04
3052
5 35 8 46 499.40
2751
6 4 34 46 412.63
2273
7 6 4 47 320.59
1766
8 14 3 44 25.60
141
9 2 0 23 55.37
305
10 16 11 48 188.25
1037
11 12 19 48 149.22
822
12 3 27 45 119.63
659
13 21 6 36 40.48
223
14 2 1 22 116.55
642
15 12 0 45 254.87
1404
16 38 2 45 312.06
1719
17 37 4 47 69.35
382
18 26 12 48 285.74
1574
19 31 1 46 728.32
4012
20 1 40 47 510.84
2814
21 23 2 36 26.69
147
22 18 14 40 107.65
593
23 32 6 48 444.21
2447
24 37 2 46 345.82
1905
