30
1
5
0 190 0.1 0.0
5505
1 170 0.1 0.1
5499
2 170 0.1 0.1
5363
3 120 0.1 0.1
5469
4 150 0.1 0.1
5483
25
0 2 14 48 397.93
2174
1 15 30 48 865.41
4728
2 14 0 39 130.32
712
3 11 34 47 52.35
286
4 33 6 47 225.50
1232
5 7 19 40 275.84
1507
6 5 12 42 99.21
542
7 6 0 36 154.85
846
8 16 3 23 365.71
1998
9 9 25 48 93.72
512
10 19 10 43 134.17
733
11 18 9 46 117.69
643
12 28 1 43 518.18
2831
13 35 0 44 265.04
1448
14 1 0 39 203.54
1112
15 9 8 34 128.86
704
16 5 0 27 227.52
1243
17 29 1 48 385.48
2106
18 21 15 48 500.80
2736
19 6 30 48 199.51
1090
20 4 29 48 377.24
2061
21 2 41 48 211.96
1158
22 25 0 39 47.96
262
23 1 0 14 291.95
1595
24 10 0 31 632.95
3458
