30
1
5
0 190 0.1 0.0
5595
1 190 0.1 0.0
5378
2 190 0.1 0.0
5494
3 150 0.1 0.1
5552
4 120 0.1 0.1
5524
25
0 12 8 48 657.45
3621
1 15 13 41 262.36
1445
2 8 15 24 39.94
220
3 13 2 17 654.19
3603
4 17 0 19 677.61
3732
5 14 0 37 223.15
1229
6 33 1 36 145.07
799
7 10 1 42 501.85
2764
8 3 0 13 20.15
111
9 14 12 48 86.43
476
10 24 19 48 426.68
2350
11 18 0 22 147.43
812
12 37 3 47 33.41
184
13 1 0 10 817.23
4501
14 4 0 12 880.05
4847
15 22 20 47 33.77
186
16 7 11 47 54.83
302
17 22 2 28 102.95
567
18 23 17 48 101.86
561
19 25 10 48 130.18
717
20 10 1 32 43.94
242
21 11 6 28 24.15
133
22 8 4 47 264.36
1456
23 18 16 47 699.76
3854
24 3 27 40 633.49
3489
