30
1
5
0 190 0.1 0.0
5514
1 120 0.1 0.1
5573
2 150 0.1 0.1
5467
3 190 0.1 0.0
5648
4 150 0.1 0.1
5452
25
0 41 0 48 9.58
53
1 23 16 39 338.53
1872
2 7 0 43 724.61
4007
3 18 6 44 394.95
2184
4 24 4 48 402.00
2223
5 6 4 48 127.85
707
6 34 0 48 106.69
590
7 12 0 21 125.68
695
8 9 3 38 686.45
3796
9 7 1 18 177.58
982
10 16 5 47 411.22
2274
11 7 1 29 433.83
2399
12 11 2 16 61.48
340
13 33 11 48 42.13
233
14 5 3 48 597.30
3303
15 26 12 43 228.76
1265
16 1 36 47 831.49
4598
17 27 3 47 134.90
746
18 6 18 47 224.42
1241
19 30 6 41 260.59
1441
20 1 36 48 10.67
59
21 5 16 48 630.21
3485
22 5 20 47 318.63
1762
23 7 17 47 64.38
356
24 23 10 48 174.33
964
