30
1
5
0 130 0.0 0.1
5520
1 120 0.1 0.1
5386
2 130 0.0 0.1
5536
3 170 0.1 0.1
5685
4 120 0.1 0.1
5522
25
0 9 0 46 429.98
2377
1 1 0 47 990.92
5478
2 14 0 25 47.21
261
3 34 8 48 818.71
4526
4 6 0 35 539.78
2984
5 35 3 44 22.61
125
6 38 2 46 19.72
109
7 6 18 48 494.56
2734
8 11 1 46 484.43
2678
9 8 33 45 154.30
853
10 3 41 48 28.58
158
11 7 0 31 24.06
133
12 16 11 47 60.60
335
13 24 1 47 409.18
2262
14 24 9 47 5.61
31
15 10 4 41 641.26
3545
16 2 8 47 183.79
1016
17 42 1 46 133.50
738
18 19 10 47 257.05
1421
19 46 0 48 24.06
133
20 7 0 32 47.57
263
21 23 13 47 545.57
3016
22 11 0 27 7.96
44
23 1 24 47 23.33
129
24 3 33 47 422.56
2336
