30
1
5
0 190 0.1 0.0
5328
1 190 0.1 0.0
5557
2 130 0.0 0.1
5445
3 120 0.1 0.1
5462
4 150 0.1 0.1
5539
25
0 6 1 11 497.53
2719
1 3 1 16 306.31
1674
2 13 15 47 98.45
538
3 8 4 48 85.09
465
4 9 38 48 648.31
3543
5 38 5 46 92.22
504
6 7 0 21 2.38
13
7 3 1 26 241.17
1318
8 4 25 48 79.05
432
9 23 10 45 2.93
16
10 4 0 18 443.92
2426
11 10 22 45 120.95
661
12 12 1 30 516.20
2821
13 13 8 40 292.96
1601
14 26 6 47 298.81
1633
15 8 30 47 287.65
1572
16 18 10 47 88.20
482
17 5 4 28 259.29
1417
18 4 26 48 832.21
4548
19 16 0 39 88.20
482
20 21 20 48 481.61
2632
21 9 4 35 33.12
181
22 7 0 20 9.70
53
23 24 0 42 542.00
2962
24 30 1 48 6.04
33
