30
1
5
0 170 0.1 0.1
5518
1 170 0.1 0.1
5399
2 120 0.1 0.1
5502
3 130 0.0 0.1
5509
4 170 0.1 0.1
5453
25
0 1 16 21 176.41
966
1 6 6 28 221.15
1211
2 7 1 37 425.14
2328
3 8 3 47 126.74
694
4 23 7 48 213.30
1168
5 7 4 33 303.70
1663
6 26 2 47 265.53
1454
7 8 0 22 475.73
2605
8 26 10 47 111.58
611
9 5 17 47 694.14
3801
10 6 2 30 306.62
1679
11 6 0 40 277.22
1518
12 26 6 47 325.61
1783
13 9 22 48 132.58
726
14 5 39 48 211.47
1158
15 13 1 16 662.91
3630
16 18 10 41 409.98
2245
17 1 19 41 261.15
1430
18 26 21 47 393.00
2152
19 13 7 47 40.18
220
20 23 12 47 235.58
1290
21 11 5 28 133.13
729
22 4 5 21 175.86
963
23 6 2 14 187.19
1025
24 27 17 47 439.02
2404
