30
1
5
0 190 0.1 0.0
5411
1 190 0.1 0.0
5396
2 130 0.0 0.1
5451
3 120 0.1 0.1
5554
4 150 0.1 0.1
5546
25
0 13 0 46 123.38
675
1 24 19 48 111.87
612
2 20 15 38 99.44
544
3 4 7 42 450.03
2462
4 9 31 48 120.46
659
5 13 4 48 189.55
1037
6 25 2 47 108.94
596
7 7 12 48 493.53
2700
8 7 26 48 448.93
2456
9 8 6 22 317.50
1737
10 14 4 48 133.07
728
11 11 0 24 222.45
1217
12 3 0 29 222.27
1216
13 10 0 28 191.93
1050
14 26 3 44 557.87
3052
15 13 3 47 217.52
1190
16 2 0 20 403.42
2207
17 9 32 47 63.43
347
18 26 10 48 328.11
1795
19 21 14 48 281.86
1542
20 2 0 46 427.54
2339
21 23 1 47 582.55
3187
22 8 0 32 935.15
5116
23 20 26 47 470.68
2575
24 29 16 47 6.21
34
