30
1
5
0 130 0.0 0.1
5447
1 130 0.0 0.1
5629
2 150 0.1 0.1
5474
3 120 0.1 0.1
5510
4 190 0.1 0.0
5657
25
0 41 0 47 406.70
2254
1 4 3 47 503.06
2788
2 13 0 47 399.85
2216
3 7 31 47 285.09
1580
4 13 3 46 210.93
1169
5 7 5 42 115.30
639
6 5 0 42 420.42
2330
7 14 1 41 133.16
738
8 32 12 48 393.35
2180
9 18 8 48 127.57
707
10 2 13 47 192.71
1068
11 3 28 48 40.96
227
12 39 0 48 278.95
1546
13 36 3 47 291.40
1615
14 3 0 21 644.34
3571
15 1 10 48 196.49
1089
16 13 0 22 204.80
1135
17 12 35 48 70.37
390
18 6 9 21 318.29
1764
19 3 0 21 196.86
1091
20 16 4 48 258.75
1434
21 18 1 34 190.18
1054
22 13 2 28 184.23
1021
23 5 0 16 219.05
1214
24 43 0 46 167.81
930
