30
1
5
0 120 0.1 0.1
5540
1 170 0.1 0.1
5415
2 150 0.1 0.1
5624
3 120 0.1 0.1
5552
4 190 0.1 0.0
5517
25
0 13 3 32 872.89
4826
1 27 0 41 30.39
168
2 12 23 44 104.36
577
3 6 11 48 383.45
2120
4 22 23 45 304.59
1684
5 12 6 47 341.12
1886
6 14 17 44 272.57
1507
7 9 2 37 158.08
874
8 33 9 48 200.41
1108
9 2 0 30 135.83
751
10 4 10 24 26.05
144
11 18 0 25 212.34
1174
12 6 2 48 260.27
1439
13 9 11 47 394.66
2182
14 4 5 47 436.44
2413
15 18 21 47 18.45
102
16 6 2 44 472.98
2615
17 5 13 39 272.76
1508
18 15 0 36 18.09
100
19 10 13 47 39.79
220
20 28 18 47 23.33
129
21 2 16 48 192.09
1062
22 4 16 43 705.40
3900
23 22 8 48 728.37
4027
24 2 10 24 451.09
2494
