30
1
5
0 120 0.1 0.1
5460
1 130 0.0 0.1
5410
2 120 0.1 0.1
5526
3 170 0.1 0.1
5424
4 130 0.0 0.1
5537
25
0 3 0 37 243.65
1333
1 2 0 17 868.96
4754
2 31 8 48 108.57
594
3 2 0 42 309.82
1695
4 8 3 25 120.27
658
5 6 5 16 26.14
143
6 1 42 48 327.92
1794
7 25 20 48 251.15
1374
8 8 2 20 556.21
3043
9 1 9 12 81.16
444
10 21 20 47 444.72
2433
11 1 18 47 55.75
305
12 2 0 5 30.53
167
13 11 0 14 116.62
638
14 1 3 37 405.23
2217
15 35 3 48 169.26
926
16 34 8 48 456.60
2498
17 31 15 48 623.48
3411
18 9 0 29 678.86
3714
19 11 2 46 109.49
599
20 9 0 24 625.67
3423
21 9 0 19 367.21
2009
22 21 25 47 44.05
241
23 33 8 47 37.29
204
24 9 2 21 409.44
2240
