30
1
5
0 190 0.1 0.0
5457
1 190 0.1 0.0
5405
2 170 0.1 0.1
5641
3 130 0.0 0.1
5396
4 120 0.1 0.1
5594
25
0 27 16 48 326.37
1794
1 9 18 47 16.19
89
2 7 6 48 288.35
1585
3 10 24 47 34.38
189
4 10 0 14 47.48
261
5 18 6 44 524.85
2885
6 13 20 48 532.86
2929
7 4 0 9 527.22
2898
8 20 9 46 83.32
458
9 16 6 44 323.10
1776
10 23 8 48 27.11
149
11 10 5 38 382.95
2105
12 5 7 22 377.86
2077
13 3 1 21 38.75
213
14 21 6 36 35.48
195
15 4 3 30 99.69
548
16 6 0 26 143.72
790
17 8 5 15 183.74
1010
18 15 18 42 197.93
1088
19 9 32 48 371.67
2043
20 5 0 33 33.11
182
21 28 12 47 453.54
2493
22 5 5 33 54.76
301
23 4 0 46 851.77
4682
24 24 5 47 511.39
2811
