30
1
5
0 150 0.1 0.1
5327
1 150 0.1 0.1
5536
2 150 0.1 0.1
5538
3 130 0.0 0.1
5474
4 120 0.1 0.1
5696
25
0 39 0 47 81.46
449
1 5 0 18 743.52
4098
2 4 1 14 331.84
1829
3 2 4 24 92.89
512
4 2 44 48 238.59
1315
5 10 2 32 419.30
2311
6 18 8 46 985.55
5432
7 10 5 39 246.39
1358
8 23 12 47 483.70
2666
9 6 1 42 160.39
884
10 28 12 46 99.79
550
11 20 14 47 159.66
880
12 2 0 24 41.55
229
13 19 8 40 103.42
570
14 31 9 47 54.97
303
15 4 0 12 127.00
700
16 4 1 28 250.74
1382
17 21 15 47 311.89
1719
18 8 33 47 541.40
2984
19 32 0 35 15.42
85
20 2 14 47 93.80
517
21 40 0 47 618.69
3410
22 9 26 48 227.52
1254
23 4 6 44 379.38
2091
24 20 5 48 660.24
3639
