30
1
5
0 120 0.1 0.1
5385
1 130 0.0 0.1
5467
2 120 0.1 0.1
5510
3 150 0.1 0.1
5473
4 120 0.1 0.1
5572
25
0 34 1 40 326.42
1789
1 7 16 48 420.57
2305
2 3 1 27 603.75
3309
3 10 0 27 195.05
1069
4 19 0 33 448.30
2457
5 14 27 48 31.75
174
6 23 5 47 761.94
4176
7 10 2 12 306.16
1678
8 11 0 12 110.20
604
9 9 2 44 449.94
2466
10 3 1 48 93.05
510
11 19 10 45 342.47
1877
12 7 1 25 166.58
913
13 11 5 17 415.64
2278
14 3 22 44 426.59
2338
15 12 0 35 449.21
2462
16 3 17 44 246.68
1352
17 19 11 39 164.39
901
18 23 4 45 371.67
2037
19 28 5 42 228.25
1251
20 7 32 47 322.40
1767
21 9 0 46 200.70
1100
22 24 8 44 240.84
1320
23 15 4 47 179.72
985
24 11 26 48 718.52
3938
