30
1
5
0 120 0.1 0.1
5455
1 130 0.0 0.1
5561
2 130 0.0 0.1
5380
3 170 0.1 0.1
5441
4 170 0.1 0.1
5413
25
0 4 7 36 587.78
3203
1 12 3 41 536.03
2921
2 7 22 48 516.76
2816
3 24 13 47 405.56
2210
4 5 16 48 118.73
647
5 20 24 48 720.64
3927
6 20 20 47 291.60
1589
7 27 16 47 52.30
285
8 20 0 44 29.36
160
9 13 0 22 442.44
2411
10 1 38 47 834.42
4547
11 16 0 44 78.73
429
12 19 5 48 526.49
2869
13 4 10 40 540.98
2948
14 5 1 45 28.44
155
15 6 4 48 116.90
637
16 37 10 48 43.49
237
17 8 13 39 195.62
1066
18 38 4 46 467.76
2549
19 19 20 48 83.68
456
20 20 2 38 166.26
906
21 14 3 47 389.04
2120
22 1 34 48 117.26
639
23 16 9 47 229.39
1250
24 13 0 32 59.46
324
