30
1
5
0 150 0.1 0.1
5557
1 130 0.0 0.1
5691
2 120 0.1 0.1
5450
3 120 0.1 0.1
5393
4 130 0.0 0.1
5546
25
0 5 31 48 226.77
1253
1 4 10 39 508.01
2807
2 10 16 47 348.56
1926
3 3 2 16 521.04
2879
4 15 0 47 292.10
1614
5 4 11 44 252.83
1397
6 24 19 48 293.18
1620
7 9 5 37 2.90
16
8 33 1 40 261.51
1445
9 8 0 33 96.28
532
10 10 28 47 245.41
1356
11 8 6 33 180.44
997
12 5 0 15 307.30
1698
13 18 0 41 445.75
2463
14 4 34 43 273.10
1509
15 11 6 26 174.10
962
16 24 20 48 264.05
1459
17 9 33 47 54.47
301
18 10 21 43 361.96
2000
19 32 2 35 241.97
1337
20 16 14 47 2.35
13
21 20 2 47 103.52
572
22 24 2 46 97.00
536
23 26 0 40 210.30
1162
24 31 11 48 633.42
3500
