30
1
5
0 120 0.1 0.1
5499
1 120 0.1 0.1
5347
2 170 0.1 0.1
5530
3 170 0.1 0.1
5510
4 170 0.1 0.1
5411
25
0 24 1 43 29.50
161
1 6 25 48 890.72
4862
2 9 0 23 640.47
3496
3 39 1 47 287.26
1568
4 5 2 46 69.98
382
5 6 0 33 432.72
2362
6 13 6 47 428.14
2337
7 20 9 29 80.42
439
8 8 0 31 272.24
1486
9 25 10 42 214.71
1172
10 8 1 35 182.28
995
11 8 0 25 201.89
1102
12 29 0 38 393.33
2147
13 11 12 45 26.93
147
14 8 2 41 527.98
2882
15 16 3 36 165.43
903
16 7 3 43 203.72
1112
17 14 3 17 55.14
301
18 3 3 47 483.10
2637
19 12 12 30 329.39
1798
20 11 11 47 275.72
1505
21 18 3 35 335.62
1832
22 10 9 47 466.06
2544
23 20 12 47 74.20
405
24 19 8 48 221.86
1211
