30
1
5
0 150 0.1 0.1
5496
1 190 0.1 0.0
5657
2 150 0.1 0.1
5401
3 130 0.0 0.1
5462
4 130 0.0 0.1
5467
25
0 11 36 48 16.92
93
1 10 8 44 533.73
2933
2 11 1 21 103.36
568
3 20 0 40 44.77
246
4 7 15 47 538.64
2960
5 19 9 48 216.73
1191
6 9 12 43 219.46
1206
7 3 30 48 479.14
2633
8 19 4 28 520.45
2860
9 17 30 47 1.64
9
10 2 0 6 420.36
2310
11 19 18 48 79.89
439
12 12 3 26 212.36
1167
13 2 16 47 183.61
1009
14 11 2 20 1.64
9
15 6 0 13 105.18
578
16 14 1 47 236.93
1302
17 17 8 37 163.60
899
18 22 22 48 180.70
993
19 13 4 42 271.51
1492
20 13 25 47 32.57
179
21 11 8 46 172.88
950
22 3 41 48 266.41
1464
23 37 9 47 178.52
981
24 11 3 22 817.07
4490
