30
1
5
0 190 0.1 0.0
5488
1 130 0.0 0.1
5550
2 150 0.1 0.1
5394
3 120 0.1 0.1
5541
4 190 0.1 0.0
5463
25
0 2 13 48 227.46
1248
1 6 0 13 164.76
904
2 29 0 34 15.31
84
3 25 5 40 259.54
1424
4 3 32 48 628.99
3451
5 22 5 37 650.49
3569
6 6 0 44 624.25
3425
7 8 2 14 258.99
1421
8 30 10 48 236.58
1298
9 27 6 48 264.10
1449
10 6 7 44 82.38
452
11 32 2 39 163.85
899
12 32 10 44 248.42
1363
13 22 1 28 141.07
774
14 18 26 47 188.28
1033
15 29 0 41 532.57
2922
16 2 2 48 377.28
2070
17 13 14 48 709.36
3892
18 14 4 20 290.16
1592
19 26 2 30 87.85
482
20 41 4 45 199.03
1092
21 10 32 44 17.68
97
22 19 21 48 161.48
886
23 13 13 45 509.24
2794
24 7 17 32 387.67
2127
