30
1
5
0 170 0.1 0.1
5507
1 170 0.1 0.1
5589
2 130 0.0 0.1
5422
3 170 0.1 0.1
5453
4 130 0.0 0.1
5503
25
0 5 3 16 117.94
648
1 5 0 29 300.32
1650
2 14 3 32 524.55
2882
3 17 0 28 306.14
1682
4 8 0 11 48.23
265
5 20 0 23 121.22
666
6 3 1 48 34.76
191
7 8 25 48 102.29
562
8 17 8 44 87.36
480
9 19 1 38 146.34
804
10 11 6 31 42.77
235
11 17 3 24 411.52
2261
12 2 0 24 434.09
2385
13 19 25 47 431.54
2371
14 6 7 31 407.52
2239
15 21 0 46 532.38
2925
16 8 0 18 335.63
1844
17 25 4 47 418.44
2299
18 36 0 47 603.91
3318
19 5 2 31 528.19
2902
20 26 9 47 151.80
834
21 20 14 47 703.83
3867
22 10 33 47 171.45
942
23 8 9 20 204.94
1126
24 19 1 47 681.63
3745
