30
1
5
0 130 0.0 0.1
5563
1 130 0.0 0.1
5536
2 130 0.0 0.1
5577
3 170 0.1 0.1
5519
4 150 0.1 0.1
5421
25
0 1 13 47 283.20
1564
1 18 10 35 347.30
1918
2 23 5 48 39.84
220
3 2 0 24 473.32
2614
4 5 33 48 539.60
2980
5 1 20 47 84.38
466
6 23 18 48 515.15
2845
7 10 6 47 139.79
772
8 18 0 35 292.25
1614
9 16 11 48 288.45
1593
10 8 39 48 255.86
1413
11 6 23 48 15.93
88
12 38 2 42 484.91
2678
13 1 0 15 345.49
1908
14 8 25 48 246.62
1362
15 25 0 45 40.56
224
16 12 12 48 239.20
1321
17 5 1 41 339.69
1876
18 9 9 48 338.61
1870
19 26 9 48 178.18
984
20 7 3 47 124.22
686
21 5 1 15 442.54
2444
22 19 3 32 31.14
172
23 2 0 9 414.11
2287
24 17 0 42 374.10
2066
