30
1
5
0 130 0.0 0.1
5565
1 120 0.1 0.1
5451
2 150 0.1 0.1
5496
3 130 0.0 0.1
5451
4 150 0.1 0.1
5443
25
0 8 1 37 435.70
2388
1 15 8 47 664.68
3643
2 17 20 48 197.60
1083
3 10 8 33 112.39
616
4 5 3 27 248.87
1364
5 4 17 45 42.51
233
6 18 7 36 683.11
3744
7 7 35 47 549.01
3009
8 22 0 27 3.10
17
9 7 38 48 110.38
605
10 14 30 47 29.19
160
11 18 14 48 497.19
2725
12 23 3 30 38.32
210
13 26 16 47 237.56
1302
14 15 7 36 6.75
37
15 23 11 48 460.15
2522
16 12 2 18 343.20
1881
17 12 6 39 97.80
536
18 5 8 46 167.31
917
19 3 17 44 156.55
858
20 12 16 47 17.15
94
21 10 9 45 116.04
636
22 10 11 47 742.59
4070
23 6 0 12 8.58
47
24 12 5 22 44.15
242
