30
1
5
0 150 0.1 0.1
5383
1 170 0.1 0.1
5557
2 130 0.0 0.1
5569
3 130 0.0 0.1
5518
4 130 0.0 0.1
5584
25
0 10 16 48 420.56
2322
1 27 1 47 631.20
3485
2 25 1 36 187.64
1036
3 16 11 38 139.10
768
4 4 30 48 730.09
4031
5 11 1 47 296.85
1639
6 24 4 44 16.66
92
7 3 8 20 574.33
3171
8 24 15 48 95.09
525
9 20 3 47 624.50
3448
10 8 0 35 203.40
1123
11 28 0 34 227.85
1258
12 16 8 48 754.00
4163
13 15 13 46 275.12
1519
14 9 0 38 24.99
138
15 8 27 44 674.49
3724
16 5 1 38 240.53
1328
17 8 31 41 38.40
212
18 27 4 48 5.98
33
19 15 10 48 329.82
1821
20 18 13 48 160.11
884
21 9 1 13 8.15
45
22 5 0 17 243.79
1346
23 20 4 39 283.27
1564
24 24 10 43 522.71
2886
