30
1
5
0 150 0.1 0.1
5558
1 150 0.1 0.1
5428
2 170 0.1 0.1
5574
3 120 0.1 0.1
5568
4 130 0.0 0.1
5581
25
0 2 0 18 266.91
1479
1 17 4 39 420.13
2328
2 19 2 47 514.15
2849
3 16 5 48 33.57
186
4 20 3 41 77.96
432
5 6 17 48 401.00
2222
6 20 0 37 229.37
1271
7 17 24 47 323.40
1792
8 24 2 38 166.93
925
9 4 13 44 77.96
432
10 20 11 39 375.19
2079
11 11 0 40 72.01
399
12 28 2 45 326.10
1807
13 8 1 47 303.54
1682
14 13 0 47 121.81
675
15 6 10 47 309.86
1717
16 8 15 47 487.62
2702
17 34 9 47 217.10
1203
18 18 5 48 130.84
725
19 14 3 47 329.35
1825
20 9 30 47 179.02
992
21 6 3 42 287.48
1593
22 13 9 47 112.79
625
23 16 0 37 2.35
13
24 7 8 48 308.96
1712
