30
1
5
0 170 0.1 0.1
5520
1 150 0.1 0.1
5514
2 190 0.1 0.0
5399
3 150 0.1 0.1
5441
4 150 0.1 0.1
5486
25
0 15 24 47 43.86
240
1 15 0 34 84.25
461
2 15 3 35 132.68
726
3 15 23 47 256.60
1404
4 18 13 43 708.57
3877
5 9 35 48 212.37
1162
6 10 18 44 335.37
1835
7 7 12 47 172.34
943
8 5 42 48 444.11
2430
9 14 15 47 353.46
1934
10 18 1 46 340.30
1862
11 18 0 40 341.95
1871
12 26 3 38 437.53
2394
13 6 6 29 364.43
1994
14 9 14 44 112.40
615
15 22 17 47 102.71
562
16 14 10 47 97.23
532
17 9 3 41 558.34
3055
18 15 22 48 501.13
2742
19 15 7 33 246.73
1350
20 7 28 47 114.23
625
21 13 2 32 613.90
3359
22 14 23 48 425.47
2328
23 8 12 42 80.96
443
24 11 1 33 238.50
1305
