30
1
5
0 130 0.0 0.1
5548
1 130 0.0 0.1
5527
2 150 0.1 0.1
5451
3 190 0.1 0.0
5633
4 150 0.1 0.1
5608
25
0 20 4 28 479.05
2660
1 23 14 47 348.84
1937
2 37 5 47 654.28
3633
3 11 5 48 602.59
3346
4 9 13 47 4.14
23
5 8 24 48 821.77
4563
6 18 3 47 325.79
1809
7 28 4 43 466.80
2592
8 10 4 34 252.67
1403
9 2 0 36 734.78
4080
10 19 2 46 667.79
3708
11 7 1 16 210.17
1167
12 12 14 48 0.18
1
13 7 1 42 396.75
2203
14 22 9 48 129.31
718
15 29 8 48 19.09
106
16 28 4 45 3.60
20
17 6 36 48 107.88
599
18 23 13 45 59.79
332
19 2 0 25 53.13
295
20 32 5 48 219.35
1218
21 10 37 48 156.32
868
22 13 0 46 324.53
1802
23 32 0 48 268.70
1492
24 2 0 38 814.20
4521
