30
1
5
0 120 0.1 0.1
5564
1 150 0.1 0.1
5540
2 150 0.1 0.1
5567
3 150 0.1 0.1
5549
4 150 0.1 0.1
5537
25
0 5 35 47 749.72
4162
1 8 16 48 496.09
2754
2 39 4 45 23.96
133
3 6 0 16 180.68
1003
4 15 8 39 8.29
46
5 9 25 47 58.00
322
6 3 1 21 484.38
2689
7 1 30 48 708.11
3931
8 16 2 39 16.57
92
9 24 5 45 654.97
3636
10 4 1 35 530.50
2945
11 26 2 41 336.13
1866
12 13 12 47 231.29
1284
13 20 6 41 219.23
1217
14 5 2 48 107.90
599
15 28 8 38 64.49
358
16 5 29 47 30.80
171
17 32 7 43 90.25
501
18 19 4 43 136.36
757
19 9 18 48 506.00
2809
20 13 25 48 5.58
31
21 40 2 48 539.69
2996
22 3 2 47 533.92
2964
23 23 7 41 478.98
2659
24 2 10 47 207.88
1154
