30
1
5
0 130 0.0 0.1
5538
1 150 0.1 0.1
5512
2 170 0.1 0.1
5489
3 190 0.1 0.0
5666
4 120 0.1 0.1
5530
25
0 11 8 35 472.93
2623
1 11 5 23 155.96
865
2 32 10 47 22.54
125
3 25 12 47 155.42
862
4 3 5 40 18.39
102
5 19 5 45 18.03
100
6 7 11 47 5.23
29
7 4 0 40 274.96
1525
8 13 3 30 47.42
263
9 25 5 48 563.26
3124
10 3 0 17 316.43
1755
11 7 15 47 448.95
2490
12 7 0 42 699.56
3880
13 5 0 32 130.00
721
14 7 0 41 563.80
3127
15 11 17 47 665.31
3690
16 11 19 48 182.28
1011
17 31 0 48 73.38
407
18 8 5 47 49.76
276
19 14 7 47 57.88
321
20 21 9 43 82.22
456
21 9 10 34 98.44
546
22 33 2 46 4.69
26
23 12 8 37 381.51
2116
24 14 25 48 17.31
96
