30
1
5
0 150 0.1 0.1
5461
1 150 0.1 0.1
5530
2 170 0.1 0.1
5599
3 190 0.1 0.0
5590
4 150 0.1 0.1
5537
25
0 23 9 47 15.15
84
1 10 24 44 96.52
535
2 5 1 48 56.83
315
3 3 16 41 919.37
5096
4 29 4 45 35.00
194
5 35 3 48 192.50
1067
6 23 10 48 152.63
846
7 2 12 47 38.25
212
8 28 0 43 355.41
1970
9 26 17 47 298.40
1654
10 26 13 48 375.97
2084
11 7 23 48 52.86
293
12 3 11 39 25.08
139
13 15 6 48 599.32
3322
14 32 8 47 62.96
349
15 17 29 48 556.38
3084
16 10 10 44 354.14
1963
17 3 37 48 520.66
2886
18 9 0 10 529.32
2934
19 2 40 47 568.83
3153
20 19 7 46 48.71
270
21 20 0 34 29.77
165
22 3 8 47 201.52
1117
23 13 9 33 18.04
100
24 5 0 13 210.36
1166
