30
1
5
0 130 0.0 0.1
5518
1 120 0.1 0.1
5589
2 170 0.1 0.1
5564
3 150 0.1 0.1
5455
4 170 0.1 0.1
5545
25
0 28 12 48 221.91
1228
1 14 25 47 253.35
1402
2 21 8 34 35.96
199
3 36 2 41 255.34
1413
4 15 5 43 346.23
1916
5 28 14 48 393.58
2178
6 14 12 47 384.36
2127
7 30 0 46 341.54
1890
8 4 15 48 447.25
2475
9 6 10 48 169.86
940
10 4 43 47 192.81
1067
11 21 0 26 486.46
2692
12 2 35 45 482.31
2669
13 10 27 48 638.80
3535
14 16 6 47 145.83
807
15 4 0 22 535.62
2964
16 28 6 45 433.15
2397
17 14 6 43 131.74
729
18 15 1 47 417.43
2310
19 4 21 37 70.66
391
20 6 0 18 316.60
1752
21 5 3 27 41.56
230
22 21 1 43 330.69
1830
23 4 0 25 37.04
205
24 5 3 37 513.39
2841
