30
1
5
0 150 0.1 0.1
5426
1 170 0.1 0.1
5514
2 150 0.1 0.1
5478
3 130 0.0 0.1
5344
4 170 0.1 0.1
5399
25
0 18 14 48 597.25
3244
1 34 0 43 425.29
2310
2 38 1 47 263.46
1431
3 16 3 45 391.23
2125
4 21 8 35 80.09
435
5 20 21 47 500.23
2717
6 20 0 35 279.29
1517
7 14 0 42 503.36
2734
8 10 9 31 246.89
1341
9 21 7 42 63.33
344
10 4 1 23 69.41
377
11 5 11 30 502.07
2727
12 3 1 35 220.38
1197
13 7 0 40 44.19
240
14 22 0 34 70.15
381
15 21 1 46 73.46
399
16 2 0 37 489.18
2657
17 14 0 19 1.66
9
18 21 0 42 352.20
1913
19 5 4 47 2.21
12
20 15 9 48 107.89
586
21 9 11 46 364.91
1982
22 8 27 48 273.77
1487
23 8 39 48 148.21
805
24 17 4 47 475.92
2585
