30
1
5
0 120 0.1 0.1
5461
1 150 0.1 0.1
5525
2 130 0.0 0.1
5530
3 120 0.1 0.1
5589
4 130 0.0 0.1
5566
25
0 8 0 44 5.24
29
1 33 6 47 121.62
673
2 8 20 48 104.45
578
3 6 26 47 95.41
528
4 2 30 47 202.39
1120
5 5 1 48 440.02
2435
6 19 2 38 659.58
3650
7 22 8 42 105.35
583
8 23 5 43 419.60
2322
9 17 3 33 8.85
49
10 13 17 48 139.32
771
11 11 23 38 106.07
587
12 5 9 47 198.78
1100
13 12 11 41 6.87
38
14 6 6 38 601.39
3328
15 22 22 48 570.31
3156
16 10 27 47 644.94
3569
17 9 26 48 165.53
916
18 4 7 40 202.39
1120
19 9 0 39 7.05
39
20 24 11 43 781.91
4327
21 2 27 48 393.58
2178
22 9 3 47 471.64
2610
23 13 20 48 297.80
1648
24 7 0 30 115.11
637
