30
1
5
0 190 0.1 0.0
5434
1 150 0.1 0.1
5297
2 130 0.0 0.1
5420
3 130 0.0 0.1
5511
4 190 0.1 0.0
5278
25
0 12 1 35 186.95
1007
1 13 2 40 220.55
1188
2 10 0 23 386.15
2080
3 19 8 48 322.10
1735
4 8 3 48 526.68
2837
5 15 25 48 595.74
3209
6 2 0 40 318.57
1716
7 11 2 38 41.21
222
8 10 7 40 9.28
50
9 9 10 41 503.10
2710
10 1 0 27 750.01
4040
11 26 18 48 176.92
953
12 20 23 47 583.86
3145
13 25 0 47 309.47
1667
14 20 0 43 468.57
2524
15 14 2 47 204.03
1099
16 13 18 41 429.96
2316
17 10 3 26 583.30
3142
18 2 0 29 228.90
1233
19 20 1 41 199.76
1076
20 23 23 47 228.90
1233
21 16 10 48 249.32
1343
22 10 3 35 203.28
1095
23 16 4 27 209.60
1129
24 12 3 20 274.94
1481
