30
1
5
0 190 0.1 0.0
5487
1 170 0.1 0.1
5427
2 120 0.1 0.1
5347
3 190 0.1 0.0
5420
4 190 0.1 0.0
5586
25
0 27 1 43 706.50
3852
1 15 6 46 12.66
69
2 14 2 48 263.19
1435
3 24 22 48 638.27
3480
4 16 6 30 842.77
4595
5 19 24 48 2.38
13
6 5 1 46 722.64
3940
7 13 0 44 64.74
353
8 6 0 48 162.87
888
9 9 12 48 143.79
784
10 10 3 25 279.33
1523
11 3 7 47 170.39
929
12 15 28 48 265.03
1445
13 27 2 43 310.15
1691
14 10 31 47 628.73
3428
15 5 0 25 36.13
197
16 19 8 45 227.80
1242
17 20 5 47 48.24
263
18 26 0 44 3.30
18
19 18 15 43 75.20
410
20 16 2 41 192.76
1051
21 29 0 38 276.58
1508
22 4 28 48 334.72
1825
23 5 11 47 48.05
262
24 22 0 41 424.96
2317
