30
1
5
0 190 0.1 0.0
5600
1 190 0.1 0.0
5597
2 190 0.1 0.0
5606
3 150 0.1 0.1
5401
4 170 0.1 0.1
5548
25
0 4 1 28 676.66
3755
1 9 0 21 74.96
416
2 11 19 48 597.91
3318
3 18 3 30 203.45
1129
4 20 4 47 10.45
58
5 5 0 47 286.34
1589
6 6 28 48 461.50
2561
7 13 0 26 16.76
93
8 2 1 47 348.33
1933
9 10 2 37 359.14
1993
10 25 1 31 272.29
1511
11 26 1 46 398.25
2210
12 5 0 43 269.04
1493
13 5 0 19 36.94
205
14 9 9 36 80.91
449
15 5 0 9 230.84
1281
16 6 0 15 208.49
1157
17 24 4 38 41.81
232
18 15 2 18 316.26
1755
19 20 3 47 237.87
1320
20 23 22 48 441.68
2451
21 11 5 47 340.58
1890
22 18 24 48 609.99
3385
23 17 16 42 134.79
748
24 7 31 48 272.29
1511
