30
1
5
0 190 0.1 0.0
5611
1 170 0.1 0.1
5479
2 130 0.0 0.1
5615
3 120 0.1 0.1
5566
4 170 0.1 0.1
5455
25
0 10 21 48 103.71
575
1 4 1 17 105.87
587
2 12 5 44 101.54
563
3 1 9 39 528.46
2930
4 6 2 44 61.32
340
5 13 16 47 129.86
720
6 10 9 45 283.89
1574
7 12 19 48 303.91
1685
8 2 0 39 569.22
3156
9 23 15 48 634.69
3519
10 23 5 34 139.42
773
11 24 2 48 60.78
337
12 13 21 45 338.72
1878
13 22 24 47 579.68
3214
14 24 14 48 139.24
772
15 23 0 45 436.48
2420
16 1 18 41 296.88
1646
17 14 4 35 354.59
1966
18 18 29 47 189.56
1051
19 19 2 27 108.40
601
20 18 10 47 281.55
1561
21 3 8 45 176.57
979
22 13 31 47 39.86
221
23 15 0 44 468.40
2597
24 15 0 44 875.12
4852
