30
1
5
0 190 0.1 0.0
5509
1 120 0.1 0.1
5310
2 190 0.1 0.0
5432
3 120 0.1 0.1
5501
4 130 0.0 0.1
5545
25
0 8 28 42 166.72
910
1 35 3 48 137.23
749
2 16 6 30 396.84
2166
3 1 43 47 178.08
972
4 6 11 47 36.28
198
5 20 2 37 280.87
1533
6 15 8 48 78.42
428
7 7 0 37 145.47
794
8 14 29 48 365.88
1997
9 6 1 15 737.43
4025
10 12 28 47 169.11
923
11 25 4 31 481.12
2626
12 15 12 37 128.07
699
13 5 9 48 120.19
656
14 8 0 39 98.20
536
15 7 37 47 185.41
1012
16 11 0 25 332.53
1815
17 1 18 36 296.44
1618
18 28 3 48 116.52
636
19 7 4 40 379.43
2071
20 16 30 48 286.73
1565
21 24 5 31 75.67
413
22 30 10 42 555.32
3031
23 4 35 48 565.03
3084
24 23 1 48 460.78
2515
