30
1
5
0 120 0.1 0.1
5445
1 120 0.1 0.1
5413
2 150 0.1 0.1
5644
3 130 0.0 0.1
5655
4 120 0.1 0.1
5397
25
0 8 7 47 70.62
389
1 7 0 27 398.84
2197
2 27 19 47 284.47
1567
3 20 1 47 271.04
1493
4 1 29 48 379.05
2088
5 23 7 48 94.58
521
6 10 0 27 314.79
1734
7 23 10 43 105.47
581
8 8 12 48 763.55
4206
9 9 1 23 76.61
422
10 38 2 48 352.19
1940
11 29 3 43 487.80
2687
12 26 6 39 154.67
852
13 3 3 36 231.83
1277
14 17 13 47 208.23
1147
15 3 1 18 313.88
1729
16 34 6 47 240.36
1324
17 1 26 47 407.56
2245
18 4 9 37 481.08
2650
19 10 24 46 481.44
2652
20 8 3 47 342.75
1888
21 24 6 40 65.90
363
22 20 4 48 293.37
1616
23 8 3 48 139.24
767
24 9 1 39 654.27
3604
