30
1
5
0 130 0.0 0.1
5534
1 120 0.1 0.1
5649
2 130 0.0 0.1
5435
3 130 0.0 0.1
5397
4 130 0.0 0.1
5415
25
0 37 3 48 280.43
1538
1 5 0 36 294.65
1616
2 12 2 42 26.80
147
3 4 10 48 557.40
3057
4 7 11 48 213.70
1172
5 30 8 42 214.06
1174
6 3 2 16 279.16
1531
7 8 34 48 453.83
2489
8 15 3 31 572.72
3141
9 13 2 43 370.69
2033
10 20 2 39 265.48
1456
11 11 14 48 344.98
1892
12 12 22 48 213.88
1173
13 11 36 48 351.36
1927
14 21 3 41 641.09
3516
15 2 13 43 352.82
1935
16 17 5 48 27.71
152
17 27 7 46 126.54
694
18 31 7 42 314.71
1726
19 3 7 48 351.18
1926
20 26 5 45 102.84
564
21 16 5 35 199.29
1093
22 11 32 48 266.21
1460
23 4 2 48 353.00
1936
24 4 1 47 113.96
625
