30
1
5
0 120 0.1 0.1
5558
1 150 0.1 0.1
5530
2 190 0.1 0.0
5389
3 130 0.0 0.1
5544
4 170 0.1 0.1
5307
25
0 4 0 8 30.20
165
1 24 2 42 371.72
2031
2 2 23 45 39.72
217
3 12 2 34 96.27
526
4 1 39 48 598.67
3271
5 14 3 48 44.11
241
6 25 10 47 84.56
462
7 5 1 9 906.89
4955
8 22 1 34 30.02
164
9 28 0 30 348.66
1905
10 24 6 40 109.81
600
11 12 15 48 935.62
5112
12 17 27 47 19.22
105
13 6 16 36 491.60
2686
14 18 24 48 155.02
847
15 10 20 48 220.00
1202
16 12 35 48 117.87
644
17 37 6 46 527.48
2882
18 28 15 46 11.90
65
19 1 39 47 17.75
97
20 12 1 44 25.62
140
21 2 18 36 666.21
3640
22 40 0 47 31.48
172
23 16 0 43 661.08
3612
24 6 2 24 919.15
5022
