30
1
5
0 120 0.1 0.1
5402
1 170 0.1 0.1
5514
2 170 0.1 0.1
5534
3 120 0.1 0.1
5623
4 150 0.1 0.1
5497
25
0 8 30 47 123.16
679
1 16 3 38 544.16
3000
2 10 0 34 35.19
194
3 26 2 44 388.89
2144
4 9 21 47 616.53
3399
5 32 0 34 2.18
12
6 5 3 35 280.60
1547
7 29 3 44 233.63
1288
8 21 13 48 17.05
94
9 7 17 47 536.72
2959
10 19 13 48 366.04
2018
11 44 0 46 393.97
2172
12 24 2 34 310.35
1711
13 5 33 47 563.75
3108
14 25 2 30 243.06
1340
15 20 22 46 127.88
705
16 24 1 45 111.55
615
17 1 14 42 346.81
1912
18 9 2 12 282.24
1556
19 3 13 47 79.45
438
20 31 4 45 97.59
538
21 6 5 28 423.54
2335
22 3 18 48 228.91
1262
23 16 22 48 551.23
3039
24 1 2 34 500.63
2760
