30
1
5
0 190 0.1 0.0
5412
1 130 0.0 0.1
5715
2 130 0.0 0.1
5397
3 190 0.1 0.0
5452
4 130 0.0 0.1
5482
25
0 13 22 47 53.20
292
1 7 1 28 82.53
453
2 14 0 44 171.43
941
3 12 6 48 103.48
568
4 13 26 44 237.01
1301
5 21 14 47 211.87
1163
6 9 0 18 846.93
4649
7 15 10 39 111.13
610
8 15 8 30 230.09
1263
9 2 18 48 74.33
408
10 14 3 47 35.89
197
11 33 10 48 65.95
362
12 16 12 47 62.85
345
13 15 9 46 162.68
893
14 38 6 47 57.39
315
15 12 1 48 94.18
517
16 11 2 30 477.30
2620
17 31 15 47 539.97
2964
18 2 21 35 45.73
251
19 22 24 47 525.94
2887
20 5 1 30 61.39
337
21 9 0 22 784.99
4309
22 3 0 37 93.27
512
23 2 25 30 29.51
162
24 16 11 39 102.02
560
