30
1
5
0 150 0.1 0.1
5407
1 120 0.1 0.1
5492
2 120 0.1 0.1
5468
3 170 0.1 0.1
5551
4 170 0.1 0.1
5525
25
0 26 18 47 169.46
930
1 10 1 47 400.50
2198
2 11 20 48 204.80
1124
3 24 17 45 456.62
2506
4 2 0 25 623.16
3420
5 2 44 48 100.40
551
6 3 7 31 193.33
1061
7 2 0 21 322.15
1768
8 13 1 16 268.58
1474
9 10 2 47 96.21
528
10 8 15 40 76.71
421
11 3 11 21 581.07
3189
12 7 0 16 704.24
3865
13 27 4 48 744.70
4087
14 20 24 47 584.90
3210
15 23 2 48 559.93
3073
16 30 13 48 167.82
921
17 12 3 25 722.28
3964
18 5 0 29 146.13
802
19 18 0 47 135.02
741
20 5 0 19 111.15
610
21 10 10 34 136.66
750
22 22 19 48 429.65
2358
23 14 1 39 327.43
1797
24 36 6 48 70.15
385
