30
1
5
0 130 0.0 0.1
5488
1 130 0.0 0.1
5639
2 120 0.1 0.1
5488
3 150 0.1 0.1
5419
4 170 0.1 0.1
5387
25
0 15 1 28 164.70
903
1 36 2 46 70.22
385
2 25 17 48 33.74
185
3 9 1 18 196.98
1080
4 7 20 47 346.54
1900
5 22 9 36 218.68
1199
6 33 12 48 84.08
461
7 26 4 42 47.60
261
8 10 8 47 274.49
1505
9 8 12 30 574.15
3148
10 21 15 48 207.74
1139
11 23 9 43 98.12
538
12 5 2 42 96.12
527
13 7 4 45 151.38
830
14 15 12 47 457.97
2511
15 29 1 46 349.45
1916
16 8 26 47 249.69
1369
17 14 2 27 644.01
3531
18 29 5 42 587.10
3219
19 14 3 47 214.12
1174
20 4 3 31 304.77
1671
21 17 27 48 144.63
793
22 3 0 21 476.76
2614
23 12 13 46 299.48
1642
24 4 26 47 443.38
2431
