30
1
5
0 190 0.1 0.0
5389
1 120 0.1 0.1
5468
2 170 0.1 0.1
5409
3 130 0.0 0.1
5377
4 150 0.1 0.1
5571
25
0 2 1 11 251.57
1369
1 14 5 29 221.06
1203
2 33 2 43 252.12
1372
3 13 17 47 134.14
730
4 3 0 11 115.40
628
5 4 0 30 89.31
486
6 18 11 45 26.65
145
7 20 13 47 74.42
405
8 7 6 48 360.35
1961
9 4 0 48 27.75
151
10 15 5 43 145.35
791
11 3 0 13 530.15
2885
12 4 2 33 276.74
1506
13 13 4 46 431.29
2347
14 7 2 26 52.92
288
15 23 1 46 73.14
398
16 2 0 30 410.15
2232
17 23 19 47 653.08
3554
18 9 3 33 851.91
4636
19 2 0 12 338.67
1843
20 14 2 40 384.06
2090
21 24 15 48 741.47
4035
22 7 8 38 442.86
2410
23 15 26 47 907.78
4940
24 6 26 47 216.10
1176
