30
1
5
0 130 0.0 0.1
5432
1 120 0.1 0.1
5335
2 150 0.1 0.1
5442
3 130 0.0 0.1
5388
4 130 0.0 0.1
5483
25
0 1 0 31 77.74
421
1 13 12 44 385.74
2089
2 23 0 48 63.89
346
3 7 2 47 299.32
1621
4 7 5 48 72.38
392
5 35 4 47 69.61
377
6 39 0 46 512.05
2773
7 23 2 26 483.61
2619
8 6 16 47 138.12
748
9 10 2 46 355.64
1926
10 5 40 48 117.99
639
11 33 6 41 401.81
2176
12 7 9 47 538.82
2918
13 21 11 39 132.77
719
14 19 8 47 280.49
1519
15 17 30 47 138.12
748
16 2 16 42 218.63
1184
17 16 2 47 184.10
997
18 11 4 46 275.50
1492
19 6 18 47 394.05
2134
20 6 35 47 184.65
1000
21 2 16 40 411.41
2228
22 11 23 41 115.04
623
23 17 0 33 67.58
366
24 12 2 21 219.18
1187
