30
1
5
0 150 0.1 0.1
5560
1 170 0.1 0.1
5507
2 130 0.0 0.1
5605
3 130 0.0 0.1
5494
4 120 0.1 0.1
5581
25
0 15 12 46 123.62
686
1 30 11 47 287.62
1596
2 3 0 10 165.07
916
3 25 6 47 445.12
2470
4 12 27 47 770.94
4278
5 30 10 47 270.14
1499
6 18 1 33 293.02
1626
7 13 7 47 133.90
743
8 6 8 47 144.89
804
9 26 1 48 314.11
1743
10 5 0 43 258.06
1432
11 15 10 40 149.93
832
12 5 1 44 328.52
1823
13 32 4 47 315.91
1753
14 22 4 33 419.53
2328
15 11 33 48 39.65
220
16 13 0 28 234.63
1302
17 17 0 20 232.29
1289
18 6 0 48 282.03
1565
19 15 31 48 106.14
589
20 14 0 44 531.62
2950
21 8 39 47 161.11
894
22 19 10 41 77.31
429
23 29 5 39 36.58
203
24 14 7 47 88.66
492
