30
1
5
0 150 0.1 0.1
5604
1 190 0.1 0.0
5341
2 170 0.1 0.1
5364
3 190 0.1 0.0
5534
4 170 0.1 0.1
5522
25
0 8 3 30 761.09
4164
1 23 0 48 51.91
284
2 12 8 37 583.25
3191
3 18 13 48 501.36
2743
4 35 4 45 503.56
2755
5 8 6 27 12.06
66
6 27 3 42 1.28
7
7 7 35 48 772.06
4224
8 25 1 43 295.01
1614
9 8 6 48 491.13
2687
10 16 0 48 401.02
2194
11 18 0 43 69.09
378
12 19 1 29 155.91
853
13 21 1 26 66.71
365
14 13 19 47 641.01
3507
15 5 9 48 225.55
1234
16 3 13 47 422.04
2309
17 3 9 47 212.02
1160
18 12 3 41 47.16
258
19 6 22 48 379.08
2074
20 11 2 35 579.78
3172
21 33 4 47 79.69
436
22 21 1 45 223.72
1224
23 7 1 36 469.93
2571
24 6 8 45 17.36
95
