30
1
5
0 120 0.1 0.1
5418
1 120 0.1 0.1
5591
2 120 0.1 0.1
5546
3 190 0.1 0.0
5463
4 190 0.1 0.0
5587
25
0 21 2 34 12.14
67
1 5 0 16 289.67
1599
2 21 3 47 529.15
2921
3 7 3 34 368.47
2034
4 6 0 36 320.83
1771
5 24 3 43 158.87
877
6 8 37 48 220.65
1218
7 8 1 48 15.94
88
8 24 3 48 322.46
1780
9 6 0 13 349.81
1931
10 9 0 13 540.20
2982
11 39 3 47 364.85
2014
12 18 19 48 469.74
2593
13 1 0 33 354.34
1956
14 42 0 47 420.82
2323
15 4 1 34 349.45
1929
16 21 24 47 111.77
617
17 25 0 48 43.66
241
18 9 1 42 7.43
41
19 20 17 47 275.72
1522
20 10 0 26 251.99
1391
21 28 1 39 11.41
63
22 1 0 47 331.33
1829
23 39 0 41 478.07
2639
24 6 2 30 101.99
563
