30
1
5
0 190 0.1 0.0
5426
1 130 0.0 0.1
5629
2 190 0.1 0.0
5408
3 120 0.1 0.1
5561
4 130 0.0 0.1
5508
25
0 11 36 47 203.81
1122
1 4 5 33 201.45
1109
2 3 2 37 507.89
2796
3 8 9 48 476.10
2621
4 26 11 40 294.45
1621
5 12 27 48 370.74
2041
6 16 20 47 135.15
744
7 19 13 39 121.34
668
8 16 26 47 369.47
2034
9 29 6 48 229.24
1262
10 37 7 48 20.53
113
11 16 5 26 411.61
2266
12 3 2 26 30.15
166
13 41 4 48 170.20
937
14 21 3 36 504.44
2777
15 6 37 48 710.24
3910
16 18 28 47 75.57
416
17 5 16 32 207.26
1141
18 6 11 48 88.64
488
19 16 6 29 863.73
4755
20 5 1 47 617.24
3398
21 5 30 45 27.97
154
22 19 0 43 44.14
243
23 2 0 11 347.49
1913
24 17 13 46 749.30
4125
