30
1
5
0 130 0.0 0.1
5506
1 190 0.1 0.0
5669
2 130 0.0 0.1
5393
3 130 0.0 0.1
5591
4 170 0.1 0.1
5520
25
0 14 3 43 45.17
250
1 23 7 48 15.54
86
2 9 1 48 69.02
382
3 16 1 41 384.15
2126
4 15 8 47 416.68
2306
5 14 0 37 256.04
1417
6 7 12 43 33.07
183
7 4 3 11 355.60
1968
8 5 22 45 393.37
2177
9 27 0 47 145.46
805
10 17 0 47 86.19
477
11 28 9 40 91.79
508
12 12 1 35 421.56
2333
13 6 6 28 197.86
1095
14 10 3 28 25.48
141
15 13 5 45 741.38
4103
16 22 7 38 138.95
769
17 16 9 48 237.07
1312
18 16 21 48 920.27
5093
19 11 0 17 340.06
1882
20 3 0 22 162.62
900
21 8 0 43 194.79
1078
22 18 14 48 740.84
4100
23 7 11 48 520.76
2882
24 13 16 47 386.68
2140
