30
1
5
0 190 0.1 0.0
5511
1 150 0.1 0.1
5562
2 130 0.0 0.1
5512
3 190 0.1 0.0
5495
4 150 0.1 0.1
5686
25
0 7 17 45 158.31
879
1 32 0 48 461.07
2560
2 23 2 31 367.95
2043
3 16 15 42 55.11
306
4 2 43 48 526.63
2924
5 36 11 47 217.21
1206
6 39 2 47 365.97
2032
7 1 0 20 820.92
4558
8 6 11 25 182.81
1015
9 15 9 32 285.47
1585
10 5 25 47 226.39
1257
11 5 4 41 383.80
2131
12 2 0 5 480.34
2667
13 14 16 47 357.15
1983
14 24 12 48 313.02
1738
15 15 0 36 75.64
420
16 23 2 42 277.36
1540
17 10 4 41 71.32
396
18 32 0 44 207.66
1153
19 8 3 47 387.77
2153
20 29 0 47 81.59
453
21 15 7 41 566.97
3148
22 19 2 39 136.70
759
23 7 22 41 336.80
1870
24 16 0 39 183.71
1020
