30
1
5
0 130 0.0 0.1
5625
1 130 0.0 0.1
5460
2 170 0.1 0.1
5438
3 150 0.1 0.1
5433
4 150 0.1 0.1
5229
25
0 4 0 10 277.88
1510
1 29 3 45 347.44
1888
2 33 8 48 400.62
2177
3 8 10 48 662.12
3598
4 10 2 31 54.84
298
5 22 9 39 181.08
984
6 5 0 41 85.57
465
7 3 1 31 308.79
1678
8 13 11 47 406.14
2207
9 11 26 48 288.92
1570
10 7 0 40 392.16
2131
11 9 9 47 157.16
854
12 7 0 28 184.39
1002
13 35 0 37 288.92
1570
14 32 11 47 258.37
1404
15 3 11 47 477.73
2596
16 14 11 45 521.34
2833
17 9 38 48 752.66
4090
18 14 18 47 259.84
1412
19 1 0 48 279.72
1520
20 12 0 19 303.64
1650
21 29 1 44 223.77
1216
22 27 0 29 158.26
860
23 17 6 42 499.99
2717
24 15 3 40 44.72
243
