30
1
5
0 130 0.0 0.1
5554
1 120 0.1 0.1
5770
2 120 0.1 0.1
5494
3 190 0.1 0.0
5386
4 130 0.0 0.1
5494
25
0 11 21 48 797.94
4418
1 13 9 47 333.59
1847
2 15 0 44 93.20
516
3 11 13 47 759.65
4206
4 6 0 28 209.33
1159
5 17 11 47 86.51
479
6 12 0 43 248.88
1378
7 13 2 31 29.08
161
8 19 9 47 457.67
2534
9 33 2 42 83.80
464
10 2 24 41 261.89
1450
11 2 31 36 89.40
495
12 27 1 36 376.03
2082
13 7 0 47 134.38
744
14 19 22 48 270.20
1496
15 17 8 29 149.91
830
16 5 12 40 40.28
223
17 6 12 39 689.40
3817
18 30 2 48 295.48
1636
19 6 1 24 291.15
1612
20 10 3 42 543.82
3011
21 11 24 47 406.92
2253
22 19 6 48 93.38
517
23 31 0 36 65.56
363
24 25 4 41 696.62
3857
