30
1
5
0 190 0.1 0.0
5361
1 170 0.1 0.1
5493
2 120 0.1 0.1
5571
3 130 0.0 0.1
5560
4 130 0.0 0.1
5443
25
0 6 4 31 138.03
757
1 1 16 48 591.12
3242
2 11 7 35 38.84
213
3 25 2 43 55.79
306
4 3 14 25 66.19
363
5 11 2 24 67.83
372
6 11 3 23 400.58
2197
7 23 9 48 522.75
2867
8 18 24 47 150.24
824
9 23 19 48 129.46
710
10 6 14 32 577.08
3165
11 38 5 46 143.50
787
12 11 11 37 177.04
971
13 7 38 47 412.62
2263
14 13 3 47 420.28
2305
15 4 20 48 55.98
307
16 32 0 35 366.67
2011
17 10 4 24 377.61
2071
18 22 8 36 180.14
988
19 27 7 46 224.45
1231
20 4 9 32 47.77
262
21 10 4 44 639.62
3508
22 22 4 47 37.20
204
23 9 1 38 325.46
1785
24 1 42 48 195.64
1073
