30
1
5
0 150 0.1 0.1
5436
1 150 0.1 0.1
5386
2 120 0.1 0.1
5566
3 190 0.1 0.0
5441
4 120 0.1 0.1
5310
25
0 2 22 47 126.60
687
1 4 2 28 124.57
676
2 18 0 25 287.48
1560
3 15 14 33 631.34
3426
4 4 0 42 661.75
3591
5 6 0 35 543.44
2949
6 24 3 48 106.88
580
7 2 31 48 720.54
3910
8 17 30 47 223.72
1214
9 14 1 18 180.23
978
10 22 18 45 466.41
2531
11 12 22 48 674.10
3658
12 20 13 48 4.79
26
13 8 1 45 53.99
293
14 5 0 34 187.97
1020
15 25 1 48 403.57
2190
16 15 24 48 241.22
1309
17 35 11 47 96.38
523
18 34 10 45 150.56
817
19 5 1 38 192.20
1043
20 10 1 24 184.10
999
21 5 0 37 60.63
329
22 5 1 21 387.54
2103
23 5 3 42 131.39
713
24 19 17 48 458.86
2490
