30
1
5
0 150 0.1 0.1
5487
1 150 0.1 0.1
5471
2 190 0.1 0.0
5366
3 130 0.0 0.1
5578
4 170 0.1 0.1
5524
25
0 3 4 48 442.17
2425
1 19 21 48 24.98
137
2 23 13 47 175.77
964
3 25 0 48 526.41
2887
4 29 7 46 289.37
1587
5 3 1 42 252.36
1384
6 24 21 48 148.97
817
7 9 4 24 166.29
912
8 13 0 39 490.86
2692
9 2 28 48 339.51
1862
10 28 3 45 273.87
1502
11 6 1 21 77.86
427
12 22 2 48 141.31
775
13 6 39 47 331.31
1817
14 14 11 44 319.28
1751
15 12 17 42 57.98
318
16 17 3 35 21.15
116
17 18 13 46 388.93
2133
18 12 3 36 469.34
2574
19 5 3 11 212.79
1167
20 3 6 23 527.87
2895
21 29 4 47 413.18
2266
22 23 0 25 444.18
2436
23 11 23 48 496.69
2724
24 2 24 44 163.01
894
