30
1
5
0 120 0.1 0.1
5516
1 120 0.1 0.1
5501
2 190 0.1 0.0
5492
3 170 0.1 0.1
5460
4 130 0.0 0.1
5393
25
0 20 16 47 675.80
3698
1 16 2 28 474.23
2595
2 7 1 22 77.48
424
3 25 2 42 20.28
111
4 11 27 48 66.70
365
5 26 10 45 58.66
321
6 16 3 47 392.72
2149
7 37 4 47 156.07
854
8 6 10 33 234.46
1283
9 4 10 16 237.94
1302
10 6 0 31 24.67
135
11 1 3 43 422.69
2313
12 4 8 31 22.84
125
13 7 0 16 857.81
4694
14 17 30 47 232.82
1274
15 15 5 48 125.55
687
16 16 18 43 69.63
381
17 4 0 9 173.98
952
18 14 9 47 383.04
2096
19 29 2 48 311.22
1703
20 9 0 15 462.35
2530
21 30 0 38 562.13
3076
22 1 21 48 290.20
1588
23 26 3 47 301.72
1651
24 12 19 47 432.56
2367
