30
1
5
0 120 0.1 0.1
5542
1 120 0.1 0.1
5491
2 170 0.1 0.1
5475
3 190 0.1 0.0
5534
4 170 0.1 0.1
5462
25
0 36 0 39 126.35
695
1 5 0 28 85.26
469
2 22 0 30 263.43
1449
3 4 0 47 744.28
4094
4 17 1 19 489.04
2690
5 6 19 46 249.97
1375
6 2 26 48 349.05
1920
7 16 0 35 323.42
1779
8 4 0 33 92.17
507
9 16 3 47 186.16
1024
10 23 2 45 72.72
400
11 17 17 43 120.90
665
12 9 0 36 154.89
852
13 27 16 47 148.53
817
14 40 6 48 197.07
1084
15 12 3 19 612.48
3369
16 9 10 47 159.44
877
17 1 0 24 60.18
331
18 10 5 43 733.74
4036
19 11 11 30 474.13
2608
20 15 8 47 657.74
3618
21 16 6 38 146.53
806
22 3 20 48 289.06
1590
23 31 4 42 498.13
2740
24 1 0 31 75.08
413
