30
1
5
0 150 0.1 0.1
5518
1 120 0.1 0.1
5430
2 120 0.1 0.1
5389
3 170 0.1 0.1
5433
4 120 0.1 0.1
5497
25
0 33 1 42 234.55
1279
1 32 6 47 394.46
2151
2 27 2 47 89.86
490
3 11 0 33 204.29
1114
4 6 0 16 881.53
4807
5 15 27 47 202.09
1102
6 15 6 48 494.04
2694
7 7 0 14 92.61
505
8 14 22 47 409.50
2233
9 13 5 40 243.35
1327
10 18 2 39 28.79
157
11 3 15 36 148.36
809
12 3 3 37 39.61
216
13 5 12 19 168.71
920
14 6 1 48 219.15
1195
15 31 6 48 254.54
1388
16 16 8 35 138.82
757
17 7 7 36 142.31
776
18 5 5 26 21.82
119
19 21 23 48 409.32
2232
20 12 0 27 15.95
87
21 7 0 31 9.72
53
22 32 0 48 166.51
908
23 4 7 31 162.66
887
24 4 1 35 156.61
854
