30
1
5
0 170 0.1 0.1
5581
1 120 0.1 0.1
5555
2 170 0.1 0.1
5336
3 150 0.1 0.1
5582
4 120 0.1 0.1
5524
25
0 17 0 19 202.03
1114
1 26 10 48 181.54
1001
2 14 14 41 52.96
292
3 13 4 40 184.08
1015
4 15 0 40 638.19
3519
5 23 0 44 703.48
3879
6 9 31 48 341.86
1885
7 4 0 30 668.11
3684
8 26 1 33 328.98
1814
9 3 30 48 418.39
2307
10 21 6 32 230.14
1269
11 8 24 48 58.76
324
12 21 4 47 271.85
1499
13 34 0 48 403.70
2226
14 32 1 46 273.30
1507
15 7 2 36 84.51
466
16 34 1 48 42.80
236
17 28 0 29 75.08
414
18 21 18 47 207.11
1142
19 13 11 47 340.59
1878
20 25 11 47 233.95
1290
21 2 4 38 219.44
1210
22 16 19 47 406.06
2239
23 17 0 17 27.02
149
24 15 17 47 541.53
2986
