30
1
5
0 120 0.1 0.1
5541
1 150 0.1 0.1
5416
2 120 0.1 0.1
5470
3 130 0.0 0.1
5344
4 130 0.0 0.1
5494
25
0 3 26 47 660.29
3600
1 21 17 47 542.90
2960
2 18 2 23 292.91
1597
3 23 22 47 171.49
935
4 18 4 41 295.85
1613
5 19 0 23 151.50
826
6 9 14 45 262.65
1432
7 7 2 46 473.21
2580
8 4 4 41 195.15
1064
9 15 4 33 177.73
969
10 4 7 36 445.15
2427
11 25 11 48 73.00
398
12 11 8 47 85.29
465
13 8 0 21 80.15
437
14 11 9 44 17.97
98
15 9 4 37 412.86
2251
16 13 16 46 74.47
406
17 24 17 44 192.58
1050
18 10 2 48 121.05
660
19 33 10 47 460.74
2512
20 13 33 48 623.24
3398
21 10 16 48 428.45
2336
22 21 6 34 20.91
114
23 16 17 48 195.70
1067
24 14 0 42 546.39
2979
