30
1
5
0 130 0.0 0.1
5584
1 170 0.1 0.1
5706
2 150 0.1 0.1
5462
3 130 0.0 0.1
5565
4 120 0.1 0.1
5400
25
0 2 0 19 9.93
55
1 11 28 47 554.73
3074
2 29 6 47 335.29
1858
3 2 0 25 766.59
4248
4 32 0 47 310.57
1721
5 28 18 47 31.22
173
6 2 18 48 463.78
2570
7 42 0 44 77.24
428
8 12 0 42 201.57
1117
9 25 3 47 13.17
73
10 21 0 45 95.28
528
11 6 5 34 129.75
719
12 2 0 40 44.93
249
13 7 25 47 265.64
1472
14 24 19 48 176.13
976
15 32 3 43 30.68
170
16 16 9 32 409.10
2267
17 22 0 43 897.25
4972
18 4 0 45 116.04
643
19 28 7 45 501.86
2781
20 8 4 30 225.39
1249
21 22 3 39 347.93
1928
22 15 0 48 416.50
2308
23 5 0 34 509.62
2824
24 3 32 47 55.40
307
