30
1
5
0 130 0.0 0.1
5488
1 190 0.1 0.0
5584
2 150 0.1 0.1
5516
3 150 0.1 0.1
5447
4 170 0.1 0.1
5736
25
0 28 18 47 385.78
2142
1 22 25 48 414.78
2303
2 2 0 24 3.60
20
3 11 2 32 334.27
1856
4 12 2 41 208.20
1156
5 6 0 42 370.29
2056
6 5 0 33 224.23
1245
7 2 0 22 468.27
2600
8 31 6 48 189.29
1051
9 21 2 42 126.07
700
10 11 7 45 505.37
2806
11 3 0 12 2.16
12
12 28 15 48 460.34
2556
13 3 1 29 421.98
2343
14 10 2 15 292.49
1624
15 16 9 39 180.46
1002
16 11 7 29 143.72
798
17 11 23 42 462.68
2569
18 4 1 8 319.50
1774
19 25 22 48 559.94
3109
20 14 6 41 210.54
1169
21 19 3 47 136.16
756
22 9 22 48 703.12
3904
23 13 16 47 118.33
657
24 7 26 47 150.57
836
