30
1
5
0 130 0.0 0.1
5398
1 150 0.1 0.1
5455
2 170 0.1 0.1
5409
3 190 0.1 0.0
5517
4 170 0.1 0.1
5653
25
0 29 2 38 389.62
2137
1 7 0 20 128.35
704
2 1 12 47 106.11
582
3 31 10 43 384.51
2109
4 3 18 41 315.05
1728
5 2 6 48 471.30
2585
6 16 2 47 342.58
1879
7 25 0 47 319.97
1755
8 20 22 48 86.24
473
9 39 1 46 106.29
583
10 2 29 47 268.38
1472
11 2 11 46 73.29
402
12 5 18 48 261.81
1436
13 6 0 25 476.22
2612
14 12 34 48 79.31
435
15 3 23 48 247.41
1357
16 7 0 42 331.46
1818
17 35 12 47 561.18
3078
18 18 2 41 288.43
1582
19 16 7 43 227.54
1248
20 5 1 34 164.45
902
21 11 6 36 83.69
459
22 30 7 46 591.08
3242
23 16 1 26 60.90
334
24 7 23 48 216.23
1186
