30
1
5
0 120 0.1 0.1
5632
1 130 0.0 0.1
5532
2 190 0.1 0.0
5532
3 150 0.1 0.1
5450
4 190 0.1 0.0
5381
25
0 2 16 47 228.74
1259
1 20 0 35 286.15
1575
2 12 4 23 184.04
1013
3 4 3 43 10.72
59
4 2 39 48 845.01
4651
5 2 3 48 4.91
27
6 18 13 45 61.05
336
7 3 6 28 42.51
234
8 43 2 48 5.27
29
9 28 2 34 11.99
66
10 25 4 40 470.38
2589
11 14 1 39 86.30
475
12 2 28 47 214.39
1180
13 23 11 46 121.36
668
14 12 1 23 115.91
638
15 2 0 48 629.35
3464
16 10 11 48 265.80
1463
17 3 21 46 679.31
3739
18 11 10 48 91.93
506
19 24 19 47 104.65
576
20 14 0 41 26.89
148
21 15 18 48 463.84
2553
22 17 12 39 448.76
2470
23 26 2 35 88.84
489
24 24 18 48 396.61
2183
