30
1
5
0 150 0.1 0.1
5312
1 170 0.1 0.1
5366
2 150 0.1 0.1
5585
3 170 0.1 0.1
5486
4 120 0.1 0.1
5465
25
0 3 1 36 267.41
1455
1 5 38 48 552.46
3006
2 22 19 47 757.75
4123
3 23 4 37 563.85
3068
4 24 4 47 21.69
118
5 5 36 47 243.88
1327
6 7 1 40 328.79
1789
7 18 3 36 14.70
80
8 26 14 47 220.36
1199
9 4 0 27 293.51
1597
10 37 1 47 586.09
3189
11 10 19 47 547.86
2981
12 8 0 13 182.50
993
13 13 32 47 29.77
162
14 5 1 38 7.35
40
15 8 16 47 614.21
3342
16 10 2 47 6.06
33
17 3 0 26 333.20
1813
18 16 0 38 7.54
41
19 21 0 42 276.60
1505
20 7 7 41 92.08
501
21 26 1 45 329.16
1791
22 30 1 47 11.95
65
23 7 23 48 845.96
4603
24 33 5 41 169.08
920
