30
1
5
0 190 0.1 0.0
5540
1 120 0.1 0.1
5525
2 150 0.1 0.1
5549
3 190 0.1 0.0
5548
4 120 0.1 0.1
5456
25
0 18 23 47 128.00
707
1 19 2 29 376.76
2081
2 26 15 48 37.11
205
3 11 13 47 2.53
14
4 4 0 28 295.65
1633
5 2 9 29 401.75
2219
6 6 3 24 32.23
178
7 3 1 32 673.14
3718
8 4 2 35 189.74
1048
9 24 0 42 186.48
1030
10 31 11 48 204.58
1130
11 9 24 41 2.35
13
12 3 1 7 300.54
1660
13 3 0 43 434.52
2400
14 15 28 47 651.59
3599
15 18 24 47 279.90
1546
16 27 20 47 161.13
890
17 4 4 11 355.04
1961
18 3 0 29 421.12
2326
19 6 0 7 466.92
2579
20 16 3 30 394.50
2179
21 17 5 46 137.96
762
22 29 3 48 100.66
556
23 10 10 35 543.15
3000
24 26 16 48 110.80
612
