30
1
5
0 130 0.0 0.1
5450
1 130 0.0 0.1
5590
2 120 0.1 0.1
5389
3 120 0.1 0.1
5499
4 190 0.1 0.0
5473
25
0 5 0 22 281.78
1544
1 5 29 47 129.03
707
2 16 14 46 523.23
2867
3 5 4 23 200.02
1096
4 4 2 18 30.84
169
5 22 10 47 106.95
586
6 4 5 17 119.36
654
7 5 20 27 300.58
1647
8 11 3 22 74.64
409
9 23 3 40 256.23
1404
10 29 6 47 4.75
26
11 20 0 48 274.12
1502
12 17 27 45 318.46
1745
13 28 9 39 283.79
1555
14 5 1 27 390.37
2139
15 15 0 24 324.85
1780
16 2 2 47 4.93
27
17 2 14 48 780.92
4279
18 14 0 21 473.96
2597
19 2 0 30 346.94
1901
20 7 1 13 159.32
873
21 19 5 40 446.40
2446
22 2 0 34 462.28
2533
23 16 0 42 437.09
2395
24 29 14 47 918.53
5033
