30
1
5
0 190 0.1 0.0
5571
1 120 0.1 0.1
5441
2 130 0.0 0.1
5508
3 190 0.1 0.0
5427
4 190 0.1 0.0
5583
25
0 6 0 24 443.94
2444
1 3 16 43 388.72
2140
2 12 28 47 204.53
1126
3 17 3 35 129.33
712
4 24 12 42 744.20
4097
5 9 5 48 524.05
2885
6 5 1 48 131.33
723
7 4 3 41 329.32
1813
8 22 0 46 448.30
2468
9 4 20 48 460.65
2536
10 26 1 45 216.34
1191
11 5 0 29 379.64
2090
12 7 4 47 471.37
2595
13 10 5 47 227.42
1252
14 19 3 48 452.84
2493
15 3 6 12 109.53
603
16 13 16 45 65.39
360
17 12 30 47 87.37
481
18 19 4 32 63.39
349
19 25 6 47 342.22
1884
20 13 12 45 177.10
975
21 16 0 26 359.66
1980
22 30 10 48 138.96
765
23 18 0 20 87.19
480
24 17 23 45 126.61
697
