30
1
5
0 190 0.1 0.0
5524
1 120 0.1 0.1
5505
2 170 0.1 0.1
5515
3 120 0.1 0.1
5503
4 190 0.1 0.0
5433
25
0 29 2 48 207.25
1139
1 23 18 47 324.61
1784
2 10 10 20 481.64
2647
3 8 1 17 44.22
243
4 38 0 45 560.06
3078
5 9 0 27 588.99
3237
6 18 25 47 622.47
3421
7 1 16 25 91.52
503
8 19 5 47 28.93
159
9 2 7 47 407.58
2240
10 27 1 41 91.16
501
11 2 0 20 123.37
678
12 35 11 47 113.00
621
13 4 14 47 376.10
2067
14 2 1 48 417.77
2296
15 9 8 48 93.34
513
16 21 19 48 797.88
4385
17 8 2 48 96.44
530
18 17 10 45 90.43
497
19 12 9 38 19.65
108
20 4 24 48 299.50
1646
21 11 2 23 80.24
441
22 7 0 21 44.94
247
23 1 0 39 185.78
1021
24 12 0 38 217.80
1197
