30
1
5
0 130 0.0 0.1
5432
1 190 0.1 0.0
5637
2 150 0.1 0.1
5463
3 120 0.1 0.1
5573
4 150 0.1 0.1
5283
25
0 13 17 45 72.70
398
1 14 17 43 427.77
2342
2 2 1 13 116.72
639
3 11 1 47 619.01
3389
4 20 18 46 125.48
687
5 16 30 47 167.13
915
6 7 24 48 88.04
482
7 21 14 48 800.02
4380
8 34 4 45 228.50
1251
9 12 1 24 164.02
898
10 35 0 40 322.93
1768
11 21 12 47 532.98
2918
12 11 8 45 75.98
416
13 6 31 47 535.72
2933
14 7 1 34 164.57
901
15 12 18 33 217.91
1193
16 8 4 44 191.24
1047
17 8 4 43 77.63
425
18 14 0 43 702.85
3848
19 10 21 47 293.71
1608
20 7 40 48 341.56
1870
21 3 9 47 113.79
623
22 17 5 31 605.68
3316
23 8 6 41 132.06
723
24 20 5 48 256.08
1402
