30
1
5
0 170 0.1 0.1
5419
1 120 0.1 0.1
5392
2 190 0.1 0.0
5489
3 150 0.1 0.1
5623
4 130 0.0 0.1
5567
25
0 4 30 47 518.86
2852
1 9 11 46 97.33
535
2 13 0 33 0.55
3
3 26 19 48 0.55
3
4 28 5 37 564.71
3104
5 19 9 35 479.39
2635
6 4 3 43 42.39
233
7 11 0 34 25.29
139
8 26 2 45 340.94
1874
9 9 31 46 34.57
190
10 11 3 23 44.75
246
11 29 6 45 223.23
1227
12 14 28 47 409.52
2251
13 29 18 47 21.29
117
14 14 23 48 496.12
2727
15 21 7 47 128.99
709
16 4 3 48 42.21
232
17 15 3 44 780.30
4289
18 4 25 48 34.57
190
19 24 0 47 726.08
3991
20 2 16 48 88.78
488
21 5 0 38 686.24
3772
22 4 16 48 841.61
4626
23 2 42 48 295.64
1625
24 9 3 44 589.63
3241
