30
1
5
0 150 0.1 0.1
5709
1 130 0.0 0.1
5526
2 190 0.1 0.0
5491
3 150 0.1 0.1
5598
4 150 0.1 0.1
5530
25
0 17 2 42 16.52
92
1 14 4 47 520.49
2899
2 10 7 28 15.08
84
3 5 0 24 86.72
483
4 25 5 44 431.26
2402
5 3 33 47 464.47
2587
6 7 2 20 342.39
1907
7 18 1 45 571.48
3183
8 23 9 47 2.33
13
9 10 31 47 306.84
1709
10 18 0 31 208.45
1161
11 14 18 47 185.65
1034
12 27 20 48 339.51
1891
13 9 11 27 64.46
359
14 12 1 34 761.08
4239
15 27 13 48 561.79
3129
16 17 26 48 149.74
834
17 9 29 47 489.43
2726
18 3 1 45 541.50
3016
19 18 26 47 708.83
3948
20 24 17 46 46.86
261
21 14 10 48 91.03
507
22 21 23 48 24.42
136
23 6 4 38 11.85
66
24 4 41 47 50.81
283
