30
1
5
0 170 0.1 0.1
5460
1 120 0.1 0.1
5573
2 150 0.1 0.1
5519
3 130 0.0 0.1
5641
4 190 0.1 0.0
5491
25
0 15 1 48 234.64
1299
1 11 33 47 121.02
670
2 21 6 47 104.59
579
3 24 2 41 70.27
389
4 9 20 48 428.28
2371
5 5 27 48 828.21
4585
6 4 1 9 167.09
925
7 4 17 48 421.06
2331
8 17 9 47 512.28
2836
9 29 7 44 314.48
1741
10 12 24 48 245.30
1358
11 13 2 44 259.03
1434
12 22 1 48 229.77
1272
13 3 22 47 244.58
1354
14 10 22 43 250.90
1389
15 20 19 48 243.67
1349
16 3 0 7 466.22
2581
17 3 6 48 269.51
1492
18 6 21 48 97.54
540
19 28 1 48 185.69
1028
20 4 3 47 255.24
1413
21 16 25 42 209.35
1159
22 16 6 31 853.86
4727
23 2 18 43 189.67
1050
24 11 5 25 377.16
2088
