30
1
5
0 130 0.0 0.1
5507
1 190 0.1 0.0
5431
2 130 0.0 0.1
5465
3 170 0.1 0.1
5358
4 130 0.0 0.1
5580
25
0 17 25 47 464.96
2542
1 19 0 36 95.30
521
2 24 15 48 424.35
2320
3 17 2 43 200.47
1096
4 17 0 45 121.82
666
5 3 18 40 106.82
584
6 1 0 48 263.21
1439
7 9 21 48 289.91
1585
8 14 18 48 94.38
516
9 21 3 46 96.94
530
10 14 18 48 211.63
1157
11 3 19 43 351.92
1924
12 12 32 48 516.90
2826
13 7 17 32 156.94
858
14 21 20 48 143.22
783
15 7 14 32 165.90
907
16 14 4 26 255.71
1398
17 10 8 43 138.10
755
18 16 13 29 262.29
1434
19 5 2 11 25.79
141
20 17 2 25 314.60
1720
21 7 16 44 322.10
1761
22 16 1 44 18.47
101
23 1 20 47 465.50
2545
24 5 2 13 616.77
3372
