30
1
5
0 170 0.1 0.1
5577
1 170 0.1 0.1
5372
2 120 0.1 0.1
5554
3 190 0.1 0.0
5603
4 130 0.0 0.1
5412
25
0 16 0 35 72.16
397
1 5 1 47 17.27
95
2 1 0 48 510.54
2809
3 4 18 47 782.99
4308
4 23 11 34 5.45
30
5 19 0 44 430.75
2370
6 16 21 47 7.45
41
7 9 4 16 397.31
2186
8 26 1 47 355.32
1955
9 11 2 44 121.05
666
10 14 9 44 629.77
3465
11 6 3 48 807.52
4443
12 13 20 48 692.47
3810
13 12 2 45 276.44
1521
14 15 13 46 80.88
445
15 13 15 47 6.91
38
16 21 4 43 377.14
2075
17 24 3 46 69.79
384
18 13 2 33 546.89
3009
19 13 1 25 8.18
45
20 21 0 24 79.79
439
21 12 4 41 445.47
2451
22 1 0 34 290.98
1601
23 9 2 17 58.34
321
24 10 2 27 91.78
505
