30
1
5
0 190 0.1 0.0
5559
1 190 0.1 0.0
5395
2 120 0.1 0.1
5646
3 120 0.1 0.1
5610
4 170 0.1 0.1
5506
25
0 10 18 33 118.73
658
1 35 2 47 297.74
1650
2 4 11 48 509.76
2825
3 24 10 48 136.06
754
4 14 18 47 550.18
3049
5 8 0 48 287.99
1596
6 3 2 38 103.76
575
7 14 7 48 37.89
210
8 15 17 47 140.03
776
9 16 26 48 428.92
2377
10 6 17 36 24.18
134
11 27 12 48 311.81
1728
12 4 3 12 177.92
986
13 19 1 30 332.38
1842
14 8 0 12 91.85
509
15 17 21 47 360.35
1997
16 11 1 24 566.42
3139
17 14 0 45 57.20
317
18 15 15 47 347.00
1923
19 18 1 21 342.67
1899
20 3 26 34 25.80
143
21 28 0 43 447.87
2482
22 3 0 23 238.55
1322
23 6 9 47 49.62
275
24 5 0 14 129.56
718
