30
1
5
0 130 0.0 0.1
5526
1 120 0.1 0.1
5592
2 120 0.1 0.1
5576
3 120 0.1 0.1
5468
4 170 0.1 0.1
5473
25
0 16 1 32 79.07
437
1 10 2 42 543.38
3003
2 32 0 34 250.97
1387
3 1 0 10 43.61
241
4 25 0 47 40.17
222
5 6 14 45 150.37
831
6 5 33 46 248.80
1375
7 25 4 47 267.08
1476
8 26 6 35 426.49
2357
9 8 1 11 745.13
4118
10 5 3 26 630.05
3482
11 5 4 39 290.78
1607
12 1 0 48 347.96
1923
13 4 2 48 602.91
3332
14 6 5 47 105.67
584
15 16 0 45 355.92
1967
16 16 0 21 162.67
899
17 19 17 47 811.00
4482
18 21 3 48 141.50
782
19 20 12 47 476.97
2636
20 24 11 47 28.23
156
21 7 22 48 214.60
1186
22 5 2 38 186.19
1029
23 14 2 42 307.61
1700
24 26 16 47 395.18
2184
