30
1
5
0 170 0.1 0.1
5506
1 170 0.1 0.1
5489
2 170 0.1 0.1
5570
3 170 0.1 0.1
5317
4 130 0.0 0.1
5411
25
0 35 6 48 140.73
768
1 15 25 47 62.67
342
2 3 39 47 866.19
4727
3 30 10 48 498.97
2723
4 30 5 48 40.13
219
5 7 19 38 669.39
3653
6 6 2 12 142.75
779
7 10 4 26 126.26
689
8 2 0 2 73.48
401
9 2 41 48 560.54
3059
10 19 0 47 819.47
4472
11 4 1 25 429.89
2346
12 32 1 44 566.22
3090
13 6 40 48 239.13
1305
14 11 20 48 48.93
267
15 23 7 47 82.28
449
16 28 12 43 185.44
1012
17 3 21 47 79.16
432
18 9 0 40 63.95
349
19 26 18 47 379.68
2072
20 8 4 40 432.64
2361
21 5 2 9 669.76
3655
22 21 14 40 140.55
767
23 5 6 14 69.82
381
24 39 0 46 100.97
551
