30
1
5
0 120 0.1 0.1
5574
1 120 0.1 0.1
5392
2 190 0.1 0.0
5567
3 190 0.1 0.0
5523
4 150 0.1 0.1
5520
25
0 5 3 47 494.16
2725
1 24 3 43 249.53
1376
2 2 0 48 288.34
1590
3 15 10 48 148.52
819
4 19 13 41 208.18
1148
5 8 3 15 161.40
890
6 15 0 28 335.67
1851
7 7 4 42 122.95
678
8 26 4 45 752.94
4152
9 5 13 47 87.59
483
10 25 0 47 131.29
724
11 5 0 47 279.27
1540
12 13 2 43 26.11
144
13 1 0 24 412.74
2276
14 34 3 47 23.03
127
15 23 0 43 117.87
650
16 16 0 32 22.67
125
17 33 14 47 478.56
2639
18 16 20 37 110.80
611
19 10 0 46 758.38
4182
20 12 18 47 136.19
751
21 7 7 47 20.85
115
22 1 0 5 265.12
1462
23 11 0 24 514.83
2839
24 13 5 45 93.75
517
