30
1
5
0 120 0.1 0.1
5600
1 190 0.1 0.0
5456
2 190 0.1 0.0
5616
3 170 0.1 0.1
5560
4 120 0.1 0.1
5445
25
0 25 1 32 279.52
1547
1 6 1 18 200.02
1107
2 6 6 47 174.36
965
3 39 0 48 378.36
2094
4 26 3 44 178.52
988
5 30 3 48 304.82
1687
6 25 6 48 306.62
1697
7 27 3 47 624.27
3455
8 4 1 37 300.12
1661
9 13 6 48 96.85
536
10 11 1 24 235.80
1305
11 26 13 48 109.68
607
12 12 5 29 39.39
218
13 12 0 41 512.79
2838
14 5 16 48 578.56
3202
15 13 18 48 269.58
1492
16 10 3 37 492.73
2727
17 5 10 43 392.63
2173
18 7 0 32 362.09
2004
19 6 2 47 248.26
1374
20 10 1 31 255.67
1415
21 25 13 47 290.72
1609
22 27 12 48 73.72
408
23 37 6 48 187.37
1037
24 13 2 40 320.18
1772
