30
1
5
0 190 0.1 0.0
5583
1 150 0.1 0.1
5306
2 190 0.1 0.0
5409
3 120 0.1 0.1
5736
4 150 0.1 0.1
5346
25
0 22 19 48 9.14
50
1 26 12 48 217.68
1191
2 40 0 47 19.01
104
3 12 0 22 761.24
4165
4 16 2 39 397.53
2175
5 11 24 47 259.90
1422
6 29 12 48 614.66
3363
7 4 2 27 597.29
3268
8 8 4 35 492.75
2696
9 14 0 24 119.53
654
10 8 2 15 186.06
1018
11 2 4 47 828.68
4534
12 15 3 48 342.33
1873
13 15 1 48 120.81
661
14 9 0 28 36.01
197
15 38 0 46 165.41
905
16 32 6 48 415.62
2274
17 22 9 42 123.74
677
18 28 13 47 70.37
385
19 1 0 6 670.40
3668
20 3 12 48 79.32
434
21 12 3 48 159.74
874
22 25 14 47 621.78
3402
23 10 14 47 540.09
2955
24 26 8 47 28.88
158
