30
1
5
0 130 0.0 0.1
5501
1 190 0.1 0.0
5356
2 120 0.1 0.1
5426
3 150 0.1 0.1
5400
4 120 0.1 0.1
5527
25
0 9 2 24 274.57
1494
1 15 10 26 395.31
2151
2 19 7 37 478.93
2606
3 18 1 28 582.03
3167
4 17 14 48 278.61
1516
5 33 6 48 105.86
576
6 23 2 48 27.20
148
7 11 3 47 624.12
3396
8 23 8 41 568.62
3094
9 20 0 48 336.14
1829
10 24 3 43 13.05
71
11 11 33 47 389.62
2120
12 20 0 47 115.97
631
13 14 5 48 275.12
1497
14 10 2 21 755.89
4113
15 10 13 47 199.59
1086
16 4 27 41 456.88
2486
17 8 24 48 8.64
47
18 2 0 12 0.37
2
19 19 13 46 235.79
1283
20 1 4 48 125.89
685
21 11 0 31 134.34
731
22 17 8 40 0.37
2
23 5 10 45 155.48
846
24 9 2 42 20.03
109
