30
1
5
0 150 0.1 0.1
5589
1 170 0.1 0.1
5542
2 190 0.1 0.0
5402
3 130 0.0 0.1
5641
4 120 0.1 0.1
5544
25
0 41 4 48 693.20
3842
1 9 20 48 119.62
663
2 2 40 47 16.42
91
3 11 8 32 555.35
3078
4 9 5 47 184.21
1021
5 15 2 48 51.78
287
6 21 2 38 158.59
879
7 4 1 20 213.26
1182
8 4 22 44 503.03
2788
9 12 28 46 190.53
1056
10 22 1 43 257.11
1425
11 25 12 45 16.06
89
12 22 1 42 583.68
3235
13 2 28 38 355.80
1972
14 2 18 36 264.32
1465
15 20 1 30 285.43
1582
16 12 11 48 292.11
1619
17 4 0 41 532.98
2954
18 21 22 48 861.35
4774
19 18 14 35 153.90
853
20 16 5 32 31.03
172
21 5 1 26 35.18
195
22 36 0 46 209.29
1160
23 3 20 38 192.69
1068
24 32 0 35 381.60
2115
