30
1
5
0 170 0.1 0.1
5467
1 130 0.0 0.1
5426
2 190 0.1 0.0
5687
3 190 0.1 0.0
5331
4 190 0.1 0.0
5465
25
0 4 18 47 98.85
541
1 16 0 44 413.87
2265
2 10 17 47 267.32
1463
3 16 2 29 419.35
2295
4 15 16 48 202.09
1106
5 6 6 47 423.74
2319
6 14 23 48 161.89
886
7 19 13 43 370.20
2026
8 17 1 47 51.53
282
9 6 18 48 765.79
4191
10 14 15 40 465.95
2550
11 20 16 46 414.23
2267
12 21 2 39 116.76
639
13 12 1 41 137.41
752
14 6 22 48 318.85
1745
15 19 22 48 213.79
1170
16 5 3 48 120.60
660
17 10 3 37 43.49
238
18 16 0 47 313.92
1718
19 16 2 24 116.58
638
20 5 21 48 592.02
3240
21 3 3 46 287.24
1572
22 16 2 19 121.51
665
23 5 3 47 97.76
535
24 15 0 31 346.08
1894
