30
1
5
0 170 0.1 0.1
5627
1 120 0.1 0.1
5623
2 190 0.1 0.0
5605
3 170 0.1 0.1
5258
4 120 0.1 0.1
5344
25
0 21 1 46 259.17
1422
1 4 2 47 51.03
280
2 17 3 34 201.94
1108
3 20 8 32 482.98
2650
4 3 10 43 98.42
540
5 4 13 45 143.44
787
6 15 26 48 147.99
812
7 12 3 48 293.07
1608
8 35 4 48 601.08
3298
9 26 12 43 240.94
1322
10 7 14 43 118.10
648
11 10 29 44 555.52
3048
12 4 23 47 600.53
3295
13 6 38 48 355.40
1950
14 6 12 43 53.22
292
15 23 7 45 39.37
216
16 26 3 48 65.25
358
17 1 0 6 451.63
2478
18 34 1 44 145.26
797
19 25 0 45 334.44
1835
20 1 0 6 86.39
474
21 13 4 40 139.24
764
22 8 31 47 296.35
1626
23 9 10 39 116.64
640
24 17 7 44 386.02
2118
