30
1
5
0 130 0.0 0.1
5418
1 130 0.0 0.1
5419
2 130 0.0 0.1
5504
3 130 0.0 0.1
5632
4 150 0.1 0.1
5484
25
0 14 18 44 140.61
772
1 5 14 45 352.99
1938
2 30 7 47 853.69
4687
3 10 9 47 76.13
418
4 28 12 40 7.29
40
5 3 8 42 166.66
915
6 14 2 44 303.63
1667
7 17 4 36 317.65
1744
8 7 0 47 455.71
2502
9 15 11 42 357.72
1964
10 10 0 21 544.23
2988
11 3 23 47 45.35
249
12 15 23 47 323.12
1774
13 10 4 33 18.03
99
14 28 15 47 12.57
69
15 9 11 47 343.88
1888
16 23 9 47 41.35
227
17 11 0 13 171.76
943
18 7 13 48 9.47
52
19 3 34 48 451.89
2481
20 21 2 35 278.49
1529
21 10 23 48 326.39
1792
22 6 2 48 381.04
2092
23 12 1 42 458.26
2516
24 11 15 47 303.44
1666
