30
1
5
0 120 0.1 0.1
5469
1 190 0.1 0.0
5420
2 120 0.1 0.1
5581
3 150 0.1 0.1
5486
4 120 0.1 0.1
5270
25
0 11 2 18 335.28
1825
1 30 0 40 327.74
1784
2 33 3 46 392.78
2138
3 27 4 47 315.99
1720
4 11 7 48 594.50
3236
5 14 2 28 148.99
811
6 3 17 47 47.95
261
7 12 4 43 254.44
1385
8 11 3 48 264.55
1440
9 10 32 47 295.41
1608
10 28 16 47 411.70
2241
11 33 0 43 391.49
2131
12 11 1 45 92.22
502
13 21 6 48 394.43
2147
14 29 0 42 46.66
254
15 2 4 48 283.84
1545
16 1 0 16 285.49
1554
17 8 11 48 106.19
578
18 18 1 45 81.02
441
19 26 3 42 529.83
2884
20 2 32 48 94.61
515
21 1 0 44 119.78
652
22 2 39 47 573.92
3124
23 11 30 47 295.41
1608
24 16 10 46 161.67
880
