30
1
5
0 190 0.1 0.0
5527
1 130 0.0 0.1
5577
2 170 0.1 0.1
5436
3 150 0.1 0.1
5359
4 120 0.1 0.1
5431
25
0 9 23 36 144.01
787
1 4 35 47 758.29
4144
2 20 0 24 131.02
716
3 9 13 28 602.39
3292
4 33 1 38 538.71
2944
5 14 0 41 27.81
152
6 23 0 24 45.75
250
7 12 7 39 43.92
240
8 22 2 44 386.47
2112
9 7 0 16 72.46
396
10 23 2 42 147.67
807
11 11 2 34 469.36
2565
12 3 5 20 43.18
236
13 18 9 48 144.74
791
14 7 27 47 442.82
2420
15 9 11 48 185.36
1013
16 5 34 48 166.88
912
17 13 31 48 84.54
462
18 29 4 41 182.25
996
19 7 5 33 234.59
1282
20 4 29 47 133.40
729
21 8 5 14 625.26
3417
22 3 1 24 87.47
478
23 8 12 46 432.21
2362
24 6 27 47 613.55
3353
