30
1
5
0 130 0.0 0.1
5361
1 190 0.1 0.0
5537
2 120 0.1 0.1
5441
3 130 0.0 0.1
5460
4 120 0.1 0.1
5289
25
0 42 0 47 458.43
2483
1 13 3 32 364.46
1974
2 19 10 47 376.09
2037
3 9 6 41 37.30
202
4 11 7 47 78.65
426
5 41 2 45 44.50
241
6 27 5 48 405.82
2198
7 24 4 48 58.34
316
8 10 1 17 195.34
1058
9 21 8 47 223.77
1212
10 14 2 41 422.80
2290
11 26 13 47 345.26
1870
12 11 4 28 400.09
2167
13 2 0 9 255.71
1385
14 33 13 48 112.07
607
15 12 3 38 323.47
1752
16 15 16 40 100.99
547
17 18 22 47 264.39
1432
18 16 4 48 229.13
1241
19 8 14 45 177.24
960
20 2 33 48 713.04
3862
21 28 12 48 32.49
176
22 13 15 37 490.19
2655
23 7 0 8 595.06
3223
24 7 1 40 545.21
2953
