30
1
5
0 120 0.1 0.1
5562
1 170 0.1 0.1
5580
2 170 0.1 0.1
5483
3 130 0.0 0.1
5364
4 190 0.1 0.0
5606
25
0 24 1 47 321.52
1774
1 9 2 47 398.54
2199
2 8 6 30 549.33
3031
3 2 35 47 558.94
3084
4 6 0 19 246.67
1361
5 5 26 44 165.29
912
6 7 2 40 145.72
804
7 3 0 17 279.47
1542
8 4 28 45 581.59
3209
9 10 14 37 250.47
1382
10 25 10 43 264.25
1458
11 17 1 47 218.57
1206
12 9 0 31 88.08
486
13 27 0 44 177.07
977
14 34 3 39 469.59
2591
15 8 11 48 223.47
1233
16 18 21 47 186.86
1031
17 36 2 42 197.55
1090
18 20 5 43 333.48
1840
19 23 4 46 116.17
641
20 9 0 38 313.72
1731
21 3 24 47 111.10
613
22 10 0 20 834.97
4607
23 24 17 47 610.59
3369
24 32 4 47 235.97
1302
