30
1
5
0 190 0.1 0.0
5551
1 150 0.1 0.1
5445
2 130 0.0 0.1
5391
3 130 0.0 0.1
5450
4 130 0.0 0.1
5597
25
0 9 35 48 196.87
1080
1 12 7 32 504.94
2770
2 3 0 29 276.90
1519
3 10 28 47 364.22
1998
4 22 10 47 7.66
42
5 4 0 32 95.88
526
6 16 1 38 104.82
575
7 23 3 47 280.54
1539
8 12 0 47 281.09
1542
9 7 23 47 826.69
4535
10 22 5 40 63.07
346
11 17 10 47 467.03
2562
12 4 21 35 178.10
977
13 10 0 47 393.02
2156
14 11 0 38 4.37
24
15 15 14 47 367.68
2017
16 17 1 36 75.65
415
17 13 7 47 564.55
3097
18 24 2 43 549.24
3013
19 8 2 20 433.49
2378
20 33 3 39 538.85
2956
21 19 3 36 230.60
1265
22 25 3 44 319.19
1751
23 4 3 47 96.61
530
24 32 2 48 9.66
53
