30
1
5
0 120 0.1 0.1
5490
1 170 0.1 0.1
5488
2 120 0.1 0.1
5550
3 150 0.1 0.1
5374
4 150 0.1 0.1
5482
25
0 1 10 47 257.11
1408
1 5 0 33 33.97
186
2 6 22 47 90.94
498
3 5 1 12 494.32
2707
4 5 5 26 570.83
3126
5 2 0 47 325.23
1781
6 13 1 32 47.66
261
7 2 0 24 64.28
352
8 9 0 48 7.49
41
9 21 0 47 419.27
2296
10 31 5 47 147.55
808
11 20 0 41 114.13
625
12 30 6 48 358.09
1961
13 15 24 42 117.60
644
14 6 4 33 775.54
4247
15 21 5 48 598.41
3277
16 24 5 43 51.31
281
17 4 32 47 385.30
2110
18 14 3 48 279.21
1529
19 13 0 38 354.26
1940
20 10 2 23 245.61
1345
21 36 3 42 180.23
987
22 34 10 48 416.35
2280
23 26 1 45 271.17
1485
24 11 30 47 348.42
1908
