30
1
5
0 190 0.1 0.0
5498
1 150 0.1 0.1
5519
2 150 0.1 0.1
5471
3 130 0.0 0.1
5427
4 130 0.0 0.1
5571
25
0 9 20 47 215.40
1184
1 9 1 46 294.17
1617
2 20 0 24 306.54
1685
3 18 2 47 648.02
3562
4 25 9 36 442.80
2434
5 3 0 8 367.85
2022
6 17 0 44 94.06
517
7 8 2 12 393.50
2163
8 13 14 47 423.16
2326
9 4 2 34 43.12
237
10 3 6 20 297.26
1634
11 31 15 47 205.39
1129
12 25 17 47 394.96
2171
13 17 25 48 651.65
3582
14 23 20 48 430.62
2367
15 8 7 38 526.31
2893
16 4 1 10 465.55
2559
17 23 14 47 311.09
1710
18 8 1 39 231.23
1271
19 21 0 47 50.58
278
20 15 1 24 167.37
920
21 12 11 24 373.67
2054
22 6 2 33 279.44
1536
23 3 0 12 163.37
898
24 7 4 38 4.00
22
