30
1
5
0 150 0.1 0.1
5389
1 150 0.1 0.1
5437
2 190 0.1 0.0
5433
3 120 0.1 0.1
5496
4 120 0.1 0.1
5439
25
0 27 14 45 119.88
652
1 8 19 47 437.61
2380
2 3 0 7 78.70
428
3 3 13 44 347.33
1889
4 30 0 48 283.71
1543
5 13 20 47 8.46
46
6 14 33 48 149.30
812
7 9 1 24 44.50
242
8 15 0 16 252.82
1375
9 18 9 47 448.83
2441
10 8 4 36 441.84
2403
11 21 1 34 451.59
2456
12 9 18 32 464.64
2527
13 13 23 41 330.78
1799
14 14 8 41 107.38
584
15 25 4 45 178.91
973
16 4 20 29 323.43
1759
17 4 0 27 399.18
2171
18 2 30 48 154.45
840
19 19 15 47 440.56
2396
20 14 2 32 100.58
547
21 16 2 48 290.52
1580
22 33 12 46 353.22
1921
23 30 3 41 243.26
1323
24 7 33 48 296.40
1612
