30
1
5
0 130 0.0 0.1
5564
1 170 0.1 0.1
5556
2 190 0.1 0.0
5344
3 130 0.0 0.1
5404
4 120 0.1 0.1
5493
25
0 12 19 47 237.62
1300
1 2 2 32 398.84
2182
2 8 3 45 29.25
160
3 9 3 25 314.58
1721
4 10 1 20 25.77
141
5 14 32 48 150.80
825
6 4 11 31 24.31
133
7 21 2 47 56.48
309
8 28 4 48 408.53
2235
9 14 1 48 223.37
1222
10 7 17 35 242.74
1328
11 20 4 45 115.89
634
12 31 6 47 788.18
4312
13 23 13 45 93.95
514
14 7 37 48 236.16
1292
15 11 3 23 187.72
1027
16 6 10 47 69.46
380
17 15 7 48 291.91
1597
18 11 14 48 188.45
1031
19 12 5 48 308.73
1689
20 4 4 26 21.75
119
21 19 8 45 34.36
188
22 19 1 30 550.56
3012
23 9 1 15 307.81
1684
24 9 2 31 491.33
2688
