30
1
5
0 190 0.1 0.0
5538
1 130 0.0 0.1
5516
2 120 0.1 0.1
5464
3 130 0.0 0.1
5557
4 150 0.1 0.1
5521
25
0 32 1 47 343.18
1894
1 5 9 33 273.96
1512
2 8 17 47 568.94
3140
3 3 10 47 103.10
569
4 8 0 26 375.25
2071
5 30 2 48 121.94
673
6 5 22 48 86.07
475
7 11 0 42 493.93
2726
8 23 15 39 382.50
2111
9 7 0 18 374.16
2065
10 20 4 37 255.84
1412
11 14 3 38 253.67
1400
12 9 2 34 71.03
392
13 3 0 44 273.78
1511
14 19 16 47 263.45
1454
15 9 1 15 59.25
327
16 28 6 46 225.04
1242
17 3 0 42 41.49
229
18 7 12 48 369.63
2040
19 6 0 48 207.28
1144
20 8 2 28 332.31
1834
21 18 9 47 237.54
1311
22 9 4 38 611.70
3376
23 20 14 47 534.70
2951
24 6 8 32 263.27
1453
