30
1
5
0 120 0.1 0.1
5536
1 130 0.0 0.1
5401
2 120 0.1 0.1
5479
3 190 0.1 0.0
5519
4 130 0.0 0.1
5584
25
0 2 0 15 833.71
4588
1 11 1 45 361.43
1989
2 2 0 22 57.24
315
3 8 15 48 41.79
230
4 8 0 18 64.87
357
5 13 4 25 210.24
1157
6 9 13 33 447.38
2462
7 12 0 27 274.75
1512
8 11 1 35 339.44
1868
9 16 24 48 108.67
598
10 20 4 45 251.86
1386
11 24 18 48 81.59
449
12 4 14 28 131.74
725
13 3 1 25 422.12
2323
14 18 11 42 209.15
1151
15 28 0 47 198.98
1095
16 28 1 48 654.36
3601
17 26 0 48 433.94
2388
18 17 5 47 271.30
1493
19 19 13 48 160.82
885
20 6 2 28 244.41
1345
21 16 1 23 578.04
3181
22 16 9 29 283.48
1560
23 30 17 48 37.43
206
24 17 13 47 267.85
1474
