30
1
5
0 190 0.1 0.0
5440
1 190 0.1 0.0
5511
2 170 0.1 0.1
5455
3 190 0.1 0.0
5501
4 190 0.1 0.0
5570
25
0 1 0 10 151.59
833
1 17 10 31 222.38
1222
2 15 27 47 688.08
3781
3 16 25 47 120.11
660
4 33 4 47 113.01
621
5 26 0 39 54.23
298
6 4 2 26 78.07
429
7 23 21 48 123.57
679
8 26 2 48 456.78
2510
9 8 0 14 93.72
515
10 5 0 17 314.65
1729
11 8 27 47 191.26
1051
12 1 0 43 24.93
137
13 29 2 40 431.85
2373
14 2 0 6 42.95
236
15 3 10 47 197.82
1087
16 1 0 22 365.97
2011
17 19 0 32 28.03
154
18 15 18 47 365.24
2007
19 11 9 48 167.24
919
20 24 3 35 236.21
1298
21 5 35 48 393.99
2165
22 15 24 47 446.04
2451
23 25 3 30 245.13
1347
24 18 1 45 151.59
833
