30
1
5
0 120 0.1 0.1
5456
1 150 0.1 0.1
5580
2 120 0.1 0.1
5518
3 190 0.1 0.0
5535
4 190 0.1 0.0
5603
25
0 14 14 40 169.56
939
1 30 17 48 534.86
2962
2 7 10 42 7.58
42
3 2 0 28 139.94
775
4 19 4 38 21.85
121
5 34 1 39 483.39
2677
6 34 6 48 86.68
480
7 9 4 45 27.09
150
8 31 7 44 15.35
85
9 3 1 17 36.11
200
10 5 12 43 243.41
1348
11 20 14 48 374.33
2073
12 27 17 48 5.78
32
13 7 11 48 49.84
276
14 8 0 45 503.62
2789
15 1 16 36 284.94
1578
16 4 25 48 888.96
4923
17 23 6 48 604.74
3349
18 13 3 35 102.57
568
19 2 0 38 737.10
4082
20 23 6 40 25.28
140
21 24 0 44 108.34
600
22 11 32 48 436.08
2415
23 7 2 47 642.84
3560
24 17 9 33 389.13
2155
