30
1
5
0 130 0.0 0.1
5606
1 130 0.0 0.1
5416
2 170 0.1 0.1
5470
3 190 0.1 0.0
5436
4 170 0.1 0.1
5530
25
0 30 0 42 354.60
1947
1 8 22 43 220.74
1212
2 19 3 44 87.06
478
3 17 2 39 288.30
1583
4 1 0 4 231.12
1269
5 7 20 38 556.39
3055
6 11 18 48 410.87
2256
7 9 8 47 66.48
365
8 23 24 47 205.07
1126
9 4 0 41 12.20
67
10 1 11 21 359.33
1973
11 15 23 47 214.18
1176
12 1 9 27 64.65
355
13 7 2 16 356.78
1959
14 19 3 34 411.60
2260
15 1 0 32 271.91
1493
16 11 15 48 230.21
1264
17 6 3 23 211.45
1161
18 9 9 48 289.58
1590
19 8 0 22 239.68
1316
20 23 0 40 13.48
74
21 25 1 33 243.68
1338
22 6 9 43 355.14
1950
23 17 0 45 465.15
2554
24 25 14 47 88.15
484
