30
1
5
0 170 0.1 0.1
5422
1 150 0.1 0.1
5595
2 190 0.1 0.0
5464
3 150 0.1 0.1
5605
4 170 0.1 0.1
5493
25
0 3 0 47 62.01
342
1 2 0 17 61.11
337
2 21 3 47 134.18
740
3 41 0 48 78.70
434
4 6 4 20 45.33
250
5 19 14 48 425.94
2349
6 2 1 14 394.93
2178
7 9 20 48 268.00
1478
8 1 17 47 229.56
1266
9 6 10 29 108.43
598
10 43 1 47 70.72
390
11 7 1 25 669.47
3692
12 23 22 48 116.23
641
13 9 31 47 256.22
1413
14 37 7 48 593.49
3273
15 1 0 24 822.51
4536
16 1 10 43 278.34
1535
17 8 0 16 282.15
1556
18 19 6 41 173.71
958
19 11 7 41 91.03
502
20 12 14 47 192.21
1060
21 1 23 33 269.64
1487
22 18 0 41 516.61
2849
23 25 18 48 751.79
4146
24 12 0 46 384.42
2120
