30
1
5
0 190 0.1 0.0
5527
1 190 0.1 0.0
5464
2 190 0.1 0.0
5607
3 170 0.1 0.1
5445
4 150 0.1 0.1
5385
25
0 18 11 42 365.75
2006
1 12 18 48 369.77
2028
2 2 0 13 530.58
2910
3 9 1 45 274.04
1503
4 31 10 48 204.94
1124
5 12 0 17 373.59
2049
6 20 19 47 789.85
4332
7 11 0 25 337.49
1851
8 5 7 39 297.93
1634
9 9 18 47 469.68
2576
10 32 2 48 560.12
3072
11 8 23 48 2.37
13
12 2 0 46 138.39
759
13 2 1 48 208.22
1142
14 29 11 48 423.19
2321
15 8 0 27 354.63
1945
16 18 9 47 329.65
1808
17 29 10 48 116.69
640
18 20 0 32 257.27
1411
19 16 17 42 241.22
1323
20 3 0 28 250.70
1375
21 23 13 48 67.46
370
22 5 18 48 53.79
295
23 24 6 47 65.09
357
24 12 3 32 117.60
645
