30
1
5
0 130 0.0 0.1
5502
1 130 0.0 0.1
5473
2 190 0.1 0.0
5496
3 170 0.1 0.1
5403
4 150 0.1 0.1
5283
25
0 10 7 47 234.80
1275
1 11 24 43 4.05
22
2 21 4 48 19.15
104
3 26 2 48 455.79
2475
4 3 24 48 256.35
1392
5 12 5 19 325.22
1766
6 13 0 36 247.88
1346
7 1 0 23 367.95
1998
8 19 24 48 26.33
143
9 7 40 47 370.52
2012
10 6 7 48 754.12
4095
11 12 3 28 639.39
3472
12 2 0 27 15.29
83
13 15 11 29 24.68
134
14 28 14 46 339.77
1845
15 19 9 48 578.44
3141
16 17 1 41 149.90
814
17 13 0 22 3.87
21
18 22 14 47 183.42
996
19 25 1 45 295.57
1605
20 23 0 38 76.24
414
21 10 28 47 159.30
865
22 9 10 33 98.34
534
23 7 24 48 449.34
2440
24 1 0 2 195.94
1064
