30
1
5
0 150 0.1 0.1
5467
1 150 0.1 0.1
5422
2 170 0.1 0.1
5586
3 120 0.1 0.1
5442
4 130 0.0 0.1
5506
25
0 25 12 48 606.31
3325
1 5 1 40 138.95
762
2 1 0 41 77.50
425
3 20 0 48 37.02
203
4 5 3 28 421.41
2311
5 9 31 47 610.69
3349
6 30 9 47 171.96
943
7 7 31 47 16.23
89
8 15 0 39 375.64
2060
9 6 1 7 644.79
3536
10 8 2 20 890.23
4882
11 4 8 29 2.74
15
12 19 4 42 20.97
115
13 18 18 48 37.20
204
14 6 8 48 218.27
1197
15 19 7 46 35.38
194
16 9 0 25 34.83
191
17 34 9 48 920.13
5046
18 25 11 45 148.61
815
19 16 0 48 36.83
202
20 7 3 19 671.41
3682
21 8 8 47 148.80
816
22 20 8 37 646.43
3545
23 21 0 47 202.04
1108
24 44 1 47 67.65
371
