30
1
5
0 150 0.1 0.1
5522
1 150 0.1 0.1
5464
2 190 0.1 0.0
5479
3 150 0.1 0.1
5505
4 170 0.1 0.1
5471
25
0 24 13 40 411.25
2257
1 7 0 42 114.79
630
2 8 1 36 131.92
724
3 11 0 24 145.77
800
4 23 0 31 96.39
529
5 10 37 47 453.89
2491
6 1 18 47 40.09
220
7 25 9 48 480.13
2635
8 1 0 37 526.77
2891
9 9 0 41 612.96
3364
10 6 32 46 136.29
748
11 6 9 48 294.64
1617
12 13 16 39 623.35
3421
13 9 30 47 84.73
465
14 15 0 33 398.50
2187
15 3 4 28 99.12
544
16 14 1 47 79.44
436
17 23 18 46 499.63
2742
18 32 6 47 82.18
451
19 5 39 48 280.61
1540
20 6 2 32 605.13
3321
21 23 0 47 134.29
737
22 28 1 45 210.09
1153
23 29 1 47 117.34
644
24 6 0 18 615.51
3378
