30
1
5
0 130 0.0 0.1
5571
1 190 0.1 0.0
5534
2 130 0.0 0.1
5454
3 130 0.0 0.1
5336
4 170 0.1 0.1
5564
25
0 25 15 48 45.72
251
1 7 4 47 671.18
3685
2 18 6 39 326.57
1793
3 9 4 32 98.54
541
4 17 3 22 576.83
3167
5 7 1 43 30.78
169
6 10 2 35 246.98
1356
7 25 12 47 132.05
725
8 29 8 43 324.39
1781
9 37 5 44 264.46
1452
10 3 31 47 315.46
1732
11 22 15 45 438.40
2407
12 9 26 47 274.85
1509
13 16 11 35 508.16
2790
14 12 10 44 230.59
1266
15 11 3 39 32.24
177
16 6 0 24 117.30
644
17 10 16 47 150.08
824
18 10 0 47 569.73
3128
19 3 22 47 78.14
429
20 4 15 48 459.53
2523
21 8 0 36 751.32
4125
22 15 5 44 92.34
507
23 36 1 47 34.42
189
24 4 2 47 309.82
1701
