30
1
5
0 120 0.1 0.1
5530
1 150 0.1 0.1
5479
2 190 0.1 0.0
5495
3 150 0.1 0.1
5440
4 120 0.1 0.1
5468
25
0 23 20 48 549.41
3012
1 22 5 29 248.62
1363
2 10 26 48 58.19
319
3 6 37 47 239.68
1314
4 17 23 48 362.26
1986
5 9 18 43 221.08
1212
6 24 6 47 165.08
905
7 18 0 47 215.61
1182
8 9 38 48 177.12
971
9 10 8 43 70.04
384
10 15 9 28 566.56
3106
11 16 1 38 627.66
3441
12 4 0 46 386.16
2117
13 27 6 47 247.71
1358
14 20 6 33 259.93
1425
15 21 8 48 663.05
3635
16 4 10 32 127.50
699
17 3 2 18 63.84
350
18 23 1 48 62.20
341
19 7 1 48 21.16
116
20 8 17 42 286.56
1571
21 22 7 39 62.57
343
22 4 22 38 145.38
797
23 15 17 47 232.57
1275
24 7 11 44 303.16
1662
