30
1
5
0 170 0.1 0.1
5534
1 120 0.1 0.1
5347
2 170 0.1 0.1
5546
3 190 0.1 0.0
5522
4 130 0.0 0.1
5486
25
0 1 38 47 268.50
1473
1 13 6 41 868.75
4766
2 5 0 37 145.64
799
3 7 2 41 287.28
1576
4 15 3 48 302.77
1661
5 15 2 48 411.77
2259
6 4 6 39 292.74
1606
7 15 6 47 341.41
1873
8 12 1 17 198.14
1087
9 24 3 47 154.94
850
10 9 5 48 142.91
784
11 17 6 47 395.55
2170
12 3 5 37 203.43
1116
13 1 23 47 130.33
715
14 29 15 46 216.73
1189
15 5 33 48 457.16
2508
16 13 3 43 210.72
1156
17 25 22 48 17.68
97
18 10 18 48 31.35
172
19 5 2 15 196.32
1077
20 11 2 24 370.21
2031
21 7 35 48 133.43
732
22 16 3 34 139.63
766
23 25 3 48 156.76
860
24 7 1 21 176.63
969
