30
1
5
0 150 0.1 0.1
5414
1 150 0.1 0.1
5565
2 170 0.1 0.1
5393
3 130 0.0 0.1
5540
4 120 0.1 0.1
5605
25
0 23 1 47 108.14
595
1 12 0 47 753.53
4146
2 21 7 46 20.72
114
3 7 0 47 253.36
1394
4 1 29 48 407.30
2241
5 19 24 48 525.80
2893
6 2 3 36 33.62
185
7 20 0 48 164.12
903
8 18 4 31 344.23
1894
9 8 38 48 14.36
79
10 7 39 47 475.09
2614
11 14 8 36 325.88
1793
12 14 21 47 49.25
271
13 6 23 46 758.26
4172
14 11 24 48 454.01
2498
15 3 30 48 110.87
610
16 11 7 47 83.24
458
17 11 14 47 43.44
239
18 10 0 43 247.72
1363
19 40 0 48 178.30
981
20 37 0 46 581.05
3197
21 8 1 48 131.95
726
22 20 13 41 427.47
2352
23 15 20 48 390.58
2149
24 27 13 48 203.38
1119
