30
1
5
0 130 0.0 0.1
5458
1 190 0.1 0.0
5367
2 120 0.1 0.1
5524
3 130 0.0 0.1
5506
4 170 0.1 0.1
5460
25
0 12 14 41 209.06
1142
1 1 21 47 497.03
2715
2 32 11 47 139.50
762
3 27 6 48 317.99
1737
4 17 2 41 5.13
28
5 14 12 48 173.55
948
6 25 1 38 102.88
562
7 23 2 47 294.01
1606
8 3 21 47 370.53
2024
9 9 7 48 475.06
2595
10 12 1 48 6.59
36
11 4 1 38 203.21
1110
12 2 0 43 222.43
1215
13 5 1 10 239.64
1309
14 24 0 26 596.80
3260
15 3 10 48 459.68
2511
16 8 39 48 277.16
1514
17 44 2 47 465.54
2543
18 5 28 42 408.24
2230
19 23 4 47 138.77
758
20 23 5 44 792.32
4328
21 12 1 48 315.61
1724
22 2 0 48 141.33
772
23 9 26 39 697.12
3808
24 29 7 47 126.13
689
