30
1
5
0 150 0.1 0.1
5465
1 130 0.0 0.1
5469
2 130 0.0 0.1
5502
3 190 0.1 0.0
5479
4 170 0.1 0.1
5608
25
0 9 3 36 52.69
290
1 12 0 45 116.28
640
2 6 0 16 11.63
64
3 16 17 48 157.88
869
4 1 9 32 350.65
1930
5 30 7 48 345.38
1901
6 6 0 29 201.67
1110
7 13 0 43 420.78
2316
8 4 13 47 370.82
2041
9 11 1 29 448.03
2466
10 28 14 48 364.64
2007
11 9 0 48 169.33
932
12 4 22 47 297.96
1640
13 25 0 44 197.49
1087
14 10 21 48 218.56
1203
15 20 0 48 16.71
92
16 17 11 47 238.91
1315
17 32 9 47 487.27
2682
18 4 7 48 326.30
1796
19 17 0 17 293.96
1618
20 18 22 46 1.82
10
21 23 9 46 310.50
1709
22 1 11 27 230.92
1271
23 5 1 48 464.75
2558
24 11 28 47 495.09
2725
