30
1
5
0 190 0.1 0.0
5609
1 170 0.1 0.1
5441
2 170 0.1 0.1
5482
3 120 0.1 0.1
5482
4 130 0.0 0.1
5569
25
0 15 1 42 113.49
626
1 28 2 48 314.91
1737
2 29 4 40 292.61
1614
3 5 0 31 224.62
1239
4 21 14 38 154.46
852
5 11 21 48 482.42
2661
6 24 2 48 221.54
1222
7 8 9 47 533.91
2945
8 25 10 44 2.90
16
9 5 7 40 39.34
217
10 3 3 36 281.91
1555
11 37 5 47 505.45
2788
12 5 16 47 384.34
2120
13 4 2 27 413.53
2281
14 5 4 47 2.18
12
15 1 25 48 393.77
2172
16 4 0 9 480.25
2649
17 6 3 48 199.24
1099
18 17 17 48 79.23
437
19 14 22 47 265.41
1464
20 6 1 35 345.18
1904
21 26 6 43 369.11
2036
22 18 10 48 238.40
1315
23 12 6 30 466.47
2573
24 1 25 46 154.28
851
