30
1
5
0 130 0.0 0.1
5631
1 130 0.0 0.1
5350
2 130 0.0 0.1
5506
3 130 0.0 0.1
5535
4 170 0.1 0.1
5444
25
0 7 36 47 542.28
2978
1 44 0 44 21.67
119
2 8 0 23 121.09
665
3 7 0 37 394.78
2168
4 34 1 44 547.56
3007
5 1 22 44 293.54
1612
6 1 0 44 487.11
2675
7 6 28 40 150.41
826
8 6 4 38 325.41
1787
9 5 1 11 524.07
2878
10 7 3 16 56.09
308
11 1 0 10 305.74
1679
12 6 3 22 297.36
1633
13 5 15 48 238.00
1307
14 21 9 48 226.71
1245
15 45 1 47 514.06
2823
16 27 15 48 341.98
1878
17 22 8 47 281.16
1544
18 5 24 42 132.38
727
19 27 6 47 78.48
431
20 42 0 45 423.19
2324
21 4 4 47 131.66
723
22 3 6 47 705.81
3876
23 23 6 45 123.46
678
24 1 9 48 288.62
1585
