30
1
5
0 170 0.1 0.1
5373
1 190 0.1 0.0
5631
2 120 0.1 0.1
5251
3 130 0.0 0.1
5473
4 190 0.1 0.0
5461
25
0 13 1 47 69.00
375
1 2 22 31 410.31
2230
2 18 3 39 268.82
1461
3 5 0 24 248.39
1350
4 32 6 44 26.50
144
5 2 0 13 110.58
601
6 30 1 38 74.52
405
7 2 33 48 47.84
260
8 15 5 48 683.17
3713
9 7 8 25 66.24
360
10 19 13 48 214.54
1166
11 19 3 42 1.10
6
12 24 1 47 138.18
751
13 2 15 24 1.10
6
14 24 1 44 597.98
3250
15 6 0 46 282.25
1534
16 26 16 47 364.31
1980
17 13 5 33 467.16
2539
18 6 1 35 169.83
923
19 19 2 34 124.56
677
20 9 3 38 466.43
2535
21 17 3 48 361.18
1963
22 14 5 47 67.53
367
23 21 13 48 83.17
452
24 6 1 42 716.29
3893
