30
1
5
0 120 0.1 0.1
5466
1 170 0.1 0.1
5441
2 150 0.1 0.1
5480
3 170 0.1 0.1
5560
4 120 0.1 0.1
5499
25
0 6 35 47 65.59
360
1 16 3 46 326.11
1790
2 7 33 47 151.76
833
3 15 9 45 63.04
346
4 12 28 47 639.65
3511
5 24 4 32 36.25
199
6 3 24 32 28.24
155
7 11 19 47 304.61
1672
8 14 15 47 619.07
3398
9 15 21 46 263.44
1446
10 20 3 43 174.72
959
11 3 22 45 589.55
3236
12 18 1 44 186.92
1026
13 20 4 36 27.15
149
14 9 3 44 263.99
1449
15 35 1 45 321.56
1765
16 7 26 48 235.57
1293
17 13 0 32 432.33
2373
18 2 4 47 275.65
1513
19 15 5 48 100.93
554
20 3 0 48 337.04
1850
21 3 21 35 48.28
265
22 30 0 38 393.70
2161
23 4 0 32 397.89
2184
24 37 5 46 471.86
2590
