30
1
5
0 120 0.1 0.1
5547
1 190 0.1 0.0
5565
2 120 0.1 0.1
5655
3 150 0.1 0.1
5512
4 190 0.1 0.0
5585
25
0 8 3 24 154.87
863
1 35 1 45 304.72
1698
2 32 0 45 408.08
2274
3 15 2 28 171.20
954
4 2 0 25 134.59
750
5 3 16 47 273.49
1524
6 8 3 42 597.59
3330
7 30 7 45 288.21
1606
8 3 13 48 160.43
894
9 20 18 47 28.71
160
10 6 31 44 139.80
779
11 6 7 39 109.29
609
12 9 34 48 143.92
802
13 15 6 48 239.39
1334
14 34 2 45 47.20
263
15 5 12 48 698.44
3892
16 32 0 37 366.81
2044
17 24 14 48 192.74
1074
18 6 36 48 376.68
2099
19 21 9 45 380.09
2118
20 15 4 31 112.70
628
21 2 0 8 413.11
2302
22 28 16 48 578.93
3226
23 7 8 47 302.74
1687
24 3 39 47 148.95
830
