30
1
5
0 170 0.1 0.1
5492
1 170 0.1 0.1
5461
2 150 0.1 0.1
5650
3 130 0.0 0.1
5552
4 170 0.1 0.1
5602
25
0 3 39 47 724.61
4022
1 8 0 33 131.70
731
2 29 5 40 184.49
1024
3 30 0 45 289.52
1607
4 21 6 48 365.19
2027
5 28 0 48 96.03
533
6 14 17 37 111.34
618
7 26 8 46 405.73
2252
8 43 0 47 128.46
713
9 3 1 27 363.93
2020
10 3 35 47 345.19
1916
11 2 7 48 188.45
1046
12 24 21 47 483.20
2682
13 3 14 47 183.77
1020
14 9 6 15 581.39
3227
15 41 0 47 276.19
1533
16 11 20 48 295.47
1640
17 9 6 34 183.77
1020
18 11 1 48 127.19
706
19 17 4 47 111.34
618
20 2 34 44 163.23
906
21 2 15 43 414.91
2303
22 2 30 48 110.26
612
23 3 1 17 383.39
2128
24 2 29 48 116.39
646
