30
1
5
0 130 0.0 0.1
5401
1 150 0.1 0.1
5410
2 190 0.1 0.0
5522
3 190 0.1 0.0
5513
4 120 0.1 0.1
5391
25
0 12 28 45 237.39
1293
1 12 0 29 541.97
2952
2 3 1 47 169.09
921
3 14 3 32 178.45
972
4 3 43 47 114.75
625
5 20 0 35 0.37
2
6 1 19 44 134.76
734
7 1 7 45 476.06
2593
8 4 0 15 59.85
326
9 3 37 48 35.43
193
10 25 4 47 41.13
224
11 36 0 45 41.68
227
12 5 40 48 174.78
952
13 13 2 48 159.18
867
14 18 9 47 135.13
736
15 12 35 47 64.99
354
16 19 13 47 145.77
794
17 3 38 47 575.94
3137
18 6 13 30 94.00
512
19 3 5 48 517.37
2818
20 19 17 46 232.43
1266
21 6 12 37 409.23
2229
22 18 14 48 481.02
2620
23 19 26 48 138.61
755
24 11 7 48 562.53
3064
