30
1
5
0 170 0.1 0.1
5512
1 120 0.1 0.1
5417
2 130 0.0 0.1
5374
3 130 0.0 0.1
5572
4 190 0.1 0.0
5506
25
0 13 4 36 12.78
70
1 32 15 47 55.34
303
2 7 4 31 911.55
4991
3 9 22 47 791.74
4335
4 17 0 39 402.72
2205
5 7 22 47 647.09
3543
6 4 10 48 207.48
1136
7 28 14 43 83.28
456
8 29 7 37 31.23
171
9 11 5 36 216.24
1184
10 16 16 48 322.18
1764
11 5 7 39 10.96
60
12 5 2 23 146.48
802
13 28 6 44 196.52
1076
14 7 0 29 580.24
3177
15 29 14 47 10.96
60
16 37 1 41 78.53
430
17 6 1 13 955.75
5233
18 4 5 39 468.65
2566
19 23 11 48 197.62
1082
20 14 5 28 278.16
1523
21 23 23 47 338.80
1855
22 21 12 46 493.31
2701
23 26 1 48 379.34
2077
24 5 0 18 11.51
63
