30
1
5
0 170 0.1 0.1
5496
1 170 0.1 0.1
5663
2 190 0.1 0.0
5477
3 190 0.1 0.0
5321
4 150 0.1 0.1
5458
25
0 5 1 24 146.69
804
1 11 6 47 524.92
2877
2 16 13 48 215.30
1180
3 5 2 28 543.35
2978
4 10 32 47 106.01
581
5 4 0 31 14.96
82
6 15 8 45 144.32
791
7 17 6 44 490.80
2690
8 15 4 48 69.15
379
9 10 0 48 317.29
1739
10 20 11 47 174.61
957
11 3 25 41 55.28
303
12 10 14 48 87.40
479
13 22 10 39 13.87
76
14 3 5 43 133.92
734
15 28 1 47 602.46
3302
16 6 1 25 372.57
2042
17 22 5 41 243.58
1335
18 1 0 35 722.70
3961
19 12 35 47 268.57
1472
20 19 4 47 415.45
2277
21 10 10 48 307.25
1684
22 10 35 47 548.82
3008
23 20 6 47 580.93
3184
24 28 11 48 473.29
2594
