30
1
5
0 120 0.1 0.1
5481
1 170 0.1 0.1
5586
2 150 0.1 0.1
5658
3 190 0.1 0.0
5414
4 170 0.1 0.1
5473
25
0 17 1 43 783.73
4327
1 23 21 48 110.49
610
2 25 20 48 429.81
2373
3 12 1 42 347.04
1916
4 31 7 48 339.43
1874
5 2 0 15 64.66
357
6 18 5 47 179.50
991
7 7 0 16 479.98
2650
8 18 2 42 95.45
527
9 17 3 45 229.12
1265
10 30 0 35 118.46
654
11 8 4 41 641.19
3540
12 10 14 47 408.80
2257
13 6 8 47 358.63
1980
14 9 10 47 73.72
407
15 9 0 48 95.45
527
16 2 6 26 381.45
2106
17 24 23 47 151.78
838
18 10 3 42 438.32
2420
19 2 34 47 155.41
858
20 5 1 25 285.45
1576
21 8 8 47 430.36
2376
22 13 0 23 223.15
1232
23 14 20 47 270.96
1496
24 25 9 47 304.11
1679
