30
1
5
0 190 0.1 0.0
5480
1 190 0.1 0.0
5450
2 120 0.1 0.1
5576
3 190 0.1 0.0
5492
4 130 0.0 0.1
5586
25
0 18 2 33 156.45
863
1 8 11 47 257.96
1423
2 41 0 48 369.45
2038
3 6 2 22 114.03
629
4 28 0 40 229.68
1267
5 8 26 39 331.02
1826
6 16 28 48 288.24
1590
7 36 2 39 360.93
1991
8 6 0 9 142.49
786
9 4 3 8 38.25
211
10 6 27 47 458.28
2528
11 18 8 35 76.50
422
12 23 18 47 178.74
986
13 17 10 47 168.77
931
14 15 3 42 192.34
1061
15 13 7 47 282.07
1556
16 15 2 47 146.84
810
17 10 31 47 404.62
2232
18 5 0 33 298.57
1647
19 25 15 48 175.30
967
20 15 3 36 638.48
3522
21 21 14 47 69.61
384
22 6 0 45 309.27
1706
23 28 0 34 308.90
1704
24 5 0 28 74.51
411
