30
1
5
0 190 0.1 0.0
5481
1 170 0.1 0.1
5467
2 170 0.1 0.1
5514
3 120 0.1 0.1
5625
4 150 0.1 0.1
5559
25
0 21 19 48 77.60
429
1 33 7 48 458.71
2536
2 2 6 10 397.03
2195
3 21 12 48 26.05
144
4 3 0 37 500.13
2765
5 5 2 18 503.02
2781
6 5 1 45 67.83
375
7 17 2 47 457.08
2527
8 24 1 48 187.03
1034
9 7 0 18 705.24
3899
10 1 0 48 409.51
2264
11 3 2 31 614.80
3399
12 19 23 47 438.63
2425
13 34 8 47 7.96
44
14 22 24 47 384.18
2124
15 7 0 36 108.35
599
16 7 1 36 7.78
43
17 8 1 26 21.89
121
18 29 16 47 671.96
3715
19 24 14 47 440.80
2437
20 13 7 47 300.44
1661
21 5 1 22 277.47
1534
22 1 0 21 286.69
1585
23 28 18 47 280.54
1551
24 2 2 36 207.29
1146
