30
1
5
0 170 0.1 0.1
5537
1 190 0.1 0.0
5480
2 150 0.1 0.1
5597
3 130 0.0 0.1
5521
4 150 0.1 0.1
5490
25
0 9 26 47 223.54
1235
1 27 8 41 26.97
149
2 12 19 46 327.26
1808
3 6 1 37 165.08
912
4 19 7 40 123.26
681
5 41 2 48 65.34
361
6 6 5 37 489.08
2702
7 19 0 48 117.47
649
8 2 17 41 17.92
99
9 5 9 38 380.47
2102
10 27 17 47 195.85
1082
11 3 1 46 152.04
840
12 2 0 46 392.42
2168
13 12 19 48 610.35
3372
14 6 22 41 39.10
216
15 11 32 47 271.15
1498
16 4 2 42 62.08
343
17 15 5 32 228.07
1260
18 18 0 47 604.56
3340
19 28 0 47 400.02
2210
20 9 25 48 280.56
1550
21 27 2 43 14.12
78
22 13 5 25 139.01
768
23 14 15 48 408.71
2258
24 4 21 47 268.25
1482
