30
1
5
0 150 0.1 0.1
5372
1 170 0.1 0.1
5457
2 120 0.1 0.1
5513
3 170 0.1 0.1
5601
4 170 0.1 0.1
5515
25
0 26 0 27 365.72
2008
1 7 23 48 244.97
1345
2 25 3 44 278.48
1529
3 23 19 47 262.27
1440
4 3 0 44 83.78
460
5 16 1 30 173.93
955
6 8 5 18 205.99
1131
7 11 26 47 698.11
3833
8 30 1 48 310.35
1704
9 11 15 39 380.65
2090
10 3 13 38 48.08
264
11 7 0 32 43.71
240
12 3 0 45 153.54
843
13 17 1 47 40.07
220
14 26 1 40 214.55
1178
15 13 17 48 49.72
273
16 17 0 36 308.71
1695
17 13 11 40 661.86
3634
18 5 20 48 576.26
3164
19 10 9 46 7.83
43
20 15 4 47 92.16
506
21 3 0 45 184.68
1014
22 16 0 33 93.07
511
23 18 4 43 59.74
328
24 19 6 48 461.70
2535
