30
1
5
0 190 0.1 0.0
5629
1 190 0.1 0.0
5516
2 190 0.1 0.0
5536
3 150 0.1 0.1
5415
4 170 0.1 0.1
5581
25
0 35 4 46 32.88
182
1 5 0 38 241.58
1337
2 37 2 45 472.86
2617
3 5 29 48 73.54
407
4 12 16 34 451.53
2499
5 11 2 48 466.53
2582
6 7 2 18 717.50
3971
7 20 0 28 49.51
274
8 36 5 47 300.66
1664
9 5 30 48 435.81
2412
10 16 8 38 282.95
1566
11 30 6 47 456.77
2528
12 24 1 39 13.91
77
13 36 0 44 127.93
708
14 15 15 47 66.31
367
15 12 0 25 134.07
742
16 5 29 47 946.07
5236
17 35 2 43 368.96
2042
18 4 0 45 264.70
1465
19 6 0 24 13.01
72
20 3 0 35 209.78
1161
21 4 0 23 429.67
2378
22 2 1 38 638.00
3531
23 5 37 48 482.25
2669
24 9 14 48 319.99
1771
