30
1
5
0 190 0.1 0.0
5359
1 190 0.1 0.0
5526
2 170 0.1 0.1
5410
3 190 0.1 0.0
5479
4 120 0.1 0.1
5654
25
0 17 7 48 185.64
1018
1 13 21 41 160.29
879
2 32 11 46 155.37
852
3 3 15 47 41.58
228
4 26 11 47 65.28
358
5 7 2 47 55.98
307
6 13 2 41 38.84
213
7 2 7 38 81.33
446
8 8 7 48 176.89
970
9 14 12 47 408.30
2239
10 15 4 35 522.27
2864
11 17 1 26 605.43
3320
12 9 13 38 107.41
589
13 17 4 44 180.35
989
14 16 8 48 75.13
412
15 17 2 31 70.39
386
16 17 7 33 625.30
3429
17 28 0 28 345.20
1893
18 5 1 15 109.78
602
19 1 0 23 424.16
2326
20 32 10 43 59.27
325
21 1 0 24 170.87
937
22 39 3 43 198.04
1086
23 2 15 45 56.35
309
24 40 0 47 422.89
2319
