30
1
5
0 120 0.1 0.1
5372
1 170 0.1 0.1
5449
2 150 0.1 0.1
5634
3 130 0.0 0.1
5540
4 190 0.1 0.0
5385
25
0 10 23 48 38.36
210
1 4 20 44 145.04
794
2 19 2 31 223.23
1222
3 18 3 35 233.09
1276
4 4 0 23 159.29
872
5 21 4 40 295.93
1620
6 23 0 39 142.49
780
7 6 32 48 67.77
371
8 15 8 23 610.31
3341
9 20 14 44 215.37
1179
10 4 1 23 373.39
2044
11 17 1 36 190.71
1044
12 14 4 47 429.47
2351
13 11 5 41 421.79
2309
14 10 2 23 233.27
1277
15 11 26 47 258.67
1416
16 18 7 47 324.61
1777
17 15 19 47 499.80
2736
18 36 6 48 675.35
3697
19 17 3 47 47.13
258
20 18 9 40 392.02
2146
21 1 10 34 79.65
436
22 14 29 48 366.44
2006
23 33 5 42 119.83
656
24 1 10 37 270.91
1483
