30
1
5
0 150 0.1 0.1
5409
1 190 0.1 0.0
5502
2 120 0.1 0.1
5533
3 190 0.1 0.0
5424
4 120 0.1 0.1
5366
25
0 14 0 47 78.40
427
1 13 5 40 595.84
3245
2 21 6 48 681.22
3710
3 8 2 43 849.23
4625
4 2 10 29 504.58
2748
5 5 0 47 430.03
2342
6 12 22 48 224.20
1221
7 26 6 45 293.97
1601
8 6 1 48 409.10
2228
9 5 7 47 454.64
2476
10 1 0 8 401.57
2187
11 7 0 10 473.73
2580
12 21 1 25 111.27
606
13 23 7 48 76.94
419
14 13 7 43 152.22
829
15 1 0 26 12.30
67
16 14 2 48 104.85
571
17 2 13 33 164.89
898
18 2 4 47 119.90
653
19 2 41 47 655.15
3568
20 26 2 44 341.71
1861
21 5 2 38 298.56
1626
22 32 2 46 129.08
703
23 20 2 38 406.90
2216
24 21 12 48 662.49
3608
