30
1
5
0 120 0.1 0.1
5549
1 190 0.1 0.0
5624
2 120 0.1 0.1
5432
3 120 0.1 0.1
5363
4 120 0.1 0.1
5473
25
0 10 24 35 108.08
593
1 13 2 41 509.60
2796
2 12 8 48 461.48
2532
3 10 7 48 133.41
732
4 7 32 47 41.19
226
5 15 4 36 802.49
4403
6 19 0 47 60.87
334
7 18 1 20 378.00
2074
8 9 1 48 145.62
799
9 20 22 48 138.15
758
10 5 9 20 69.81
383
11 9 3 44 111.54
612
12 14 0 47 105.16
577
13 8 27 48 112.45
617
14 25 6 47 141.07
774
15 7 0 38 524.54
2878
16 13 7 23 160.02
878
17 10 16 40 86.39
474
18 5 1 40 439.24
2410
19 14 23 48 614.21
3370
20 7 4 39 509.23
2794
21 11 27 48 123.02
675
22 19 1 20 305.28
1675
23 5 15 33 525.82
2885
24 7 7 43 130.50
716
