30
1
5
0 170 0.1 0.1
5503
1 170 0.1 0.1
5527
2 170 0.1 0.1
5556
3 130 0.0 0.1
5511
4 130 0.0 0.1
5678
25
0 2 33 47 196.79
1093
1 7 0 37 597.38
3318
2 2 23 26 324.44
1802
3 40 1 47 183.82
1021
4 11 35 47 736.91
4093
5 10 13 48 28.63
159
6 4 24 47 512.76
2848
7 2 42 48 626.91
3482
8 13 9 35 260.16
1445
9 20 2 32 478.91
2660
10 15 3 46 344.78
1915
11 13 23 47 63.55
353
12 5 28 47 317.23
1762
13 10 27 47 241.44
1341
14 2 32 47 11.34
63
15 11 21 34 77.78
432
16 24 0 41 334.16
1856
17 5 29 45 262.68
1459
18 2 22 29 216.95
1205
19 24 5 48 232.07
1289
20 24 2 46 270.24
1501
21 23 11 46 14.58
81
22 20 4 41 210.65
1170
23 21 9 47 157.72
876
24 6 0 26 179.14
995
