30
1
5
0 150 0.1 0.1
5521
1 120 0.1 0.1
5600
2 150 0.1 0.1
5444
3 120 0.1 0.1
5683
4 150 0.1 0.1
5567
25
0 27 9 48 202.99
1129
1 12 0 13 152.47
848
2 1 21 48 118.67
660
3 38 5 47 256.93
1429
4 1 38 48 125.50
698
5 13 5 47 34.70
193
6 5 10 29 510.08
2837
7 25 18 48 380.45
2116
8 14 14 46 125.32
697
9 13 1 32 45.13
251
10 1 44 47 543.52
3023
11 18 1 47 730.69
4064
12 19 0 24 214.86
1195
13 24 0 47 282.46
1571
14 31 5 48 350.06
1947
15 10 9 19 311.95
1735
16 7 0 19 80.73
449
17 23 1 31 594.59
3307
18 9 3 40 337.30
1876
19 9 0 47 542.98
3020
20 21 20 47 387.82
2157
21 24 0 41 68.32
380
22 23 17 48 68.32
380
23 13 30 48 87.92
489
24 5 3 19 152.65
849
