30
1
5
0 130 0.0 0.1
5451
1 130 0.0 0.1
5411
2 120 0.1 0.1
5547
3 130 0.0 0.1
5458
4 130 0.0 0.1
5378
25
0 14 1 34 369.65
2014
1 15 5 42 131.41
716
2 31 1 42 357.54
1948
3 3 0 27 119.85
653
4 7 7 21 525.66
2864
5 6 0 37 878.42
4786
6 7 0 20 10.09
55
7 15 9 48 549.70
2995
8 21 4 48 230.89
1258
9 19 8 33 113.98
621
10 40 2 48 8.26
45
11 30 0 44 284.67
1551
12 7 14 27 95.81
522
13 6 8 14 104.98
572
14 41 3 47 141.88
773
15 27 17 47 625.87
3410
16 4 0 13 273.66
1491
17 7 15 47 254.02
1384
18 9 13 45 553.01
3013
19 12 32 48 148.67
810
20 3 8 37 579.44
3157
21 27 2 43 169.77
925
22 18 4 48 203.00
1106
23 34 0 40 142.79
778
24 11 20 48 688.27
3750
