30
1
5
0 130 0.0 0.1
5425
1 150 0.1 0.1
5432
2 130 0.0 0.1
5525
3 190 0.1 0.0
5428
4 170 0.1 0.1
5357
25
0 5 6 47 106.39
578
1 3 26 48 153.51
834
2 17 7 40 700.92
3808
3 17 5 48 61.11
332
4 11 8 26 408.26
2218
5 8 3 48 92.03
500
6 25 10 47 68.84
374
7 22 6 42 470.29
2555
8 4 8 34 398.32
2164
9 8 0 13 533.42
2898
10 13 3 48 183.70
998
11 3 0 27 562.32
3055
12 4 5 30 54.48
296
13 15 0 48 133.08
723
14 11 1 48 80.99
440
15 10 2 48 144.86
787
16 9 0 26 944.07
5129
17 9 3 48 438.81
2384
18 14 10 47 449.85
2444
19 4 0 44 471.57
2562
20 3 2 46 538.57
2926
21 21 22 48 68.66
373
22 8 36 48 556.24
3022
23 17 29 47 94.61
514
24 15 12 48 667.79
3628
