30
1
5
0 170 0.1 0.1
5608
1 150 0.1 0.1
5511
2 150 0.1 0.1
5514
3 170 0.1 0.1
5506
4 190 0.1 0.0
5469
25
0 37 2 46 250.31
1382
1 2 1 47 306.27
1691
2 19 2 30 765.41
4226
3 17 5 44 119.00
657
4 11 25 44 26.08
144
5 43 0 46 443.56
2449
6 19 14 47 439.40
2426
7 3 32 47 402.09
2220
8 26 3 42 26.62
147
9 4 5 47 113.56
627
10 23 1 27 106.68
589
11 27 3 35 166.27
918
12 16 27 45 151.60
837
13 5 39 48 632.11
3490
14 12 18 44 354.63
1958
15 12 16 47 138.01
762
16 1 3 48 195.97
1082
17 25 1 30 63.57
351
18 10 12 48 145.26
802
19 21 0 37 181.30
1001
20 1 9 47 358.80
1981
21 3 6 47 383.79
2119
22 14 8 47 559.48
3089
23 13 28 44 183.29
1012
24 21 23 48 90.02
497
