30
1
5
0 150 0.1 0.1
5599
1 170 0.1 0.1
5444
2 170 0.1 0.1
5518
3 130 0.0 0.1
5371
4 190 0.1 0.0
5455
25
0 21 3 47 580.68
3180
1 10 0 24 211.46
1158
2 11 7 36 538.86
2951
3 7 4 48 74.69
409
4 37 6 48 772.60
4231
5 2 12 29 622.68
3410
6 17 0 48 653.17
3577
7 3 19 35 15.52
85
8 2 3 46 458.52
2511
9 19 4 47 494.86
2710
10 28 2 44 105.36
577
11 24 10 47 120.15
658
12 2 1 16 4.57
25
13 12 6 34 15.16
83
14 4 2 48 684.40
3748
15 17 1 32 166.90
914
16 25 0 42 235.74
1291
17 29 4 39 471.67
2583
18 12 2 31 379.63
2079
19 2 1 15 130.38
714
20 22 11 39 37.25
204
21 15 15 47 9.68
53
22 24 21 47 710.33
3890
23 19 5 43 28.67
157
24 41 4 47 4.38
24
