30
1
5
0 190 0.1 0.0
5542
1 170 0.1 0.1
5348
2 130 0.0 0.1
5419
3 150 0.1 0.1
5383
4 170 0.1 0.1
5447
25
0 9 10 40 116.27
631
1 2 0 29 106.14
576
2 24 4 33 133.22
723
3 22 8 43 300.17
1629
4 13 12 31 137.09
744
5 14 20 47 96.92
526
6 15 22 46 57.12
310
7 10 6 46 363.92
1975
8 39 0 46 306.80
1665
9 14 0 33 401.51
2179
10 6 17 48 140.04
760
11 16 7 28 199.93
1085
12 25 14 43 522.39
2835
13 19 8 44 127.14
690
14 5 40 48 412.01
2236
15 3 9 48 322.65
1751
16 4 2 48 319.88
1736
17 16 16 47 200.29
1087
18 22 0 43 219.09
1189
19 17 5 29 331.49
1799
20 4 15 47 408.33
2216
21 19 0 47 165.84
900
22 9 28 47 960.38
5212
23 24 9 44 4.61
25
24 13 5 46 86.60
470
