30
1
5
0 150 0.1 0.1
5524
1 130 0.0 0.1
5366
2 120 0.1 0.1
5601
3 120 0.1 0.1
5352
4 130 0.0 0.1
5543
25
0 1 0 33 198.34
1086
1 20 8 47 104.29
571
2 7 10 47 309.57
1695
3 6 0 18 270.12
1479
4 10 30 48 148.48
813
5 27 4 35 271.95
1489
6 21 7 48 324.73
1778
7 14 9 48 564.53
3091
8 19 0 20 40.55
222
9 40 3 47 139.72
765
10 4 1 28 120.91
662
11 11 13 36 481.61
2637
12 17 14 48 165.10
904
13 34 7 48 179.71
984
14 17 3 32 399.42
2187
15 24 0 38 428.28
2345
16 11 7 33 51.87
284
17 6 0 8 591.74
3240
18 14 2 19 434.86
2381
19 7 17 48 139.72
765
20 25 1 34 146.66
803
21 1 0 10 654.57
3584
22 33 1 48 259.89
1423
23 27 3 47 220.62
1208
24 11 0 47 153.78
842
