30
1
5
0 190 0.1 0.0
5515
1 130 0.0 0.1
5531
2 130 0.0 0.1
5712
3 120 0.1 0.1
5505
4 170 0.1 0.1
5501
25
0 4 3 48 603.78
3352
1 9 3 23 229.30
1273
2 9 28 46 112.22
623
3 26 0 38 82.14
456
4 25 6 47 386.91
2148
5 29 0 45 369.44
2051
6 3 10 48 141.22
784
7 7 4 34 59.26
329
8 15 0 48 341.70
1897
9 2 1 9 298.83
1659
10 3 6 29 191.11
1061
11 3 7 46 253.26
1406
12 24 0 48 257.22
1428
13 6 20 42 369.80
2053
14 12 29 48 102.49
569
15 22 23 48 154.37
857
16 23 24 48 221.56
1230
17 3 0 39 83.58
464
18 22 2 46 138.52
769
19 27 7 47 232.00
1288
20 3 40 48 119.24
662
21 25 15 48 526.33
2922
22 28 1 44 86.28
479
23 5 23 41 151.49
841
24 11 2 20 116.90
649
