30
1
5
0 150 0.1 0.1
5452
1 150 0.1 0.1
5454
2 130 0.0 0.1
5421
3 130 0.0 0.1
5364
4 150 0.1 0.1
5382
25
0 30 12 43 107.31
581
1 9 0 41 402.63
2180
2 6 37 48 250.08
1354
3 24 1 42 260.23
1409
4 29 12 47 210.74
1141
5 32 1 39 370.87
2008
6 13 10 48 195.78
1060
7 6 16 48 475.77
2576
8 5 8 47 239.73
1298
9 5 0 36 274.46
1486
10 13 24 44 7.20
39
11 23 8 45 179.71
973
12 18 3 37 620.20
3358
13 8 17 39 33.24
180
14 18 3 22 500.89
2712
15 2 1 37 493.50
2672
16 17 3 41 10.16
55
17 8 38 47 161.98
877
18 11 21 39 408.54
2212
19 25 6 47 168.26
911
20 34 8 48 475.96
2577
21 8 28 47 407.25
2205
22 9 0 31 441.79
2392
23 33 7 47 213.51
1156
24 16 13 39 384.72
2083
