30
1
5
0 130 0.0 0.1
5573
1 150 0.1 0.1
5546
2 150 0.1 0.1
5519
3 150 0.1 0.1
5534
4 150 0.1 0.1
5640
25
0 8 2 48 15.64
87
1 25 6 42 26.25
146
2 1 0 25 692.55
3852
3 25 1 38 442.82
2463
4 22 2 38 256.92
1429
5 13 12 48 206.04
1146
6 21 12 44 156.42
870
7 8 18 47 206.04
1146
8 8 28 47 199.75
1111
9 8 39 48 323.62
1800
10 2 36 43 295.03
1641
11 7 2 12 512.04
2848
12 22 9 47 257.46
1432
13 44 2 48 269.68
1500
14 7 21 47 736.06
4094
15 36 3 47 571.91
3181
16 19 14 48 433.47
2411
17 2 1 15 421.43
2344
18 10 2 42 329.73
1834
19 2 0 13 208.20
1158
20 19 6 47 169.72
944
21 5 2 32 318.05
1769
22 20 0 29 453.07
2520
23 22 4 43 407.40
2266
24 11 15 30 115.42
642
