30
1
5
0 130 0.0 0.1
5579
1 190 0.1 0.0
5621
2 120 0.1 0.1
5695
3 190 0.1 0.0
5462
4 120 0.1 0.1
5426
25
0 11 28 47 820.37
4557
1 28 2 38 115.40
641
2 17 0 32 36.36
202
3 20 11 47 372.47
2069
4 6 0 10 74.35
413
5 5 2 24 297.40
1652
6 13 4 47 0.72
4
7 10 8 43 39.43
219
8 4 2 48 599.12
3328
9 7 13 38 5.04
28
10 18 27 48 561.86
3121
11 17 0 18 5.22
29
12 12 2 33 348.35
1935
13 25 0 31 189.03
1050
14 3 12 47 373.91
2077
15 2 4 44 171.74
954
16 29 5 48 413.52
2297
17 27 0 46 482.29
2679
18 16 18 45 13.50
75
19 18 18 48 255.09
1417
20 21 4 48 223.23
1240
21 4 3 34 1.08
6
22 3 26 29 640.53
3558
23 10 2 47 111.07
617
24 3 24 48 418.56
2325
