30
1
5
0 130 0.0 0.1
5549
1 190 0.1 0.0
5496
2 190 0.1 0.0
5504
3 190 0.1 0.0
5493
4 150 0.1 0.1
5444
25
0 8 3 23 260.51
1432
1 14 26 47 582.50
3202
2 35 10 47 136.07
748
3 17 4 48 85.14
468
4 2 0 43 277.42
1525
5 19 6 41 24.38
134
6 2 19 48 62.76
345
7 18 6 48 512.28
2816
8 25 0 43 601.60
3307
9 2 0 39 353.83
1945
10 6 0 32 127.34
700
11 6 17 40 35.47
195
12 6 7 28 522.65
2873
13 11 20 48 40.93
225
14 26 15 48 154.27
848
15 11 2 35 676.19
3717
16 2 43 48 103.69
570
17 20 4 41 250.50
1377
18 20 21 47 779.88
4287
19 13 6 37 479.72
2637
20 2 0 45 214.30
1178
21 31 1 43 205.38
1129
22 13 26 48 718.39
3949
23 28 2 34 417.50
2295
24 26 1 44 282.34
1552
