30
1
5
0 150 0.1 0.1
5436
1 120 0.1 0.1
5475
2 190 0.1 0.0
5481
3 150 0.1 0.1
5513
4 130 0.0 0.1
5313
25
0 24 21 47 385.84
2100
1 13 6 36 397.41
2163
2 12 2 47 217.72
1185
3 4 35 47 148.27
807
4 18 16 43 345.60
1881
5 23 16 43 183.18
997
6 8 30 48 589.78
3210
7 24 18 47 218.27
1188
8 9 1 26 610.54
3323
9 11 0 15 267.88
1458
10 11 2 48 402.19
2189
11 34 0 37 210.56
1146
12 22 20 48 341.56
1859
13 4 16 48 722.44
3932
14 6 35 47 544.03
2961
15 12 0 31 246.94
1344
16 15 5 45 15.43
84
17 6 0 39 469.25
2554
18 16 1 43 235.36
1281
19 3 42 47 289.20
1574
20 31 8 47 179.14
975
21 9 10 35 305.91
1665
22 36 1 47 99.22
540
23 16 1 47 224.89
1224
24 5 0 19 60.63
330
