30
1
5
0 190 0.1 0.0
5372
1 120 0.1 0.1
5382
2 190 0.1 0.0
5454
3 120 0.1 0.1
5557
4 170 0.1 0.1
5543
25
0 2 22 48 73.62
402
1 24 0 47 79.66
435
2 15 31 46 206.57
1128
3 33 4 48 497.39
2716
4 7 13 47 23.26
127
5 34 7 47 146.69
801
6 11 2 35 64.65
353
7 26 14 46 285.32
1558
8 1 34 47 398.50
2176
9 7 36 47 638.95
3489
10 6 6 46 143.39
783
11 5 2 12 725.03
3959
12 5 15 46 54.76
299
13 1 13 47 490.61
2679
14 16 1 38 256.20
1399
15 9 0 47 479.81
2620
16 22 10 41 173.98
950
17 3 13 48 414.98
2266
18 8 0 33 119.40
652
19 20 17 47 360.41
1968
20 10 10 43 694.81
3794
21 18 0 44 496.66
2712
22 3 41 47 133.50
729
23 19 6 41 148.89
813
24 18 17 48 571.56
3121
