30
1
5
0 150 0.1 0.1
5518
1 150 0.1 0.1
5320
2 150 0.1 0.1
5460
3 170 0.1 0.1
5378
4 150 0.1 0.1
5379
25
0 18 0 22 72.64
393
1 20 2 30 139.00
752
2 27 0 33 367.28
1987
3 12 8 44 29.39
159
4 18 2 46 224.03
1212
5 29 11 48 258.77
1400
6 22 2 28 361.55
1956
7 17 25 46 3.14
17
8 1 37 47 725.68
3926
9 20 9 47 317.37
1717
10 24 17 48 276.33
1495
11 27 2 48 74.49
403
12 24 9 45 230.31
1246
13 42 1 45 510.34
2761
14 16 2 45 279.66
1513
15 3 10 48 470.23
2544
16 3 36 48 2.59
14
17 23 7 46 66.54
360
18 3 34 47 410.71
2222
19 14 17 48 148.80
805
20 19 16 47 512.93
2775
21 3 0 27 250.64
1356
22 4 25 48 434.19
2349
23 3 17 47 141.77
767
24 21 24 48 102.96
557
