30
1
5
0 170 0.1 0.1
5543
1 190 0.1 0.0
5583
2 120 0.1 0.1
5526
3 150 0.1 0.1
5445
4 130 0.0 0.1
5442
25
0 43 0 48 193.20
1064
1 28 4 45 118.75
654
2 9 15 35 172.86
952
3 7 3 10 111.85
616
4 10 13 48 90.61
499
5 15 8 46 318.49
1754
6 3 10 48 236.96
1305
7 40 2 47 772.62
4255
8 22 21 47 338.28
1863
9 26 15 46 40.86
225
10 14 8 47 160.52
884
11 2 10 48 303.42
1671
12 3 26 48 154.71
852
13 4 1 47 47.39
261
14 1 0 28 462.66
2548
15 16 11 34 349.36
1924
16 7 23 40 593.40
3268
17 2 0 6 191.02
1052
18 8 5 33 270.92
1492
19 19 2 40 225.88
1244
20 1 0 47 80.08
441
21 6 41 48 500.61
2757
22 25 3 47 69.00
380
23 16 0 48 228.97
1261
24 29 8 48 167.60
923
