30
1
5
0 170 0.1 0.1
5401
1 150 0.1 0.1
5541
2 130 0.0 0.1
5476
3 170 0.1 0.1
5565
4 120 0.1 0.1
5567
25
0 9 28 47 180.24
993
1 7 0 44 329.26
1814
2 13 9 48 704.09
3879
3 16 2 24 436.72
2406
4 36 0 44 696.28
3836
5 18 6 41 168.26
927
6 8 1 41 441.26
2431
7 11 7 37 576.30
3175
8 2 21 47 248.49
1369
9 2 15 47 355.58
1959
10 26 2 47 410.58
2262
11 14 5 47 137.77
759
12 6 9 48 255.57
1408
13 23 10 44 9.08
50
14 13 20 34 387.35
2134
15 9 9 36 438.35
2415
16 10 13 48 130.51
719
17 17 15 34 62.08
342
18 5 33 45 346.33
1908
19 2 42 48 245.22
1351
20 11 2 44 84.58
466
21 17 3 41 196.58
1083
22 12 3 47 39.93
220
23 20 0 47 193.13
1064
24 7 2 33 157.92
870
