30
1
5
0 150 0.1 0.1
5468
1 150 0.1 0.1
5441
2 120 0.1 0.1
5443
3 190 0.1 0.0
5333
4 170 0.1 0.1
5507
25
0 3 6 48 196.22
1067
1 19 4 48 123.40
671
2 33 9 47 227.67
1238
3 26 4 47 260.77
1418
4 6 0 14 350.14
1904
5 35 9 47 258.56
1406
6 3 6 48 519.88
2827
7 8 8 35 391.15
2127
8 16 4 33 91.58
498
9 27 16 46 279.16
1518
10 12 9 40 203.94
1109
11 13 9 34 420.21
2285
12 29 12 48 115.12
626
13 16 6 40 413.04
2246
14 18 2 33 192.54
1047
15 3 0 16 523.93
2849
16 2 11 48 265.00
1441
17 31 12 46 200.45
1090
18 39 1 47 94.89
516
19 7 27 47 323.66
1760
20 11 10 44 135.35
736
21 6 0 33 238.15
1295
22 8 3 48 454.05
2469
23 14 6 29 565.12
3073
24 9 11 47 167.72
912
