30
1
5
0 120 0.1 0.1
5684
1 170 0.1 0.1
5671
2 170 0.1 0.1
5633
3 120 0.1 0.1
5603
4 170 0.1 0.1
5501
25
0 14 15 48 655.26
3681
1 3 20 47 794.11
4461
2 18 0 26 500.92
2814
3 15 13 48 485.97
2730
4 27 7 48 190.83
1072
5 13 0 22 231.59
1301
6 3 42 47 148.46
834
7 19 9 33 363.68
2043
8 7 1 19 306.36
1721
9 24 11 47 445.92
2505
10 17 1 47 412.99
2320
11 6 0 25 277.52
1559
12 37 6 48 221.62
1245
13 13 4 47 93.99
528
14 14 22 47 107.87
606
15 25 12 47 313.30
1760
16 16 11 47 123.54
694
17 16 10 38 100.75
566
18 7 32 48 400.88
2252
19 20 5 39 64.97
365
20 4 23 47 161.28
906
21 40 0 44 133.69
751
22 3 38 47 451.61
2537
23 12 7 33 191.18
1074
24 9 4 44 372.04
2090
