30
1
5
0 190 0.1 0.0
5495
1 150 0.1 0.1
5418
2 150 0.1 0.1
5658
3 130 0.0 0.1
5596
4 120 0.1 0.1
5433
25
0 19 3 46 136.63
754
1 9 4 48 310.96
1716
2 30 0 44 113.08
624
3 24 7 44 60.16
332
4 25 7 48 119.42
659
5 3 0 8 330.35
1823
6 9 22 47 124.67
688
7 3 14 47 60.16
332
8 20 24 48 805.12
4443
9 3 12 24 410.08
2263
10 25 13 48 66.14
365
11 2 19 42 92.60
511
12 19 3 32 245.54
1355
13 21 1 48 410.08
2263
14 3 1 43 318.75
1759
15 3 0 27 302.26
1668
16 19 4 47 107.46
593
17 19 2 47 329.26
1817
18 16 2 35 326.72
1803
19 7 0 30 445.78
2460
20 12 2 23 202.41
1117
21 9 3 26 764.89
4221
22 3 42 48 101.84
562
23 7 0 23 316.76
1748
24 18 20 47 96.95
535
