30
1
5
0 170 0.1 0.1
5384
1 190 0.1 0.0
5468
2 130 0.0 0.1
5420
3 170 0.1 0.1
5383
4 150 0.1 0.1
5485
25
0 8 20 35 441.81
2398
1 2 6 38 336.06
1824
2 27 0 33 499.48
2711
3 17 26 48 289.07
1569
4 18 2 42 44.22
240
5 4 10 43 21.00
114
6 11 13 48 88.62
481
7 14 15 47 118.47
643
8 3 25 48 343.61
1865
9 8 21 48 54.17
294
10 27 4 42 67.98
369
11 2 17 31 182.58
991
12 12 0 42 694.77
3771
13 24 0 36 337.53
1832
14 3 44 48 400.36
2173
15 15 18 48 130.44
708
16 19 0 48 30.22
164
17 20 3 45 187.93
1020
18 18 3 48 639.13
3469
19 24 3 42 427.25
2319
20 19 19 47 685.19
3719
21 13 0 46 405.70
2202
22 7 4 48 359.45
1951
23 26 4 44 365.17
1982
24 20 4 44 184.79
1003
