30
1
5
0 170 0.1 0.1
5332
1 150 0.1 0.1
5558
2 130 0.0 0.1
5388
3 190 0.1 0.0
5515
4 170 0.1 0.1
5479
25
0 35 2 47 358.88
1957
1 11 22 48 20.72
113
2 16 0 47 458.09
2498
3 6 0 43 92.06
502
4 1 41 48 319.82
1744
5 10 14 48 128.92
703
6 1 22 48 410.41
2238
7 4 6 40 69.50
379
8 4 20 48 331.55
1808
9 21 26 47 435.90
2377
10 10 10 48 75.19
410
11 13 24 48 98.48
537
12 15 2 41 754.61
4115
13 29 1 47 64.00
349
14 25 7 45 139.55
761
15 26 6 46 185.03
1009
16 10 8 32 68.40
373
17 8 18 46 149.64
816
18 17 4 29 55.20
301
19 14 10 46 504.66
2752
20 21 20 47 279.29
1523
21 17 6 47 68.22
372
22 1 27 47 333.57
1819
23 9 35 47 599.11
3267
24 7 0 46 538.77
2938
