30
1
5
0 170 0.1 0.1
5445
1 190 0.1 0.0
5556
2 120 0.1 0.1
5570
3 150 0.1 0.1
5546
4 150 0.1 0.1
5595
25
0 10 6 48 112.78
625
1 6 28 47 190.91
1058
2 1 20 48 549.99
3048
3 8 0 42 19.31
107
4 11 32 48 773.20
4285
5 31 2 43 96.54
535
6 33 5 47 390.30
2163
7 36 9 47 740.18
4102
8 11 5 47 717.44
3976
9 39 5 48 103.21
572
10 20 1 44 115.84
642
11 8 10 48 58.64
325
12 5 1 48 748.12
4146
13 5 1 31 270.30
1498
14 22 4 43 310.72
1722
15 1 0 32 964.83
5347
16 1 0 37 7.76
43
17 3 13 48 727.37
4031
18 7 0 39 715.46
3965
19 1 25 47 102.13
566
20 33 0 47 666.38
3693
21 18 6 45 764.00
4234
22 4 1 35 505.78
2803
23 6 36 47 91.30
506
24 25 0 37 84.99
471
