30
1
5
0 170 0.1 0.1
5393
1 120 0.1 0.1
5473
2 120 0.1 0.1
5618
3 150 0.1 0.1
5493
4 190 0.1 0.0
5403
25
0 3 0 39 465.95
2551
1 13 18 47 216.45
1185
2 5 4 47 591.25
3237
3 30 0 38 154.71
847
4 16 24 45 137.90
755
5 21 12 47 125.67
688
6 1 14 45 105.03
575
7 30 10 47 250.42
1371
8 4 31 47 37.44
205
9 12 0 18 403.67
2210
10 9 11 48 144.30
790
11 27 15 45 308.87
1691
12 10 1 35 562.58
3080
13 5 1 47 503.21
2755
14 24 7 48 49.50
271
15 10 25 48 636.92
3487
16 6 8 26 147.77
809
17 23 0 47 185.03
1013
18 4 29 47 402.39
2203
19 20 9 44 173.34
949
20 3 32 47 189.96
1040
21 12 1 29 151.42
829
22 14 14 48 528.60
2894
23 6 2 18 153.61
841
24 32 9 45 448.78
2457
