30
1
5
0 190 0.1 0.0
5555
1 170 0.1 0.1
5596
2 120 0.1 0.1
5584
3 190 0.1 0.0
5409
4 190 0.1 0.0
5493
25
0 7 3 45 25.69
142
1 12 15 48 456.53
2523
2 3 1 47 2.35
13
3 2 9 48 691.94
3824
4 10 35 47 149.10
824
5 23 2 32 229.26
1267
6 22 3 34 416.17
2300
7 8 13 47 279.56
1545
8 21 9 32 201.39
1113
9 14 1 48 362.43
2003
10 7 3 20 14.11
78
11 23 7 47 186.55
1031
12 23 3 47 2.53
14
13 1 0 21 63.69
352
14 8 12 47 466.30
2577
15 8 3 46 187.64
1037
16 30 10 44 596.03
3294
17 37 2 44 304.17
1681
18 1 0 39 837.96
4631
19 9 13 48 25.15
139
20 29 3 47 131.91
729
21 7 0 18 334.03
1846
22 19 5 46 18.46
102
23 10 0 20 621.37
3434
24 16 14 48 459.24
2538
