30
1
5
0 130 0.0 0.1
5464
1 170 0.1 0.1
5454
2 170 0.1 0.1
5406
3 190 0.1 0.0
5592
4 170 0.1 0.1
5516
25
0 32 0 40 731.18
4011
1 45 1 48 220.76
1211
2 27 13 48 107.92
592
3 27 13 48 187.76
1030
4 1 0 28 226.59
1243
5 4 6 48 791.70
4343
6 16 4 25 269.61
1479
7 1 35 43 31.90
175
8 6 8 47 49.95
274
9 34 5 42 558.18
3062
10 12 7 46 457.92
2512
11 13 0 28 447.89
2457
12 12 5 40 261.23
1433
13 30 0 47 332.68
1825
14 13 0 25 165.52
908
15 1 13 48 369.33
2026
16 1 0 10 496.02
2721
17 18 0 42 251.75
1381
18 43 0 47 225.31
1236
19 1 46 47 191.23
1049
20 3 0 48 222.03
1218
21 16 11 48 196.33
1077
22 8 36 48 379.35
2081
23 13 2 48 26.61
146
24 22 17 47 261.59
1435
