30
1
5
0 150 0.1 0.1
5503
1 120 0.1 0.1
5538
2 120 0.1 0.1
5438
3 170 0.1 0.1
5344
4 120 0.1 0.1
5316
25
0 28 9 47 530.55
2879
1 4 2 36 70.58
383
2 20 12 47 346.08
1878
3 2 5 31 199.03
1080
4 3 6 27 116.65
633
5 16 3 24 70.40
382
6 2 30 47 430.67
2337
7 19 14 47 238.46
1294
8 20 0 36 405.61
2201
9 2 11 45 40.36
219
10 35 7 48 147.80
802
11 1 9 42 293.93
1595
12 7 1 38 288.22
1564
13 15 1 31 226.67
1230
14 18 2 48 153.69
834
15 7 1 45 157.75
856
16 2 9 48 546.77
2967
17 31 15 48 279.93
1519
18 4 5 40 611.82
3320
19 8 2 47 67.82
368
20 26 19 48 484.11
2627
21 9 0 42 530.55
2879
22 5 0 14 521.89
2832
23 2 27 47 258.73
1404
24 1 18 30 71.87
390
