30
1
5
0 190 0.1 0.0
5439
1 190 0.1 0.0
5391
2 150 0.1 0.1
5475
3 190 0.1 0.0
5393
4 120 0.1 0.1
5469
25
0 6 37 47 526.40
2860
1 20 12 42 105.83
575
2 8 32 48 302.03
1641
3 32 7 46 706.77
3840
4 4 8 47 265.96
1445
5 35 8 46 212.58
1155
6 11 19 48 683.03
3711
7 23 4 44 26.87
146
8 32 1 47 486.09
2641
9 19 0 36 17.30
94
10 31 3 42 195.47
1062
11 23 4 44 601.68
3269
12 11 26 47 36.81
200
13 28 16 48 31.66
172
14 5 7 48 694.81
3775
15 35 0 48 460.51
2502
16 13 4 43 119.45
649
17 1 26 47 39.02
212
18 1 0 16 50.06
272
19 18 9 44 28.34
154
20 4 35 47 89.08
484
21 5 1 41 892.85
4851
22 11 11 48 11.96
65
23 1 35 48 169.15
919
24 22 5 48 399.77
2172
