30
1
5
0 120 0.1 0.1
5628
1 150 0.1 0.1
5486
2 120 0.1 0.1
5537
3 150 0.1 0.1
5460
4 190 0.1 0.0
5347
25
0 8 30 48 246.45
1353
1 22 7 45 615.48
3379
2 27 10 43 32.97
181
3 3 1 26 149.00
818
4 6 0 17 55.19
303
5 8 27 44 167.39
919
6 6 11 48 586.15
3218
7 28 9 48 63.57
349
8 28 0 39 511.11
2806
9 6 18 48 228.96
1257
10 8 2 13 46.63
256
11 11 11 48 123.68
679
12 4 0 47 239.89
1317
13 23 2 48 69.40
381
14 5 33 48 930.96
5111
15 12 34 48 548.27
3010
16 8 0 10 729.14
4003
17 20 21 48 1.64
9
18 20 16 48 176.87
971
19 20 2 43 166.67
915
20 3 14 47 152.82
839
21 19 1 39 530.78
2914
22 23 3 43 65.76
361
23 22 2 40 279.78
1536
24 11 31 47 315.66
1733
