30
1
5
0 150 0.1 0.1
5516
1 150 0.1 0.1
5282
2 130 0.0 0.1
5490
3 120 0.1 0.1
5633
4 150 0.1 0.1
5558
25
0 23 1 31 445.64
2448
1 8 14 48 83.56
459
2 6 22 47 108.86
598
3 15 8 46 51.70
284
4 21 1 43 41.87
230
5 11 2 19 34.77
191
6 3 32 48 222.45
1222
7 24 13 44 266.87
1466
8 1 0 3 256.50
1409
9 17 1 47 483.14
2654
10 7 11 46 659.72
3624
11 8 12 48 132.34
727
12 15 17 48 10.19
56
13 40 2 48 400.67
2201
14 12 4 43 48.97
269
15 12 2 17 626.95
3444
16 23 5 42 139.26
765
17 24 3 28 105.95
582
18 7 3 47 618.58
3398
19 38 3 45 22.03
121
20 3 1 35 458.02
2516
21 25 8 41 81.37
447
22 14 18 47 164.38
903
23 4 0 31 166.39
914
24 1 0 21 13.84
76
