30
1
5
0 150 0.1 0.1
5473
1 120 0.1 0.1
5531
2 190 0.1 0.0
5581
3 150 0.1 0.1
5659
4 190 0.1 0.0
5608
25
0 5 23 47 417.44
2325
1 13 28 47 190.32
1060
2 3 0 31 220.12
1226
3 24 3 45 422.65
2354
4 34 2 41 192.83
1074
5 6 3 21 669.52
3729
6 5 6 44 142.02
791
7 10 11 48 502.01
2796
8 3 0 25 45.07
251
9 17 5 47 545.81
3040
10 21 2 48 3.59
20
11 39 4 47 72.00
401
12 27 0 33 131.61
733
13 6 28 48 215.45
1200
14 29 3 47 710.28
3956
15 28 4 46 330.36
1840
16 26 6 48 661.08
3682
17 15 4 46 42.01
234
18 9 0 35 783.89
4366
19 11 4 45 4.67
26
20 12 7 40 32.68
182
21 12 11 48 268.96
1498
22 15 12 40 655.52
3651
23 6 21 48 648.33
3611
24 18 10 37 7.18
40
