30
1
5
0 130 0.0 0.1
5531
1 190 0.1 0.0
5495
2 130 0.0 0.1
5555
3 150 0.1 0.1
5462
4 170 0.1 0.1
5509
25
0 12 9 48 151.17
833
1 17 0 27 490.36
2702
2 19 7 35 102.54
565
3 19 24 48 150.27
828
4 6 17 25 14.88
82
5 8 19 46 577.11
3180
6 6 1 47 321.22
1770
7 16 3 47 392.91
2165
8 3 0 9 74.95
413
9 2 0 8 873.29
4812
10 24 8 47 326.85
1801
11 21 1 47 339.37
1870
12 13 3 41 523.21
2883
13 15 13 48 478.20
2635
14 8 2 39 45.55
251
15 16 0 18 161.52
890
16 14 9 39 252.80
1393
17 6 1 26 434.10
2392
18 25 9 45 318.86
1757
19 11 1 47 405.61
2235
20 10 4 48 44.46
245
21 9 2 48 350.62
1932
22 26 15 48 44.28
244
23 18 2 48 436.28
2404
24 22 0 33 395.99
2182
