30
1
5
0 190 0.1 0.0
5274
1 120 0.1 0.1
5455
2 130 0.0 0.1
5429
3 120 0.1 0.1
5460
4 150 0.1 0.1
5360
25
0 21 4 40 24.84
134
1 16 6 41 65.99
356
2 6 1 26 319.76
1725
3 16 8 44 438.77
2367
4 20 27 48 433.95
2341
5 21 21 48 378.71
2043
6 20 7 48 424.49
2290
7 6 0 32 109.74
592
8 4 2 20 38.74
209
9 17 7 32 290.29
1566
10 3 2 7 331.44
1788
11 4 0 37 401.32
2165
12 5 0 43 50.23
271
13 10 0 36 299.00
1613
14 21 23 47 334.59
1805
15 21 4 30 14.46
78
16 6 12 26 160.34
865
17 21 23 48 190.19
1026
18 16 30 48 29.29
158
19 12 7 47 16.13
87
20 4 1 44 201.68
1088
21 17 2 37 345.53
1864
22 14 31 48 401.88
2168
23 3 0 46 820.81
4428
24 23 22 47 334.03
1802
