30
1
5
0 130 0.0 0.1
5567
1 170 0.1 0.1
5564
2 150 0.1 0.1
5483
3 150 0.1 0.1
5637
4 130 0.0 0.1
5547
25
0 2 0 22 303.46
1687
1 8 24 47 125.92
700
2 6 7 46 10.07
56
3 15 0 18 407.80
2267
4 10 14 41 78.25
435
5 23 8 46 107.75
599
6 18 2 33 272.52
1515
7 11 3 41 496.30
2759
8 4 0 30 272.88
1517
9 44 1 45 115.13
640
10 13 16 48 237.99
1323
11 15 28 48 7.56
42
12 11 3 17 328.47
1826
13 5 14 39 291.41
1620
14 1 10 48 555.30
3087
15 16 5 29 667.37
3710
16 2 36 47 706.22
3926
17 20 0 35 74.11
412
18 4 0 5 207.23
1152
19 1 11 48 87.96
489
20 2 31 48 109.91
611
21 31 4 47 402.76
2239
22 23 21 46 336.38
1870
23 22 19 46 257.95
1434
24 31 8 48 310.30
1725
