30
1
5
0 190 0.1 0.0
5471
1 190 0.1 0.0
5363
2 190 0.1 0.0
5575
3 150 0.1 0.1
5532
4 130 0.0 0.1
5580
25
0 30 4 47 362.17
1993
1 18 7 48 74.14
408
2 26 12 43 431.76
2376
3 15 11 47 479.92
2641
4 12 1 47 153.01
842
5 3 34 46 130.66
719
6 6 1 21 3.63
20
7 4 32 48 404.69
2227
8 4 4 26 500.09
2752
9 14 25 47 154.46
850
10 10 8 29 349.45
1923
11 8 5 38 137.56
757
12 4 28 47 222.97
1227
13 16 18 47 201.34
1108
14 30 11 47 96.13
529
15 8 1 16 796.29
4382
16 10 7 42 228.24
1256
17 6 1 33 396.33
2181
18 4 27 47 436.85
2404
19 8 27 47 450.84
2481
20 4 2 26 2.91
16
21 11 0 32 258.77
1424
22 33 8 47 378.88
2085
23 24 9 48 294.02
1618
24 5 1 39 324.55
1786
