30
1
5
0 130 0.0 0.1
5542
1 120 0.1 0.1
5474
2 120 0.1 0.1
5528
3 130 0.0 0.1
5413
4 120 0.1 0.1
5392
25
0 37 4 45 371.72
2033
1 3 13 44 345.21
1888
2 7 1 27 64.00
350
3 2 0 18 654.22
3578
4 3 22 48 216.49
1184
5 25 9 46 29.44
161
6 36 2 48 28.52
156
7 7 3 37 19.20
105
8 12 2 31 361.12
1975
9 6 0 18 78.81
431
10 2 25 48 435.35
2381
11 12 3 43 55.58
304
12 29 5 47 187.42
1025
13 34 6 45 184.86
1011
14 5 40 48 192.53
1053
15 33 1 48 926.29
5066
16 2 0 6 65.82
360
17 10 4 26 335.34
1834
18 9 4 45 35.11
192
19 10 1 20 142.62
780
20 5 3 26 803.05
4392
21 2 23 47 176.99
968
22 26 9 48 287.80
1574
23 6 0 31 481.43
2633
24 24 6 48 553.10
3025
