30
1
5
0 130 0.0 0.1
5502
1 150 0.1 0.1
5541
2 190 0.1 0.0
5389
3 150 0.1 0.1
5407
4 120 0.1 0.1
5505
25
0 2 18 44 197.32
1079
1 11 19 47 174.83
956
2 31 3 44 182.69
999
3 22 3 42 895.37
4896
4 2 36 47 58.15
318
5 26 12 46 159.29
871
6 7 11 47 163.13
892
7 6 1 18 154.17
843
8 3 40 47 429.40
2348
9 2 0 45 241.95
1323
10 15 20 40 9.69
53
11 9 0 19 10.61
58
12 29 16 47 174.28
953
13 6 14 48 94.00
514
14 15 21 48 333.93
1826
15 32 4 44 27.43
150
16 5 3 25 931.03
5091
17 4 43 48 235.73
1289
18 2 15 47 420.07
2297
19 33 5 39 595.27
3255
20 14 10 45 130.57
714
21 24 8 46 544.61
2978
22 14 33 47 87.78
480
23 9 38 48 458.11
2505
24 29 8 47 31.27
171
