30
1
5
0 150 0.1 0.1
5561
1 130 0.0 0.1
5472
2 150 0.1 0.1
5610
3 190 0.1 0.0
5576
4 120 0.1 0.1
5415
25
0 22 16 47 472.33
2610
1 15 21 47 191.64
1059
2 13 28 48 55.20
305
3 17 0 42 178.98
989
4 11 0 48 57.00
315
5 24 13 48 6.88
38
6 24 1 38 547.43
3025
7 20 11 46 640.26
3538
8 13 1 35 719.71
3977
9 14 12 32 60.26
333
10 7 23 48 854.89
4724
11 11 0 47 185.31
1024
12 17 2 29 8.14
45
13 2 5 47 405.55
2241
14 25 4 39 49.22
272
15 28 4 47 16.47
91
16 7 8 26 173.37
958
17 15 4 37 638.27
3527
18 3 29 46 583.44
3224
19 6 17 48 223.13
1233
20 11 1 23 636.28
3516
21 31 9 47 357.05
1973
22 2 7 45 23.89
132
23 1 40 47 454.95
2514
24 6 12 27 558.10
3084
