30
1
5
0 130 0.0 0.1
5458
1 190 0.1 0.0
5669
2 130 0.0 0.1
5524
3 190 0.1 0.0
5494
4 150 0.1 0.1
5424
25
0 13 11 47 225.85
1245
1 6 4 44 381.50
2103
2 17 3 46 228.03
1257
3 2 2 27 377.69
2082
4 19 13 47 427.03
2354
5 13 1 20 57.51
317
6 28 3 47 424.85
2342
7 12 6 46 178.87
986
8 4 3 44 376.05
2073
9 7 5 27 328.71
1812
10 41 1 45 263.22
1451
11 35 2 48 355.55
1960
12 20 2 22 226.21
1247
13 4 3 47 343.22
1892
14 37 9 48 35.37
195
15 7 8 47 239.09
1318
16 7 27 47 173.06
954
17 5 37 48 329.61
1817
18 8 0 26 925.71
5103
19 9 7 35 791.29
4362
20 24 8 42 231.11
1274
21 19 9 48 31.20
172
22 27 3 42 503.22
2774
23 13 34 47 310.38
1711
24 22 10 48 138.05
761
