30
1
5
0 150 0.1 0.1
5585
1 130 0.0 0.1
5431
2 170 0.1 0.1
5487
3 190 0.1 0.0
5562
4 170 0.1 0.1
5344
25
0 5 0 31 138.68
760
1 14 25 47 125.36
687
2 6 16 48 225.35
1235
3 8 14 42 597.04
3272
4 27 3 45 450.15
2467
5 5 2 48 517.66
2837
6 14 2 48 743.20
4073
7 34 5 47 121.34
665
8 11 36 47 464.93
2548
9 13 5 40 634.44
3477
10 7 6 42 72.26
396
11 19 0 41 686.45
3762
12 28 11 48 60.40
331
13 3 2 39 665.46
3647
14 27 17 48 120.43
660
15 4 21 47 381.18
2089
16 16 1 48 191.59
1050
17 17 16 47 89.41
490
18 14 2 37 264.58
1450
19 1 15 38 3.83
21
20 12 6 39 105.47
578
21 11 0 22 581.35
3186
22 11 14 47 352.90
1934
23 31 2 41 67.15
368
24 17 1 21 6.39
35
