30
1
5
0 190 0.1 0.0
5591
1 170 0.1 0.1
5362
2 120 0.1 0.1
5705
3 150 0.1 0.1
5526
4 190 0.1 0.0
5584
25
0 7 9 48 613.91
3408
1 20 0 48 376.31
2089
2 24 1 31 53.32
296
3 13 29 48 92.41
513
4 4 15 47 426.03
2365
5 2 0 25 808.10
4486
6 4 17 47 356.13
1977
7 14 3 18 18.73
104
8 2 0 3 55.12
306
9 7 40 47 69.71
387
10 19 4 47 625.26
3471
11 11 28 41 59.81
332
12 11 16 48 129.70
720
13 16 1 21 154.38
857
14 38 3 43 692.45
3844
15 13 5 29 123.21
684
16 3 0 35 122.67
681
17 19 2 29 98.72
548
18 13 0 44 134.92
749
19 20 16 48 263.54
1463
20 18 0 39 443.68
2463
21 7 24 47 694.07
3853
22 20 21 47 328.93
1826
23 41 4 48 56.92
316
24 21 0 43 403.33
2239
