30
1
5
0 120 0.1 0.1
5515
1 190 0.1 0.0
5496
2 120 0.1 0.1
5570
3 150 0.1 0.1
5405
4 170 0.1 0.1
5399
25
0 6 0 12 687.88
3767
1 15 0 43 559.88
3066
2 21 6 47 266.79
1461
3 22 22 47 60.63
332
4 27 0 47 327.60
1794
5 9 3 43 69.76
382
6 19 11 46 30.68
168
7 6 0 20 204.89
1122
8 1 0 6 35.79
196
9 7 11 48 13.51
74
10 25 22 47 237.21
1299
11 2 5 31 380.56
2084
12 14 1 48 303.68
1663
13 8 4 24 293.27
1606
14 21 0 48 337.46
1848
15 11 3 45 357.73
1959
16 29 3 33 259.85
1423
17 20 16 42 253.09
1386
18 17 6 41 8.95
49
19 14 0 38 191.37
1048
20 17 1 35 618.31
3386
21 11 2 45 218.76
1198
22 36 9 47 220.59
1208
23 1 0 13 431.87
2365
24 22 2 47 362.84
1987
