30
1
5
0 150 0.1 0.1
5603
1 170 0.1 0.1
5472
2 170 0.1 0.1
5341
3 150 0.1 0.1
5500
4 170 0.1 0.1
5412
25
0 11 2 42 392.56
2145
1 24 9 46 316.79
1731
2 24 0 46 29.28
160
3 8 25 47 20.31
111
4 22 0 44 317.16
1733
5 5 18 35 236.45
1292
6 24 5 39 683.54
3735
7 5 8 43 314.59
1719
8 19 19 44 281.47
1538
9 30 13 47 407.38
2226
10 11 32 48 337.84
1846
11 4 17 48 256.76
1403
12 16 1 44 218.70
1195
13 6 1 30 512.43
2800
14 5 8 48 339.67
1856
15 8 14 32 324.66
1774
16 35 12 48 462.10
2525
17 17 30 48 306.18
1673
18 22 10 41 18.30
100
19 8 0 10 275.06
1503
20 7 32 48 217.60
1189
21 12 5 20 210.83
1152
22 8 10 48 23.06
126
23 5 2 48 532.56
2910
24 23 18 48 230.41
1259
