30
1
5
0 190 0.1 0.0
5571
1 120 0.1 0.1
5662
2 130 0.0 0.1
5464
3 170 0.1 0.1
5621
4 190 0.1 0.0
5429
25
0 3 0 40 40.01
222
1 4 3 28 147.80
820
2 5 3 47 379.60
2106
3 19 13 47 350.76
1946
4 6 28 48 415.47
2305
5 2 24 47 1.44
8
6 9 12 46 220.80
1225
7 25 0 46 256.13
1421
8 14 18 42 430.07
2386
9 34 10 48 444.67
2467
10 1 15 46 522.72
2900
11 15 5 30 408.44
2266
12 22 4 47 46.14
256
13 2 42 47 233.78
1297
14 22 0 39 680.43
3775
15 2 41 47 396.90
2202
16 13 4 46 370.95
2058
17 20 17 48 40.56
225
18 33 3 41 107.79
598
19 15 28 48 319.40
1772
20 14 14 44 214.13
1188
21 3 0 27 397.80
2207
22 20 2 46 37.13
206
23 1 15 47 0.90
5
24 4 12 36 41.10
228
