30
1
5
0 170 0.1 0.1
5569
1 130 0.0 0.1
5540
2 170 0.1 0.1
5433
3 170 0.1 0.1
5480
4 150 0.1 0.1
5489
25
0 9 15 48 199.39
1097
1 7 1 40 708.68
3899
2 25 14 46 97.06
534
3 3 26 48 219.93
1210
4 29 5 48 155.77
857
5 8 19 48 39.99
220
6 8 19 47 708.13
3896
7 11 13 47 33.08
182
8 14 0 34 666.51
3667
9 5 26 47 135.96
748
10 2 31 48 122.51
674
11 5 0 47 486.21
2675
12 29 5 40 440.77
2425
13 3 25 47 797.92
4390
14 4 7 48 282.64
1555
15 5 11 47 446.76
2458
16 14 1 22 43.80
241
17 5 0 42 129.41
712
18 6 0 23 350.43
1928
19 20 3 41 599.62
3299
20 6 1 37 487.11
2680
21 33 0 44 662.69
3646
22 4 1 48 322.08
1772
23 5 11 47 119.05
655
24 33 2 46 317.90
1749
