30
1
5
0 120 0.1 0.1
5462
1 150 0.1 0.1
5663
2 120 0.1 0.1
5481
3 120 0.1 0.1
5572
4 120 0.1 0.1
5498
25
0 9 1 37 493.48
2731
1 24 11 42 104.98
581
2 14 8 26 154.49
855
3 17 2 36 155.76
862
4 14 10 48 194.61
1077
5 2 15 40 7.77
43
6 14 0 44 154.49
855
7 2 4 43 98.66
546
8 5 36 48 11.38
63
9 14 4 42 641.46
3550
10 4 15 30 52.76
292
11 4 6 46 138.59
767
12 14 6 24 349.10
1932
13 14 15 47 179.25
992
14 29 17 47 5.96
33
15 19 2 47 578.76
3203
16 3 8 45 482.45
2670
17 5 9 48 106.25
588
18 23 9 38 779.33
4313
19 28 5 45 157.93
874
20 15 1 39 59.81
331
21 31 5 47 94.86
525
22 5 42 48 509.38
2819
23 29 7 46 124.32
688
24 23 11 47 124.68
690
