30
1
5
0 120 0.1 0.1
5546
1 190 0.1 0.0
5544
2 120 0.1 0.1
5549
3 170 0.1 0.1
5441
4 170 0.1 0.1
5355
25
0 2 31 48 473.58
2598
1 25 0 31 270.15
1482
2 7 21 48 468.84
2572
3 7 25 47 110.65
607
4 5 2 47 123.59
678
5 33 1 44 70.18
385
6 1 0 34 185.38
1017
7 5 1 14 328.11
1800
8 14 2 43 675.37
3705
9 9 3 33 757.03
4153
10 1 0 3 689.40
3782
11 7 3 47 90.96
499
12 25 1 28 150.93
828
13 19 26 45 4.92
27
14 23 16 48 127.24
698
15 2 6 47 230.77
1266
16 17 0 30 5.83
32
17 7 0 29 119.76
657
18 5 2 42 407.77
2237
19 17 24 47 328.48
1802
20 3 30 47 163.51
897
21 43 2 48 251.92
1382
22 9 2 45 140.72
772
23 24 5 48 176.63
969
24 22 3 31 407.96
2238
