30
1
5
0 170 0.1 0.1
5723
1 130 0.0 0.1
5425
2 150 0.1 0.1
5492
3 130 0.0 0.1
5397
4 170 0.1 0.1
5423
25
0 15 30 47 636.31
3493
1 12 5 43 108.03
593
2 1 0 14 667.10
3662
3 2 42 48 73.41
403
4 9 0 47 89.44
491
5 14 0 32 475.46
2610
6 8 7 48 171.78
943
7 14 11 43 113.31
622
8 17 6 41 380.00
2086
9 34 2 39 18.58
102
10 15 27 48 94.73
520
11 28 8 48 73.78
405
12 34 6 40 178.71
981
13 4 7 48 138.63
761
14 2 22 47 674.75
3704
15 19 0 31 148.10
813
16 12 6 46 398.04
2185
17 16 5 43 345.21
1895
18 26 12 48 224.43
1232
19 14 8 43 204.76
1124
20 19 15 47 108.21
594
21 7 0 15 476.37
2615
22 6 1 9 149.92
823
23 3 27 48 501.69
2754
24 27 11 47 122.05
670
