30
1
5
0 150 0.1 0.1
5533
1 170 0.1 0.1
5502
2 190 0.1 0.0
5531
3 150 0.1 0.1
5379
4 130 0.0 0.1
5598
25
0 30 1 39 212.07
1168
1 2 11 47 96.05
529
2 15 5 36 224.78
1238
3 6 24 48 131.09
722
4 8 10 48 198.09
1091
5 6 1 24 94.96
523
6 5 21 48 30.50
168
7 17 7 46 346.79
1910
8 5 35 48 366.58
2019
9 13 26 45 83.52
460
10 22 0 38 506.75
2791
11 22 0 47 15.43
85
12 13 20 47 3.09
17
13 2 34 47 29.05
160
14 13 10 36 321.92
1773
15 20 9 35 101.50
559
16 1 0 1 216.24
1191
17 2 7 48 723.18
3983
18 8 8 48 573.93
3161
19 17 10 48 545.60
3005
20 21 4 41 363.86
2004
21 20 11 47 18.70
103
22 22 0 32 67.91
374
23 1 0 30 571.21
3146
24 11 21 47 131.27
723
