30
1
5
0 120 0.1 0.1
5463
1 130 0.0 0.1
5457
2 150 0.1 0.1
5459
3 170 0.1 0.1
5517
4 170 0.1 0.1
5522
25
0 5 29 48 470.69
2581
1 10 28 47 493.49
2706
2 10 8 34 287.41
1576
3 40 0 40 149.36
819
4 14 0 29 257.50
1412
5 1 8 47 184.74
1013
6 7 29 48 182.91
1003
7 18 1 42 259.51
1423
8 12 1 18 296.89
1628
9 12 2 21 385.89
2116
10 13 5 27 326.25
1789
11 8 29 47 519.56
2849
12 18 11 37 131.85
723
13 18 28 47 119.82
657
14 18 8 47 230.88
1266
15 34 0 43 373.31
2047
16 15 16 47 159.02
872
17 8 33 48 284.86
1562
18 21 7 43 238.72
1309
19 6 20 30 376.22
2063
20 16 27 47 314.40
1724
21 23 6 41 219.02
1201
22 9 3 48 131.49
721
23 1 32 47 246.38
1351
24 1 15 38 154.83
849
