30
1
5
0 130 0.0 0.1
5500
1 130 0.0 0.1
5422
2 170 0.1 0.1
5506
3 170 0.1 0.1
5249
4 190 0.1 0.0
5534
25
0 14 33 48 345.94
1882
1 20 2 32 6.80
37
2 9 8 48 280.69
1527
3 14 9 48 91.17
496
4 14 23 38 367.45
1999
5 19 0 38 393.74
2142
6 8 20 48 81.43
443
7 17 0 27 262.67
1429
8 2 44 48 356.24
1938
9 30 1 48 261.02
1420
10 27 0 43 90.99
495
11 12 0 26 506.97
2758
12 9 1 42 483.99
2633
13 15 8 48 361.02
1964
14 15 14 45 70.40
383
15 16 0 21 143.74
782
16 7 40 48 581.60
3164
17 10 23 48 440.98
2399
18 9 2 18 255.14
1388
19 6 1 40 483.99
2633
20 14 6 44 343.19
1867
21 19 11 46 455.32
2477
22 45 0 48 450.35
2450
23 11 22 41 105.14
572
24 2 15 48 378.66
2060
