30
1
5
0 170 0.1 0.1
5364
1 130 0.0 0.1
5608
2 150 0.1 0.1
5380
3 170 0.1 0.1
5601
4 120 0.1 0.1
5424
25
0 10 23 48 0.91
5
1 16 5 35 145.43
796
2 10 2 34 200.43
1097
3 28 0 46 162.42
889
4 13 19 48 141.60
775
5 16 16 48 469.37
2569
6 26 0 47 479.97
2627
7 7 1 38 118.76
650
8 8 2 28 176.86
968
9 23 6 48 448.17
2453
10 20 9 43 175.03
958
11 1 0 17 109.99
602
12 16 28 48 71.99
394
13 15 0 19 614.07
3361
14 16 17 39 1.10
6
15 12 29 48 100.85
552
16 6 5 14 58.10
318
17 7 18 48 310.05
1697
18 1 0 1 396.10
2168
19 8 2 32 524.91
2873
20 2 18 42 210.29
1151
21 15 24 48 177.95
974
22 16 2 29 151.83
831
23 31 8 48 464.25
2541
24 2 11 47 239.71
1312
