30
1
5
0 150 0.1 0.1
5623
1 170 0.1 0.1
5626
2 120 0.1 0.1
5420
3 120 0.1 0.1
5399
4 170 0.1 0.1
5538
25
0 27 14 48 480.66
2653
1 4 0 30 571.07
3152
2 33 4 48 223.03
1231
3 19 5 47 164.51
908
4 15 11 28 262.70
1450
5 2 1 47 694.45
3833
6 2 0 48 719.81
3973
7 25 7 48 176.10
972
8 28 4 48 302.02
1667
9 24 7 47 82.98
458
10 12 2 28 203.46
1123
11 29 1 47 580.12
3202
12 33 0 48 77.36
427
13 5 0 5 653.86
3609
14 7 0 15 213.79
1180
15 12 14 46 23.19
128
16 39 5 47 123.56
682
17 16 4 33 170.12
939
18 17 7 26 705.50
3894
19 7 2 35 127.73
705
20 4 8 30 110.70
611
21 19 4 47 357.46
1973
22 2 1 48 100.91
557
23 5 0 37 228.28
1260
24 42 4 47 233.54
1289
