30
1
5
0 190 0.1 0.0
5545
1 190 0.1 0.0
5555
2 120 0.1 0.1
5561
3 170 0.1 0.1
5571
4 130 0.0 0.1
5579
25
0 17 0 44 492.61
2740
1 9 10 48 466.36
2594
2 13 2 28 238.58
1327
3 9 33 48 816.59
4542
4 22 12 47 762.29
4240
5 25 20 48 163.43
909
6 40 3 48 175.11
974
7 8 1 47 591.68
3291
8 19 27 48 94.39
525
9 10 6 47 66.88
372
10 13 19 48 212.69
1183
11 29 10 47 12.05
67
12 7 2 44 45.49
253
13 8 23 48 197.05
1096
14 6 2 17 187.16
1041
15 3 0 13 581.61
3235
16 11 14 42 767.51
4269
17 11 3 24 124.41
692
18 34 13 48 521.74
2902
19 29 14 48 56.27
313
20 7 0 14 371.44
2066
21 7 1 22 132.68
738
22 8 1 27 748.45
4163
23 21 2 43 153.90
856
24 3 3 15 315.88
1757
