30
1
5
0 190 0.1 0.0
5428
1 190 0.1 0.0
5570
2 150 0.1 0.1
5310
3 170 0.1 0.1
5505
4 150 0.1 0.1
5575
25
0 2 2 30 4.02
22
1 29 1 32 437.38
2395
2 20 5 30 429.16
2350
3 11 30 48 139.16
762
4 15 30 47 266.26
1458
5 27 17 48 745.83
4084
6 2 19 25 203.99
1117
7 22 8 48 644.11
3527
8 17 24 47 240.51
1317
9 2 0 7 326.53
1788
10 17 0 21 224.63
1230
11 9 15 43 342.78
1877
12 2 0 25 263.89
1445
13 8 5 38 194.68
1066
14 29 1 34 262.79
1439
15 2 0 12 212.02
1161
16 22 0 36 4.02
22
17 10 10 47 388.99
2130
18 23 2 33 129.66
710
19 11 9 44 164.73
902
20 16 14 42 156.14
855
21 26 4 48 97.34
533
22 31 4 47 237.41
1300
23 16 1 24 402.68
2205
24 9 19 44 152.12
833
