30
1
5
0 190 0.1 0.0
5514
1 150 0.1 0.1
5673
2 170 0.1 0.1
5575
3 170 0.1 0.1
5357
4 190 0.1 0.0
5588
25
0 30 2 39 517.57
2867
1 20 0 47 128.71
713
2 12 27 48 531.29
2943
3 17 2 48 720.84
3993
4 22 0 37 216.45
1199
5 34 0 44 252.01
1396
6 28 2 46 381.45
2113
7 12 5 48 526.05
2914
8 15 31 48 304.91
1689
9 27 6 43 185.40
1027
10 10 16 43 41.52
230
11 5 27 48 5.96
33
12 7 39 48 388.67
2153
13 9 38 48 276.20
1530
14 6 2 37 126.73
702
15 35 4 41 507.46
2811
16 7 19 31 607.47
3365
17 6 13 48 697.73
3865
18 2 0 16 48.92
271
19 39 0 47 40.62
225
20 2 29 46 440.12
2438
21 15 6 35 13.00
72
22 2 0 5 470.45
2606
23 28 1 32 283.97
1573
24 10 26 46 659.10
3651
