30
1
5
0 130 0.0 0.1
5444
1 190 0.1 0.0
5395
2 130 0.0 0.1
5503
3 120 0.1 0.1
5530
4 170 0.1 0.1
5567
25
0 2 2 48 114.63
629
1 32 0 37 164.57
903
2 17 2 30 138.32
759
3 8 14 43 199.19
1093
4 8 2 29 156.73
860
5 22 6 48 294.69
1617
6 14 25 48 566.96
3111
7 18 24 48 194.09
1065
8 16 25 47 505.73
2775
9 11 1 33 212.86
1168
10 8 3 44 550.75
3022
11 13 1 48 118.09
648
12 20 1 21 223.61
1227
13 14 2 34 507.55
2785
14 14 7 37 199.38
1094
15 23 24 47 672.48
3690
16 13 26 47 266.81
1464
17 11 2 38 456.34
2504
18 6 4 31 349.91
1920
19 2 0 31 361.57
1984
20 9 0 35 280.29
1538
21 16 14 47 278.84
1530
22 14 1 18 229.63
1260
23 3 9 34 134.50
738
24 2 1 17 139.24
764
