30
1
5
0 190 0.1 0.0
5556
1 150 0.1 0.1
5438
2 130 0.0 0.1
5632
3 120 0.1 0.1
5519
4 170 0.1 0.1
5548
25
0 8 10 44 46.41
257
1 16 9 48 321.96
1783
2 3 28 48 284.95
1578
3 16 7 45 253.53
1404
4 22 2 36 207.12
1147
5 12 0 47 94.98
526
6 2 0 24 816.92
4524
7 2 0 25 28.53
158
8 4 39 48 15.53
86
9 38 7 47 222.29
1231
10 16 3 36 295.96
1639
11 14 9 43 47.13
261
12 22 5 48 567.91
3145
13 13 28 48 612.15
3390
14 8 21 43 287.47
1592
15 16 2 47 50.56
280
16 6 4 40 149.33
827
17 11 5 46 12.64
70
18 27 0 36 56.16
311
19 18 23 47 522.58
2894
20 27 1 43 312.94
1733
21 6 28 38 605.28
3352
22 19 2 41 294.16
1629
23 18 7 47 271.22
1502
24 27 1 43 346.88
1921
