30
1
5
0 190 0.1 0.0
5607
1 130 0.0 0.1
5554
2 150 0.1 0.1
5592
3 170 0.1 0.1
5435
4 170 0.1 0.1
5562
25
0 31 9 46 400.95
2225
1 2 18 48 78.93
438
2 7 22 42 48.47
269
3 1 0 28 5.95
33
4 27 0 33 645.84
3584
5 8 36 48 504.57
2800
6 18 3 27 28.29
157
7 25 7 35 106.86
593
8 8 0 13 314.27
1744
9 1 0 31 959.22
5323
10 6 4 35 420.59
2334
11 30 10 47 267.24
1483
12 11 10 42 56.40
313
13 2 10 47 880.47
4886
14 44 1 48 322.92
1792
15 14 2 30 299.50
1662
16 2 0 21 354.82
1969
17 24 7 46 59.11
328
18 18 20 47 109.56
608
19 22 0 27 298.05
1654
20 7 16 48 314.27
1744
21 12 13 48 112.09
622
22 28 2 47 318.06
1765
23 34 2 42 280.21
1555
24 2 0 19 485.28
2693
