30
1
5
0 150 0.1 0.1
5488
1 150 0.1 0.1
5378
2 130 0.0 0.1
5582
3 150 0.1 0.1
5428
4 120 0.1 0.1
5551
25
0 7 3 45 53.61
294
1 21 9 47 461.31
2530
2 3 14 48 600.98
3296
3 19 18 47 56.52
310
4 3 0 37 37.38
205
5 8 0 10 211.15
1158
6 6 33 47 74.94
411
7 23 1 41 324.74
1781
8 35 0 44 206.77
1134
9 11 0 37 356.65
1956
10 10 2 41 37.93
208
11 4 15 48 271.86
1491
12 1 0 22 310.34
1702
13 6 0 47 524.95
2879
14 20 5 44 325.65
1786
15 27 16 48 324.38
1779
16 22 2 40 726.25
3983
17 7 2 43 233.76
1282
18 28 8 40 127.09
697
19 1 0 28 207.86
1140
20 5 7 47 395.31
2168
21 23 2 39 210.05
1152
22 3 9 39 206.77
1134
23 15 1 35 417.37
2289
24 5 1 43 60.35
331
