30
1
5
0 190 0.1 0.0
5512
1 120 0.1 0.1
5511
2 190 0.1 0.0
5516
3 190 0.1 0.0
5511
4 150 0.1 0.1
5711
25
0 13 8 43 96.20
534
1 26 2 47 166.81
926
2 8 15 47 297.06
1649
3 19 18 48 684.91
3802
4 10 12 39 182.49
1013
5 18 1 45 219.60
1219
6 7 0 39 131.87
732
7 9 22 48 182.67
1014
8 10 1 39 330.21
1833
9 7 12 48 535.21
2971
10 2 18 47 571.78
3174
11 9 20 48 271.66
1508
12 19 2 48 195.28
1084
13 34 0 41 381.37
2117
14 7 18 46 653.57
3628
15 6 0 10 79.80
443
16 20 18 48 5.40
30
17 2 14 48 879.29
4881
18 29 2 38 107.19
595
19 2 43 48 339.03
1882
20 2 33 47 6.49
36
21 5 0 17 587.45
3261
22 14 26 46 315.97
1754
23 18 6 31 176.54
980
24 7 0 41 424.60
2357
