30
1
5
0 120 0.1 0.1
5589
1 190 0.1 0.0
5391
2 120 0.1 0.1
5497
3 190 0.1 0.0
5605
4 130 0.0 0.1
5340
25
0 3 35 48 138.63
760
1 29 5 48 61.47
337
2 10 9 48 222.17
1218
3 5 13 47 765.91
4199
4 21 10 43 801.84
4396
5 10 1 32 236.94
1299
6 4 10 47 563.81
3091
7 3 37 42 20.06
110
8 16 22 47 141.54
776
9 6 1 14 65.12
357
10 34 2 43 651.54
3572
11 9 15 31 34.29
188
12 13 4 40 462.21
2534
13 32 6 43 17.15
94
14 13 5 21 415.15
2276
15 12 34 47 649.35
3560
16 38 3 45 187.51
1028
17 23 12 45 491.39
2694
18 23 8 42 228.92
1255
19 7 1 18 638.59
3501
20 4 23 48 513.65
2816
21 18 1 44 165.62
908
22 2 39 48 454.00
2489
23 16 21 47 546.66
2997
24 21 14 43 185.14
1015
