30
1
5
0 130 0.0 0.1
5534
1 130 0.0 0.1
5414
2 120 0.1 0.1
5446
3 170 0.1 0.1
5444
4 130 0.0 0.1
5462
25
0 12 31 48 126.56
691
1 12 5 48 388.12
2119
2 3 26 37 674.76
3684
3 13 22 48 211.00
1152
4 3 12 46 477.50
2607
5 12 0 21 333.35
1820
6 2 0 44 312.65
1707
7 24 4 43 411.93
2249
8 11 1 27 13.19
72
9 1 0 42 249.65
1363
10 11 36 47 28.57
156
11 22 1 47 230.96
1261
12 28 13 48 225.29
1230
13 35 0 46 41.21
225
14 28 4 39 372.91
2036
15 21 2 43 174.37
952
16 9 7 47 575.67
3143
17 14 5 47 316.87
1730
18 14 15 48 500.76
2734
19 9 38 47 352.95
1927
20 9 14 47 49.27
269
21 27 2 33 694.73
3793
22 2 0 33 536.84
2931
23 20 5 27 397.64
2171
24 30 1 39 224.00
1223
