30
1
5
0 190 0.1 0.0
5473
1 190 0.1 0.0
5326
2 120 0.1 0.1
5391
3 190 0.1 0.0
5574
4 150 0.1 0.1
5332
25
0 15 16 39 413.28
2239
1 4 0 42 197.50
1070
2 5 22 45 174.06
943
3 3 0 29 352.56
1910
4 11 13 45 54.82
297
5 6 1 47 473.64
2566
6 12 6 48 561.13
3040
7 28 3 47 143.42
777
8 1 0 27 299.58
1623
9 4 1 47 11.81
64
10 35 4 46 268.57
1455
11 2 39 48 183.29
993
12 39 0 43 13.84
75
13 24 13 48 209.50
1135
14 30 12 47 516.28
2797
15 13 0 44 414.76
2247
16 25 0 33 83.62
453
17 8 18 48 451.86
2448
18 2 25 47 612.26
3317
19 35 2 47 426.57
2311
20 14 1 48 561.50
3042
21 37 0 45 192.52
1043
22 10 23 39 117.95
639
23 21 23 48 332.07
1799
24 8 25 47 187.54
1016
