30
1
5
0 150 0.1 0.1
5597
1 130 0.0 0.1
5620
2 130 0.0 0.1
5545
3 130 0.0 0.1
5661
4 190 0.1 0.0
5481
25
0 4 1 32 789.05
4403
1 14 1 47 107.35
599
2 2 14 39 424.90
2371
3 14 0 38 82.62
461
4 11 2 48 263.62
1471
5 3 0 28 364.69
2035
6 14 5 44 220.78
1232
7 31 4 45 587.62
3279
8 20 11 48 2.87
16
9 8 15 47 679.74
3793
10 35 1 44 3.23
18
11 17 11 45 286.37
1598
12 4 1 11 45.34
253
13 17 3 39 15.59
87
14 23 21 47 403.58
2252
15 9 38 48 124.55
695
16 13 2 17 140.14
782
17 9 10 48 123.12
687
18 28 19 48 341.93
1908
19 6 0 43 455.19
2540
20 25 10 48 396.95
2215
21 2 5 48 3.05
17
22 10 6 36 93.91
524
23 11 11 47 25.81
144
24 4 1 42 233.69
1304
