30
1
5
0 130 0.0 0.1
5486
1 170 0.1 0.1
5364
2 120 0.1 0.1
5590
3 150 0.1 0.1
5490
4 150 0.1 0.1
5509
25
0 24 22 48 486.80
2671
1 32 0 47 90.76
498
2 17 2 44 70.90
389
3 4 1 22 378.00
2074
4 3 25 48 661.04
3627
5 38 1 41 449.62
2467
6 16 1 47 145.07
796
7 7 0 38 52.85
290
8 18 6 47 102.24
561
9 22 21 44 468.21
2569
10 35 6 42 113.54
623
11 20 0 48 261.35
1434
12 22 2 37 235.84
1294
13 5 1 38 356.85
1958
14 1 0 10 103.52
568
15 31 13 48 431.03
2365
16 7 0 13 734.48
4030
17 4 42 47 19.68
108
18 10 29 40 95.68
525
19 4 2 46 419.73
2303
20 6 11 48 116.64
640
21 14 5 43 807.93
4433
22 37 2 47 38.64
212
23 1 0 6 562.25
3085
24 6 37 48 294.16
1614
