30
1
5
0 170 0.1 0.1
5494
1 130 0.0 0.1
5575
2 150 0.1 0.1
5512
3 130 0.0 0.1
5498
4 170 0.1 0.1
5560
25
0 17 4 34 486.11
2687
1 11 20 47 121.03
669
2 7 3 23 344.82
1906
3 2 7 25 283.85
1569
4 12 16 48 231.38
1279
5 10 1 30 788.05
4356
6 1 0 10 738.66
4083
7 12 0 36 51.20
283
8 2 27 47 505.64
2795
9 37 4 48 58.80
325
10 27 0 40 413.20
2284
11 1 0 25 86.66
479
12 3 0 8 512.52
2833
13 10 33 47 592.48
3275
14 11 1 37 186.88
1033
15 25 3 48 273.90
1514
16 8 0 18 496.78
2746
17 13 3 38 337.94
1868
18 6 1 36 153.41
848
19 2 16 48 333.24
1842
20 2 1 26 85.21
471
21 7 1 41 409.58
2264
22 37 1 47 872.17
4821
23 33 8 47 285.84
1580
24 16 6 47 163.54
904
