30
1
5
0 190 0.1 0.0
5519
1 130 0.0 0.1
5559
2 170 0.1 0.1
5316
3 190 0.1 0.0
5780
4 120 0.1 0.1
5413
25
0 21 21 47 524.76
2893
1 18 4 47 273.72
1509
2 19 1 32 332.49
1833
3 21 25 47 303.10
1671
4 34 4 48 248.32
1369
5 13 18 46 526.93
2905
6 19 0 25 4.53
25
7 10 7 38 201.52
1111
8 5 3 47 342.10
1886
9 16 2 26 34.46
190
10 22 0 38 400.51
2208
11 7 0 9 37.37
206
12 17 15 48 309.63
1707
13 3 19 48 152.37
840
14 14 2 44 5.80
32
15 6 0 44 383.46
2114
16 27 10 47 198.80
1096
17 5 0 44 222.75
1228
18 23 3 47 224.92
1240
19 24 3 44 208.05
1147
20 9 0 33 913.84
5038
21 4 1 41 351.35
1937
22 16 3 33 117.54
648
23 4 0 14 126.79
699
24 33 4 47 55.69
307
