30
1
5
0 130 0.0 0.1
5515
1 190 0.1 0.0
5554
2 190 0.1 0.0
5490
3 120 0.1 0.1
5488
4 150 0.1 0.1
5507
25
0 19 4 47 574.70
3167
1 28 8 47 187.27
1032
2 27 14 48 177.11
976
3 4 22 37 43.91
242
4 16 22 47 74.95
413
5 26 1 36 174.03
959
6 2 0 40 228.65
1260
7 8 3 14 699.91
3857
8 2 0 11 312.30
1721
9 21 12 48 706.08
3891
10 37 2 48 37.56
207
11 6 1 30 219.21
1208
12 9 2 48 377.99
2083
13 15 21 47 579.96
3196
14 5 12 27 519.17
2861
15 8 1 13 24.13
133
16 24 2 45 320.47
1766
17 20 1 37 259.13
1428
18 26 2 35 305.59
1684
19 4 9 28 246.61
1359
20 25 1 31 234.82
1294
21 6 2 13 537.68
2963
22 14 14 48 542.04
2987
23 10 0 12 759.61
4186
24 18 23 48 240.08
1323
