30
1
5
0 150 0.1 0.1
5495
1 190 0.1 0.0
5560
2 150 0.1 0.1
5579
3 120 0.1 0.1
5444
4 120 0.1 0.1
5347
25
0 15 0 34 664.33
3643
1 5 0 7 86.44
474
2 11 15 37 71.67
393
3 4 0 43 167.41
918
4 9 25 47 634.06
3477
5 10 19 48 272.26
1493
6 15 3 35 494.37
2711
7 4 0 27 564.22
3094
8 37 2 47 9.30
51
9 9 32 47 223.94
1228
10 15 2 25 143.88
789
11 15 18 48 45.22
248
12 17 13 32 594.49
3260
13 15 8 48 217.19
1191
14 7 20 43 425.99
2336
15 2 8 45 545.62
2992
16 17 4 37 575.52
3156
17 6 0 47 9.48
52
18 5 1 35 142.42
781
19 28 18 47 56.35
309
20 14 1 48 64.19
352
21 24 9 47 90.63
497
22 32 3 48 42.31
232
23 25 2 42 219.56
1204
24 15 22 47 406.66
2230
