30
1
5
0 150 0.1 0.1
5334
1 130 0.0 0.1
5557
2 170 0.1 0.1
5541
3 150 0.1 0.1
5549
4 150 0.1 0.1
5462
25
0 15 4 47 164.56
903
1 4 0 47 3.28
18
2 22 1 46 151.99
834
3 23 23 47 757.93
4159
4 2 0 22 104.42
573
5 6 14 48 785.82
4312
6 38 7 47 46.65
256
7 1 0 12 45.92
252
8 13 8 47 651.51
3575
9 9 12 48 498.24
2734
10 7 1 10 53.40
293
11 22 16 47 14.03
77
12 15 4 41 51.03
280
13 12 0 28 719.30
3947
14 38 3 44 4.56
25
15 4 2 18 15.31
84
16 18 22 48 48.66
267
17 26 0 47 148.71
816
18 9 0 35 693.42
3805
19 13 2 21 566.95
3111
20 13 1 47 199.37
1094
21 1 0 6 137.59
755
22 9 30 47 157.09
862
23 16 2 25 171.12
939
24 3 0 11 364.11
1998
