30
1
5
0 170 0.1 0.1
5454
1 150 0.1 0.1
5655
2 120 0.1 0.1
5504
3 120 0.1 0.1
5480
4 130 0.0 0.1
5372
25
0 2 1 44 375.86
2064
1 2 21 39 415.92
2284
2 35 0 38 497.86
2734
3 8 39 47 451.61
2480
4 2 23 40 38.42
211
5 18 6 47 106.89
587
6 8 8 48 125.65
690
7 24 6 39 13.66
75
8 41 0 47 201.40
1106
9 3 0 22 61.00
335
10 6 0 29 391.33
2149
11 3 0 33 612.95
3366
12 9 1 25 15.84
87
13 20 2 42 10.20
56
14 15 13 48 319.22
1753
15 31 2 45 43.89
241
16 19 0 43 455.07
2499
17 6 11 48 595.11
3268
18 2 1 40 91.78
504
19 21 14 41 412.28
2264
20 7 0 23 100.34
551
21 10 33 48 517.35
2841
22 6 0 13 190.48
1046
23 9 28 47 77.76
427
24 15 0 22 8.56
47
