30
1
5
0 150 0.1 0.1
5514
1 120 0.1 0.1
5294
2 150 0.1 0.1
5238
3 120 0.1 0.1
5530
4 150 0.1 0.1
5489
25
0 16 29 48 315.33
1706
1 36 6 47 13.49
73
2 6 10 48 223.10
1207
3 32 1 48 764.48
4136
4 6 41 47 554.32
2999
5 18 21 47 293.15
1586
6 10 3 47 576.50
3119
7 26 0 47 304.61
1648
8 27 0 39 396.84
2147
9 10 2 34 121.99
660
10 1 32 47 398.14
2154
11 9 15 35 87.06
471
12 19 1 35 624.74
3380
13 14 2 45 97.22
526
14 16 2 42 41.77
226
15 3 8 42 735.64
3980
16 21 26 48 111.46
603
17 12 19 40 46.58
252
18 31 13 48 120.51
652
19 2 11 40 232.52
1258
20 19 24 47 278.55
1507
21 10 3 48 547.11
2960
22 11 0 22 12.75
69
23 1 33 47 178.37
965
24 11 33 47 200.55
1085
