30
1
5
0 190 0.1 0.0
5421
1 190 0.1 0.0
5609
2 150 0.1 0.1
5413
3 120 0.1 0.1
5591
4 130 0.0 0.1
5495
25
0 10 0 43 88.47
487
1 21 0 34 89.20
491
2 37 1 39 169.31
932
3 6 25 48 56.86
313
4 25 7 47 10.90
60
5 1 2 44 12.17
67
6 9 22 48 66.85
368
7 16 7 48 187.48
1032
8 18 5 47 556.63
3064
9 17 7 30 696.15
3832
10 28 13 47 325.73
1793
11 2 0 45 377.69
2079
12 9 9 40 46.51
256
13 1 1 25 344.62
1897
14 5 10 48 21.62
119
15 6 35 48 268.87
1480
16 38 0 48 525.74
2894
17 15 10 48 314.47
1731
18 2 1 43 23.07
127
19 8 0 23 300.11
1652
20 13 14 44 440.36
2424
21 19 5 40 43.42
239
22 2 0 27 404.21
2225
23 9 37 47 403.66
2222
24 13 1 39 283.76
1562
