30
1
5
0 120 0.1 0.1
5580
1 170 0.1 0.1
5660
2 150 0.1 0.1
5374
3 130 0.0 0.1
5394
4 150 0.1 0.1
5466
25
0 18 1 41 187.71
1031
1 12 0 27 103.78
570
2 13 32 48 379.60
2085
3 1 3 47 535.81
2943
4 5 0 20 593.71
3261
5 19 9 38 186.43
1024
6 25 11 48 321.34
1765
7 28 2 47 347.01
1906
8 19 14 47 665.62
3656
9 13 10 37 66.27
364
10 1 16 47 208.83
1147
11 2 30 48 1.82
10
12 20 24 48 288.57
1585
13 8 0 11 325.89
1790
14 26 0 35 305.86
1680
15 3 2 24 92.31
507
16 5 0 26 129.26
710
17 17 5 48 912.13
5010
18 3 1 42 128.90
708
19 2 36 48 66.27
364
20 3 1 26 455.52
2502
21 7 15 48 198.45
1090
22 38 4 46 208.28
1144
23 17 1 45 1.64
9
24 9 3 30 374.14
2055
