30
1
5
0 150 0.1 0.1
5657
1 190 0.1 0.0
5624
2 120 0.1 0.1
5466
3 170 0.1 0.1
5452
4 190 0.1 0.0
5695
25
0 11 1 37 386.05
2153
1 14 4 48 194.19
1083
2 34 12 46 67.60
377
3 1 8 47 53.61
299
4 1 4 48 935.09
5215
5 1 6 47 437.33
2439
6 11 3 32 27.61
154
7 1 13 47 301.78
1683
8 16 26 46 26.36
147
9 20 24 46 364.53
2033
10 14 2 46 272.19
1518
11 19 2 47 189.35
1056
12 26 4 45 271.83
1516
13 15 7 43 15.24
85
14 18 1 28 398.60
2223
15 22 8 47 142.01
792
16 18 6 33 44.11
246
17 16 7 48 44.83
250
18 16 7 34 206.92
1154
19 19 2 47 257.31
1435
20 16 5 27 116.73
651
21 3 0 22 358.08
1997
22 19 20 45 291.73
1627
23 14 13 48 401.65
2240
24 15 18 48 537.75
2999
