30
1
5
0 150 0.1 0.1
5245
1 190 0.1 0.0
5483
2 130 0.0 0.1
5524
3 150 0.1 0.1
5566
4 170 0.1 0.1
5393
25
0 4 0 45 182.91
995
1 8 0 48 479.62
2609
2 12 30 47 877.43
4773
3 31 7 46 572.08
3112
4 11 21 47 355.53
1934
5 6 37 48 307.00
1670
6 15 6 36 2.39
13
7 11 17 47 43.20
235
8 34 1 42 206.44
1123
9 9 6 47 582.38
3168
10 3 0 35 116.00
631
11 37 1 47 187.51
1020
12 14 7 48 2.02
11
13 15 2 28 156.81
853
14 22 21 47 689.37
3750
15 8 1 41 117.65
640
16 14 20 48 426.67
2321
17 4 0 42 615.83
3350
18 14 2 26 646.90
3519
19 19 23 48 306.08
1665
20 38 9 48 73.90
402
21 13 1 25 744.33
4049
22 16 1 33 59.56
324
23 16 11 48 75.74
412
24 7 9 42 471.16
2563
