30
1
5
0 170 0.1 0.1
5485
1 120 0.1 0.1
5648
2 190 0.1 0.0
5541
3 130 0.0 0.1
5380
4 120 0.1 0.1
5444
25
0 20 0 28 34.19
188
1 2 0 7 578.93
3183
2 2 0 43 258.09
1419
3 28 0 48 396.86
2182
4 19 0 48 11.64
64
5 6 8 40 236.26
1299
6 9 32 48 887.76
4881
7 2 0 35 441.24
2426
8 16 12 48 567.10
3118
9 2 0 34 86.39
475
10 4 28 48 342.12
1881
11 2 39 47 499.26
2745
12 18 12 46 432.88
2380
13 2 12 48 363.58
1999
14 15 6 36 211.16
1161
15 7 33 48 42.20
232
16 5 10 47 363.03
1996
17 15 19 48 507.81
2792
18 4 9 27 108.95
599
19 19 4 38 745.89
4101
20 34 0 41 36.19
199
21 6 2 19 153.14
842
22 5 3 38 144.78
796
23 21 20 47 140.05
770
24 31 3 42 148.05
814
