30
1
5
0 120 0.1 0.1
5607
1 130 0.0 0.1
5581
2 130 0.0 0.1
5360
3 190 0.1 0.0
5590
4 190 0.1 0.0
5562
25
0 5 17 47 410.40
2273
1 11 26 47 425.39
2356
2 5 32 48 86.85
481
3 23 6 45 337.10
1867
4 20 3 32 53.44
296
5 12 1 19 243.21
1347
6 4 0 42 358.04
1983
7 22 23 47 291.06
1612
8 19 19 47 386.57
2141
9 4 11 47 266.68
1477
10 13 34 47 403.36
2234
11 20 4 45 341.79
1893
12 8 17 48 85.04
471
13 13 12 47 347.57
1925
14 31 3 44 367.43
2035
15 3 0 44 34.67
192
16 16 12 48 171.71
951
17 20 6 40 733.06
4060
18 30 3 46 245.92
1362
19 14 5 41 38.46
213
20 10 12 48 273.54
1515
21 13 9 46 109.24
605
22 7 3 47 273.18
1513
23 18 3 26 535.17
2964
24 19 1 30 306.22
1696
