30
1
5
0 190 0.1 0.0
5484
1 150 0.1 0.1
5587
2 150 0.1 0.1
5645
3 130 0.0 0.1
5507
4 150 0.1 0.1
5528
25
0 17 0 48 138.57
769
1 9 3 33 200.92
1115
2 15 17 36 541.48
3005
3 9 1 16 696.81
3867
4 32 13 45 156.59
869
5 24 0 33 364.17
2021
6 4 9 43 207.58
1152
7 26 11 38 82.71
459
8 9 5 23 377.87
2097
9 4 0 34 706.72
3922
10 13 4 48 7.57
42
11 2 31 48 121.63
675
12 4 0 26 398.77
2213
13 4 1 40 12.25
68
14 21 6 46 38.74
215
15 21 13 41 214.07
1188
16 29 2 47 14.78
82
17 28 3 48 101.09
561
18 2 35 48 27.57
153
19 3 0 21 131.00
727
20 26 6 48 436.25
2421
21 23 5 48 446.34
2477
22 9 10 41 364.17
2021
23 18 12 43 6.85
38
24 13 14 48 16.22
90
