30
1
5
0 150 0.1 0.1
5309
1 130 0.0 0.1
5522
2 170 0.1 0.1
5572
3 170 0.1 0.1
5497
4 120 0.1 0.1
5490
25
0 14 17 45 11.14
61
1 21 1 47 598.56
3278
2 18 2 42 551.45
3020
3 35 0 39 166.35
911
4 25 20 48 53.68
294
5 29 0 44 0.18
1
6 13 5 35 685.65
3755
7 18 15 47 0.18
1
8 13 8 26 527.16
2887
9 14 26 48 400.62
2194
10 13 6 34 188.99
1035
11 14 21 47 149.55
819
12 8 27 47 220.40
1207
13 25 6 39 136.04
745
14 7 0 41 14.61
80
15 28 0 47 579.38
3173
16 5 0 31 640.74
3509
17 5 37 48 212.18
1162
18 31 4 39 457.41
2505
19 7 21 48 319.18
1748
20 8 15 43 310.60
1701
21 2 17 38 108.83
596
22 15 0 31 563.50
3086
23 10 1 23 49.67
272
24 16 17 37 139.87
766
