30
1
5
0 190 0.1 0.0
5547
1 170 0.1 0.1
5456
2 120 0.1 0.1
5359
3 170 0.1 0.1
5628
4 130 0.0 0.1
5483
25
0 10 12 48 55.71
306
1 26 6 48 27.85
153
2 10 2 19 380.66
2091
3 25 4 48 363.00
1994
4 4 21 47 442.74
2432
5 4 1 47 271.98
1494
6 22 0 33 663.01
3642
7 6 24 34 527.20
2896
8 39 0 40 289.27
1589
9 2 0 7 799.55
4392
10 1 2 48 18.57
102
11 33 4 46 369.92
2032
12 12 1 23 313.12
1720
13 1 7 47 831.04
4565
14 13 3 48 413.24
2270
15 2 0 48 8.92
49
16 1 4 48 428.54
2354
17 38 4 48 398.50
2189
18 32 7 48 6.55
36
19 33 1 46 192.79
1059
20 3 36 48 659.92
3625
21 25 0 46 18.39
101
22 3 24 43 217.36
1194
23 20 5 34 384.66
2113
24 14 27 48 799.55
4392
