30
1
5
0 170 0.1 0.1
5554
1 170 0.1 0.1
5619
2 150 0.1 0.1
5516
3 120 0.1 0.1
5493
4 190 0.1 0.0
5564
25
0 5 2 44 103.62
575
1 10 7 48 127.77
709
2 14 12 44 454.87
2524
3 34 0 48 891.89
4949
4 5 1 46 75.69
420
5 32 0 43 153.18
850
6 13 29 48 483.70
2684
7 18 2 46 510.92
2835
8 23 2 47 61.27
340
9 23 8 41 419.91
2330
10 28 0 46 180.94
1004
11 36 1 38 5.95
33
12 3 23 47 115.16
639
13 12 0 45 139.13
772
14 10 3 22 170.67
947
15 2 0 29 712.94
3956
16 6 39 48 951.73
5281
17 3 29 48 385.48
2139
18 7 36 48 4.87
27
19 6 0 32 593.09
3291
20 5 17 48 5.59
31
21 16 13 46 127.95
710
22 10 27 48 521.19
2892
23 19 1 43 523.71
2906
24 3 1 38 180.40
1001
