30
1
5
0 150 0.1 0.1
5507
1 190 0.1 0.0
5624
2 150 0.1 0.1
5634
3 170 0.1 0.1
5613
4 130 0.0 0.1
5536
25
0 3 24 48 43.53
243
1 8 0 46 601.36
3357
2 28 16 48 651.52
3637
3 2 15 47 117.16
654
4 24 9 47 191.32
1068
5 18 23 48 144.38
806
6 3 7 48 140.62
785
7 3 0 12 414.34
2313
8 22 13 48 566.97
3165
9 6 25 48 571.63
3191
10 10 2 45 75.24
420
11 28 0 47 393.03
2194
12 6 0 36 198.13
1106
13 12 35 48 220.34
1230
14 20 8 43 479.19
2675
15 8 2 34 343.41
1917
16 5 16 26 307.40
1716
17 17 0 48 159.25
889
18 2 0 42 40.13
224
19 26 4 48 23.65
132
20 7 10 28 325.49
1817
21 8 2 31 49.44
276
22 22 0 37 383.35
2140
23 4 30 48 240.04
1340
24 8 4 27 274.80
1534
