30
1
5
0 130 0.0 0.1
5570
1 150 0.1 0.1
5489
2 170 0.1 0.1
5379
3 130 0.0 0.1
5437
4 150 0.1 0.1
5413
25
0 21 12 47 229.81
1254
1 3 0 15 320.15
1747
2 9 1 23 284.78
1554
3 7 6 15 412.70
2252
4 8 1 17 289.36
1579
5 16 2 24 372.20
2031
6 3 26 48 236.22
1289
7 34 10 47 385.02
2101
8 21 1 41 236.95
1293
9 21 0 48 366.33
1999
10 11 17 47 164.93
900
11 6 25 48 83.93
458
12 13 0 25 59.19
323
13 23 11 47 83.02
453
14 19 4 46 283.50
1547
15 3 38 48 166.76
910
16 17 27 47 265.72
1450
17 12 23 48 266.64
1455
18 3 6 14 346.36
1890
19 4 5 41 96.03
524
20 7 25 37 214.96
1173
21 15 6 47 59.01
322
22 18 2 24 456.13
2489
23 19 1 48 351.12
1916
24 4 0 4 339.94
1855
