30
1
5
0 170 0.1 0.1
5391
1 150 0.1 0.1
5304
2 150 0.1 0.1
5498
3 150 0.1 0.1
5596
4 190 0.1 0.0
5498
25
0 6 13 44 19.25
105
1 2 37 47 223.63
1220
2 7 26 46 434.05
2368
3 9 7 46 201.81
1101
4 13 29 45 52.24
285
5 24 0 38 901.47
4918
6 26 0 45 201.26
1098
7 32 10 45 146.64
800
8 6 41 48 896.15
4889
9 6 13 46 667.03
3639
10 4 38 47 107.96
589
11 13 0 36 478.05
2608
12 7 27 48 11.73
64
13 8 21 47 535.79
2923
14 15 6 23 64.34
351
15 19 10 47 1.83
10
16 36 2 47 76.62
418
17 12 19 46 145.36
793
18 12 3 28 117.86
643
19 3 12 48 564.01
3077
20 13 7 33 485.93
2651
21 13 24 48 3.48
19
22 2 39 48 320.22
1747
23 20 12 45 358.90
1958
24 21 0 48 641.92
3502
