30
1
5
0 190 0.1 0.0
5413
1 150 0.1 0.1
5193
2 130 0.0 0.1
5502
3 130 0.0 0.1
5293
4 120 0.1 0.1
5554
25
0 19 26 47 845.63
4556
1 5 1 17 208.44
1123
2 12 3 36 156.65
844
3 2 31 44 96.52
520
4 28 1 41 285.28
1537
5 32 1 48 283.79
1529
6 24 3 37 46.96
253
7 33 7 41 145.15
782
8 19 17 46 75.36
406
9 29 3 36 238.13
1283
10 4 1 34 53.64
289
11 23 21 48 143.66
774
12 12 24 48 344.12
1854
13 10 23 48 404.44
2179
14 4 2 22 774.36
4172
15 19 7 47 441.75
2380
16 19 2 40 624.94
3367
17 10 2 47 776.77
4185
18 6 17 47 241.85
1303
19 20 13 47 10.77
58
20 14 23 47 497.24
2679
21 11 12 30 10.21
55
22 1 23 48 652.78
3517
23 3 9 40 312.19
1682
24 12 11 47 262.26
1413
