30
1
5
0 130 0.0 0.1
5478
1 170 0.1 0.1
5497
2 120 0.1 0.1
5434
3 170 0.1 0.1
5465
4 130 0.0 0.1
5498
25
0 2 12 48 775.99
4248
1 3 1 16 339.40
1858
2 2 3 48 60.28
330
3 14 24 47 275.47
1508
4 34 1 38 55.71
305
5 29 6 42 140.84
771
6 12 9 47 117.82
645
7 12 4 43 900.02
4927
8 1 0 14 280.77
1537
9 1 0 28 464.35
2542
10 3 0 44 329.91
1806
11 5 9 47 24.30
133
12 19 10 48 333.38
1825
13 24 2 44 229.98
1259
14 6 22 47 503.81
2758
15 20 15 43 728.31
3987
16 28 13 46 102.84
563
17 19 4 47 40.92
224
18 14 2 42 651.41
3566
19 17 2 39 27.58
151
20 35 5 47 16.26
89
21 5 31 46 58.09
318
22 24 1 38 489.20
2678
23 1 46 47 104.12
570
24 8 2 48 483.90
2649
