30
1
5
0 120 0.1 0.1
5480
1 150 0.1 0.1
5376
2 130 0.0 0.1
5514
3 170 0.1 0.1
5504
4 120 0.1 0.1
5461
25
0 22 20 47 384.52
2102
1 14 12 33 297.45
1626
2 5 0 42 441.05
2411
3 4 2 13 92.01
503
4 15 4 45 369.89
2022
5 6 0 36 265.43
1451
6 4 0 36 214.39
1172
7 7 6 20 9.70
53
8 16 27 47 203.78
1114
9 17 24 48 8.96
49
10 6 7 27 533.24
2915
11 6 13 35 56.16
307
12 15 0 47 10.79
59
13 13 2 31 374.82
2049
14 24 2 47 345.37
1888
15 21 21 47 55.06
301
16 4 13 25 214.76
1174
17 23 8 45 47.93
262
18 17 5 47 394.40
2156
19 9 1 22 293.60
1605
20 6 1 18 677.76
3705
21 11 15 32 181.10
990
22 37 6 47 162.63
889
23 27 2 36 423.12
2313
24 13 1 22 266.35
1456
