30
1
5
0 190 0.1 0.0
5515
1 130 0.0 0.1
5425
2 150 0.1 0.1
5521
3 130 0.0 0.1
5449
4 190 0.1 0.0
5475
25
0 14 28 48 304.01
1665
1 7 15 37 98.60
540
2 12 11 47 265.49
1454
3 17 13 43 79.97
438
4 12 22 48 152.65
836
5 35 2 44 717.40
3929
6 31 8 44 605.65
3317
7 30 7 45 24.47
134
8 3 0 8 589.58
3229
9 34 6 47 36.88
202
10 13 5 33 93.49
512
11 20 10 48 591.23
3238
12 3 0 43 310.95
1703
13 14 6 44 617.15
3380
14 12 17 45 617.34
3381
15 3 26 47 496.83
2721
16 4 14 48 447.71
2452
17 8 0 25 30.13
165
18 3 4 47 82.17
450
19 8 0 34 424.52
2325
20 4 35 48 946.73
5185
21 4 20 47 70.84
388
22 5 15 42 512.71
2808
23 17 1 38 582.46
3190
24 18 29 48 88.74
486
