30
1
5
0 190 0.1 0.0
5540
1 170 0.1 0.1
5647
2 170 0.1 0.1
5505
3 150 0.1 0.1
5409
4 170 0.1 0.1
5625
25
0 26 9 40 519.49
2880
1 31 1 48 20.38
113
2 19 2 29 97.22
539
3 8 28 47 14.25
79
4 22 0 46 537.71
2981
5 9 12 48 29.58
164
6 15 4 47 389.26
2158
7 9 29 48 709.43
3933
8 8 31 48 595.25
3300
9 31 0 38 118.15
655
10 13 0 47 5.95
33
11 14 23 48 752.72
4173
12 30 5 47 318.37
1765
13 6 0 42 338.57
1877
14 30 4 48 283.92
1574
15 16 12 47 149.72
830
16 8 22 47 157.11
871
17 15 20 47 160.00
887
18 12 11 46 16.59
92
19 3 2 45 128.43
712
20 19 2 43 167.21
927
21 23 9 40 27.42
152
22 4 1 40 579.56
3213
23 2 0 25 165.23
916
24 2 21 46 3.97
22
