30
1
5
0 150 0.1 0.1
5564
1 130 0.0 0.1
5673
2 150 0.1 0.1
5486
3 150 0.1 0.1
5392
4 150 0.1 0.1
5451
25
0 9 13 48 277.78
1531
1 7 13 40 125.01
689
2 4 1 10 51.89
286
3 4 14 48 218.27
1203
4 19 6 38 267.44
1474
5 3 13 47 642.11
3539
6 39 6 47 349.45
1926
7 14 14 41 254.38
1402
8 35 4 47 84.91
468
9 10 26 47 410.96
2265
10 8 30 48 50.26
277
11 22 3 31 125.92
694
12 11 17 48 744.81
4105
13 21 2 47 57.15
315
14 14 8 47 51.35
283
15 16 7 43 142.25
784
16 30 0 46 169.10
932
17 1 27 32 382.47
2108
18 3 0 3 254.74
1404
19 12 25 48 635.76
3504
20 22 1 46 680.76
3752
21 25 0 42 856.03
4718
22 8 0 26 256.92
1416
23 6 2 34 294.11
1621
24 7 21 41 433.82
2391
