30
1
5
0 150 0.1 0.1
5560
1 170 0.1 0.1
5425
2 120 0.1 0.1
5413
3 130 0.0 0.1
5425
4 130 0.0 0.1
5506
25
0 12 5 48 611.14
3340
1 17 16 46 30.37
166
2 8 0 46 542.52
2965
3 35 5 48 395.41
2161
4 26 19 48 93.68
512
5 11 33 46 304.47
1664
6 5 27 47 348.02
1902
7 42 3 46 357.17
1952
8 4 1 43 657.62
3594
9 3 4 24 99.36
543
10 21 11 48 10.25
56
11 27 0 30 262.75
1436
12 16 31 47 35.86
196
13 32 4 48 99.90
546
14 26 2 39 27.08
148
15 19 16 48 434.20
2373
16 14 1 23 688.17
3761
17 21 20 48 160.47
877
18 5 32 47 208.96
1142
19 35 12 48 435.85
2382
20 1 26 48 395.78
2163
21 1 35 47 247.02
1350
22 6 0 12 172.36
942
23 7 3 24 298.98
1634
24 1 0 4 770.88
4213
