30
1
5
0 120 0.1 0.1
5552
1 150 0.1 0.1
5494
2 190 0.1 0.0
5421
3 190 0.1 0.0
5534
4 170 0.1 0.1
5544
25
0 25 1 46 332.75
1833
1 20 2 25 358.71
1976
2 12 10 48 45.75
252
3 4 1 46 91.86
506
4 32 2 41 281.38
1550
5 29 9 42 153.22
844
6 3 3 48 482.16
2656
7 7 20 34 459.83
2533
8 16 21 47 169.37
933
9 3 0 21 323.86
1784
10 15 16 47 555.50
3060
11 16 16 47 270.85
1492
12 5 14 47 331.66
1827
13 20 0 48 7.62
42
14 14 3 45 531.35
2927
15 16 2 39 384.31
2117
16 3 4 29 7.62
42
17 6 25 47 268.31
1478
18 20 13 48 113.64
626
19 5 1 22 39.21
216
20 4 15 40 319.87
1762
21 21 14 48 311.51
1716
22 26 0 39 240.35
1324
23 4 1 36 510.11
2810
24 12 4 20 106.20
585
