30
1
5
0 130 0.0 0.1
5603
1 120 0.1 0.1
5448
2 130 0.0 0.1
5542
3 170 0.1 0.1
5460
4 130 0.0 0.1
5516
25
0 15 0 31 118.08
651
1 4 15 48 311.43
1717
2 11 15 47 340.27
1876
3 5 2 48 381.81
2105
4 8 25 48 443.30
2444
5 18 10 37 301.46
1662
6 6 2 17 70.19
387
7 12 24 47 393.96
2172
8 18 5 47 203.33
1121
9 13 8 47 388.70
2143
10 13 14 44 204.60
1128
11 6 17 46 93.59
516
12 10 6 40 199.70
1101
13 9 19 48 373.47
2059
14 19 2 25 50.79
280
15 8 39 47 165.06
910
16 21 13 40 126.60
698
17 16 0 41 125.70
693
18 12 6 33 493.36
2720
19 19 9 37 451.46
2489
20 15 11 41 74.19
409
21 13 12 29 487.37
2687
22 3 5 48 150.73
831
23 9 4 48 597.11
3292
24 3 5 47 398.86
2199
