30
1
5
0 170 0.1 0.1
5455
1 130 0.0 0.1
5416
2 170 0.1 0.1
5354
3 150 0.1 0.1
5250
4 190 0.1 0.0
5400
25
0 29 2 47 372.72
2003
1 12 20 48 54.71
294
2 4 10 47 231.11
1242
3 41 0 47 259.02
1392
4 21 3 31 172.68
928
5 2 0 15 641.04
3445
6 37 3 46 353.55
1900
7 1 24 47 234.27
1259
8 31 3 45 136.21
732
9 11 0 48 258.46
1389
10 22 8 44 322.10
1731
11 3 37 48 183.47
986
12 10 20 47 1.30
7
13 16 16 48 149.79
805
14 12 6 48 800.32
4301
15 21 4 30 295.87
1590
16 23 0 34 286.56
1540
17 38 8 47 169.33
910
18 2 0 18 235.76
1267
19 25 5 39 454.40
2442
20 1 33 42 350.01
1881
21 2 0 14 93.60
503
22 11 32 47 539.81
2901
23 24 9 40 1.86
10
24 2 0 14 611.45
3286
