30
1
5
0 190 0.1 0.0
5594
1 120 0.1 0.1
5553
2 190 0.1 0.0
5573
3 190 0.1 0.0
5424
4 170 0.1 0.1
5302
25
0 6 0 39 252.24
1384
1 6 0 31 177.69
975
2 12 27 48 34.81
191
3 16 3 47 320.58
1759
4 41 3 47 134.32
737
5 19 3 31 53.76
295
6 34 10 47 90.21
495
7 5 3 33 97.87
537
8 1 0 10 544.20
2986
9 29 3 43 31.35
172
10 5 6 15 510.67
2802
11 3 0 36 470.94
2584
12 3 0 6 102.97
565
13 27 19 48 67.43
370
14 32 8 48 674.88
3703
15 23 21 48 571.54
3136
16 39 5 47 51.94
285
17 1 0 18 266.63
1463
18 13 3 41 402.41
2208
19 23 3 48 392.75
2155
20 2 0 12 694.74
3812
21 20 23 48 467.84
2567
22 4 1 36 116.46
639
23 16 10 48 372.16
2042
24 18 28 48 126.30
693
