30
1
5
0 170 0.1 0.1
5486
1 120 0.1 0.1
5356
2 170 0.1 0.1
5539
3 170 0.1 0.1
5435
4 130 0.0 0.1
5534
25
0 7 23 47 295.48
1616
1 18 18 39 426.76
2334
2 45 0 47 265.86
1454
3 11 2 27 687.13
3758
4 3 16 47 296.57
1622
5 14 2 41 94.90
519
6 4 25 48 467.53
2557
7 9 30 48 418.35
2288
8 23 5 47 207.71
1136
9 7 30 48 536.28
2933
10 6 11 47 222.70
1218
11 18 27 47 267.87
1465
12 11 4 48 147.56
807
13 34 3 42 207.35
1134
14 29 0 43 327.47
1791
15 17 17 47 234.04
1280
16 8 4 28 391.47
2141
17 29 6 48 177.91
973
18 2 26 41 450.53
2464
19 3 1 44 276.09
1510
20 14 1 29 181.75
994
21 2 6 44 146.09
799
22 2 0 7 438.09
2396
23 20 20 46 94.71
518
24 2 0 28 139.14
761
