30
1
5
0 120 0.1 0.1
5462
1 120 0.1 0.1
5502
2 130 0.0 0.1
5639
3 130 0.0 0.1
5437
4 170 0.1 0.1
5479
25
0 2 0 7 450.67
2480
1 2 0 27 215.89
1188
2 1 34 46 798.31
4393
3 25 6 43 591.69
3256
4 10 8 48 44.70
246
5 9 11 48 601.50
3310
6 20 13 39 14.54
80
7 27 15 47 233.69
1286
8 10 0 35 796.31
4382
9 9 32 48 11.09
61
10 27 12 47 542.44
2985
11 21 16 39 604.77
3328
12 14 4 27 570.79
3141
13 12 14 44 441.22
2428
14 5 8 48 283.31
1559
15 10 1 39 219.52
1208
16 1 7 41 7.45
41
17 17 13 43 308.20
1696
18 5 36 48 490.29
2698
19 15 14 48 158.28
871
20 9 36 48 9.09
50
21 11 15 47 372.89
2052
22 13 2 37 144.11
793
23 27 5 48 30.53
168
24 13 10 42 33.98
187
