30
1
5
0 170 0.1 0.1
5549
1 190 0.1 0.0
5391
2 130 0.0 0.1
5644
3 190 0.1 0.0
5277
4 130 0.0 0.1
5586
25
0 29 3 48 44.48
244
1 8 18 48 244.62
1342
2 4 35 47 208.35
1143
3 26 6 45 262.49
1440
4 9 0 38 543.56
2982
5 8 1 14 34.82
191
6 21 15 41 37.91
208
7 41 3 46 449.14
2464
8 31 1 47 231.32
1269
9 10 2 43 762.30
4182
10 22 7 42 433.83
2380
11 18 20 40 24.97
137
12 25 9 43 643.64
3531
13 29 14 48 128.14
703
14 7 12 46 87.31
479
15 19 1 46 248.63
1364
16 31 3 48 303.86
1667
17 20 14 45 437.84
2402
18 12 0 20 113.93
625
19 13 14 42 119.94
658
20 8 13 46 261.03
1432
21 5 28 48 455.89
2501
22 12 2 34 29.71
163
23 31 0 33 117.94
647
24 7 23 47 307.14
1685
