30
1
5
0 190 0.1 0.0
5459
1 120 0.1 0.1
5425
2 190 0.1 0.0
5639
3 130 0.0 0.1
5444
4 120 0.1 0.1
5629
25
0 11 4 29 129.04
712
1 18 1 22 176.71
975
2 13 7 42 115.63
638
3 13 6 41 314.45
1735
4 11 16 38 124.51
687
5 25 0 47 422.83
2333
6 17 16 48 340.73
1880
7 2 0 30 170.00
938
8 1 36 47 235.79
1301
9 25 8 48 269.32
1486
10 14 0 41 436.06
2406
11 2 16 28 145.35
802
12 11 25 48 221.29
1221
13 23 2 48 148.98
822
14 15 0 45 456.00
2516
15 18 13 47 325.50
1796
16 18 7 42 486.63
2685
17 14 0 47 106.21
586
18 2 0 22 143.00
789
19 17 13 48 365.92
2019
20 11 10 41 674.75
3723
21 13 1 28 262.98
1451
22 20 20 46 78.48
433
23 22 8 46 321.15
1772
24 2 14 30 64.88
358
