30
1
5
0 170 0.1 0.1
5504
1 170 0.1 0.1
5526
2 130 0.0 0.1
5449
3 150 0.1 0.1
5522
4 120 0.1 0.1
5528
25
0 12 2 44 693.65
3819
1 12 11 47 106.80
588
2 14 9 48 305.69
1683
3 42 5 47 132.95
732
4 19 1 33 172.37
949
5 9 1 26 504.57
2778
6 1 6 34 130.96
721
7 14 22 47 128.41
707
8 20 3 48 726.16
3998
9 20 26 47 732.16
4031
10 22 4 47 232.67
1281
11 9 3 45 88.64
488
12 9 15 48 573.05
3155
13 4 0 41 450.81
2482
14 12 0 41 690.56
3802
15 22 2 44 122.96
677
16 6 0 37 368.17
2027
17 12 16 47 221.05
1217
18 15 15 43 206.70
1138
19 21 1 39 226.50
1247
20 1 2 40 129.32
712
21 13 22 47 270.99
1492
22 23 8 33 311.50
1715
23 26 9 48 79.19
436
24 11 0 19 299.69
1650
