30
1
5
0 130 0.0 0.1
5596
1 190 0.1 0.0
5542
2 150 0.1 0.1
5574
3 150 0.1 0.1
5585
4 190 0.1 0.0
5436
25
0 12 9 33 292.46
1622
1 4 2 6 128.92
715
2 3 34 47 24.16
134
3 4 21 42 338.08
1875
4 29 1 47 413.45
2293
5 2 0 48 443.74
2461
6 18 5 37 117.92
654
7 4 35 44 148.22
822
8 16 9 38 414.71
2300
9 13 21 42 141.72
786
10 7 23 48 304.91
1691
11 7 11 48 333.94
1852
12 31 1 48 27.59
153
13 9 30 48 654.17
3628
14 10 0 42 294.81
1635
15 22 0 26 672.38
3729
16 16 5 47 303.46
1683
17 10 22 44 686.80
3809
18 22 3 47 554.09
3073
19 4 1 31 708.08
3927
20 27 1 41 75.37
418
21 14 8 47 295.71
1640
22 5 41 47 793.73
4402
23 34 13 48 186.80
1036
24 12 3 48 214.39
1189
