30
1
5
0 130 0.0 0.1
5345
1 130 0.0 0.1
5501
2 130 0.0 0.1
5571
3 130 0.0 0.1
5526
4 150 0.1 0.1
5679
25
0 24 2 42 258.05
1425
1 13 22 47 106.48
588
2 31 3 40 97.97
541
3 14 2 40 494.18
2729
4 5 0 8 811.81
4483
5 11 17 48 783.38
4326
6 12 1 37 601.75
3323
7 12 5 40 294.26
1625
8 3 0 39 203.18
1122
9 36 11 47 407.99
2253
10 4 0 15 314.55
1737
11 2 0 34 355.83
1965
12 6 0 9 202.82
1120
13 17 11 48 312.73
1727
14 33 1 47 114.26
631
15 9 0 23 306.03
1690
16 13 13 30 232.51
1284
17 20 6 30 323.42
1786
18 8 1 10 509.76
2815
19 33 5 47 91.45
505
20 8 28 47 114.26
631
21 23 0 42 368.69
2036
22 5 3 36 155.37
858
23 13 1 47 300.06
1657
24 10 10 48 268.73
1484
