30
1
5
0 190 0.1 0.0
5511
1 130 0.0 0.1
5458
2 190 0.1 0.0
5466
3 170 0.1 0.1
5685
4 190 0.1 0.0
5667
25
0 10 9 33 61.20
340
1 8 1 48 293.03
1628
2 22 5 42 71.82
399
3 13 13 43 143.10
795
4 4 29 46 683.63
3798
5 7 38 48 161.46
897
6 4 37 47 406.97
2261
7 35 2 40 658.61
3659
8 10 4 24 148.14
823
9 14 2 31 146.34
813
10 38 4 44 55.26
307
11 9 11 35 123.48
686
12 26 0 36 270.36
1502
13 18 13 38 649.79
3610
14 17 5 25 728.63
4048
15 10 15 48 78.66
437
16 3 24 46 65.52
364
17 22 19 48 754.19
4190
18 6 2 48 204.48
1136
19 20 0 42 101.34
563
20 7 7 44 290.87
1616
21 13 0 14 115.20
640
22 13 0 44 37.62
209
23 6 34 42 133.92
744
24 7 12 48 314.81
1749
