30
1
5
0 190 0.1 0.0
5516
1 150 0.1 0.1
5396
2 170 0.1 0.1
5497
3 130 0.0 0.1
5526
4 170 0.1 0.1
5408
25
0 7 36 48 467.26
2555
1 16 15 47 346.74
1896
2 5 0 36 254.20
1390
3 1 7 47 483.35
2643
4 4 5 47 638.80
3493
5 15 2 47 414.59
2267
6 30 0 47 252.92
1383
7 1 12 47 93.45
511
8 7 2 16 155.27
849
9 20 6 33 260.79
1426
10 21 1 31 409.65
2240
11 9 19 47 157.28
860
12 12 2 39 49.93
273
13 5 2 13 451.53
2469
14 34 2 47 216.71
1185
15 11 9 46 273.77
1497
16 6 21 36 310.90
1700
17 6 0 48 52.30
286
18 20 1 41 429.95
2351
19 28 17 46 497.44
2720
20 5 29 47 229.33
1254
21 20 3 29 363.75
1989
22 30 11 48 89.79
491
23 25 2 43 76.26
417
24 15 11 44 226.04
1236
