30
1
5
0 120 0.1 0.1
5510
1 130 0.0 0.1
5349
2 170 0.1 0.1
5526
3 170 0.1 0.1
5421
4 170 0.1 0.1
5479
25
0 18 11 32 439.68
2399
1 13 25 48 317.62
1733
2 3 17 42 413.29
2255
3 4 0 9 211.68
1155
4 7 20 47 607.56
3315
5 19 1 38 245.22
1338
6 3 7 33 75.33
411
7 19 18 47 472.30
2577
8 7 10 44 47.65
260
9 38 1 47 135.62
740
10 10 0 44 446.46
2436
11 3 1 41 88.52
483
12 6 12 47 109.05
595
13 7 0 23 76.79
419
14 8 1 40 456.73
2492
15 2 30 47 466.07
2543
16 15 7 47 195.01
1064
17 45 0 45 155.79
850
18 23 3 39 48.39
264
19 4 13 33 119.68
653
20 8 19 47 512.63
2797
21 31 3 45 307.54
1678
22 23 16 41 278.03
1517
23 5 37 47 256.04
1397
24 13 11 47 396.06
2161
