30
1
5
0 170 0.1 0.1
5398
1 190 0.1 0.0
5589
2 190 0.1 0.0
5463
3 170 0.1 0.1
5475
4 120 0.1 0.1
5464
25
0 11 11 47 276.97
1517
1 4 0 48 250.86
1374
2 23 1 48 17.34
95
3 16 4 29 277.88
1522
4 3 14 48 9.49
52
5 12 4 26 457.18
2504
6 2 26 48 17.16
94
7 3 0 35 329.55
1805
8 10 31 48 139.67
765
9 15 13 47 262.18
1436
10 12 2 22 335.40
1837
11 5 41 48 98.96
542
12 19 3 47 1.10
6
13 37 3 48 248.67
1362
14 9 2 46 2.01
11
15 40 3 47 534.22
2926
16 8 38 47 390.53
2139
17 34 8 45 890.98
4880
18 28 7 47 202.84
1111
19 4 0 36 607.99
3330
20 2 39 48 774.86
4244
21 10 4 37 270.03
1479
22 15 8 48 301.62
1652
23 16 27 46 24.28
133
24 32 5 48 8.76
48
