30
1
5
0 170 0.1 0.1
5507
1 190 0.1 0.0
5492
2 190 0.1 0.0
5491
3 150 0.1 0.1
5479
4 150 0.1 0.1
5431
25
0 5 19 38 677.94
3715
1 37 0 42 837.43
4589
2 24 0 30 572.09
3135
3 13 0 47 400.92
2197
4 37 3 48 2.19
12
5 19 1 42 436.14
2390
6 3 44 47 8.94
49
7 9 22 47 455.85
2498
8 11 15 47 8.76
48
9 13 1 39 75.18
412
10 15 20 48 5.29
29
11 18 15 47 65.69
360
12 18 9 40 72.08
395
13 2 42 47 299.82
1643
14 26 3 37 4.56
25
15 1 0 21 235.77
1292
16 11 34 48 89.60
491
17 33 2 44 4.93
27
18 21 4 31 10.58
58
19 12 31 47 495.45
2715
20 1 0 42 347.82
1906
21 2 22 44 2.37
13
22 5 24 36 395.08
2165
23 7 8 42 318.99
1748
24 13 4 48 226.47
1241
