30
1
5
0 190 0.1 0.0
5633
1 190 0.1 0.0
5531
2 190 0.1 0.0
5492
3 120 0.1 0.1
5457
4 120 0.1 0.1
5444
25
0 2 3 39 478.35
2636
1 2 2 35 143.18
789
2 18 29 48 31.76
175
3 1 16 48 65.69
362
4 17 11 48 213.59
1177
5 3 10 39 551.49
3039
6 5 6 34 46.82
258
7 29 18 47 373.10
2056
8 32 0 48 158.24
872
9 1 46 47 21.59
119
10 17 9 47 1.27
7
11 8 4 28 545.86
3008
12 10 0 47 315.94
1741
13 28 2 36 1.27
7
14 4 1 20 133.02
733
15 27 1 48 508.66
2803
16 10 18 47 674.34
3716
17 25 0 31 661.09
3643
18 29 15 48 88.56
488
19 4 11 32 242.26
1335
20 26 17 48 362.21
1996
21 12 2 32 605.56
3337
22 25 6 47 325.19
1792
23 11 3 19 269.66
1486
24 5 0 28 869.96
4794
