30
1
5
0 150 0.1 0.1
5503
1 120 0.1 0.1
5443
2 120 0.1 0.1
5524
3 190 0.1 0.0
5400
4 120 0.1 0.1
5495
25
0 7 0 31 180.72
989
1 23 0 47 94.10
515
2 20 0 43 498.66
2729
3 17 12 47 784.82
4295
4 5 26 47 456.64
2499
5 15 5 40 86.25
472
6 12 2 46 139.79
765
7 9 1 36 663.12
3629
8 7 33 47 502.68
2751
9 2 9 46 125.72
688
10 18 6 48 435.07
2381
11 28 8 48 616.34
3373
12 3 0 17 51.71
283
13 1 12 34 481.49
2635
14 16 25 44 402.00
2200
15 23 3 39 588.38
3220
16 12 3 45 254.17
1391
17 5 10 24 200.27
1096
18 16 5 47 27.23
149
19 2 16 47 72.91
399
20 12 1 40 29.78
163
21 1 7 27 174.69
956
22 32 6 43 273.36
1496
23 17 8 47 335.12
1834
24 3 4 48 78.39
429
