30
1
5
0 120 0.1 0.1
5421
1 190 0.1 0.0
5535
2 190 0.1 0.0
5549
3 190 0.1 0.0
5591
4 120 0.1 0.1
5564
25
0 5 28 40 437.87
2422
1 21 3 33 202.30
1119
2 11 25 48 139.21
770
3 12 3 44 769.43
4256
4 6 3 46 14.10
78
5 25 0 35 390.14
2158
6 5 18 46 194.89
1078
7 14 5 47 13.56
75
8 10 15 48 521.57
2885
9 19 4 35 372.78
2062
10 19 2 22 124.20
687
11 15 19 47 411.29
2275
12 4 13 46 172.83
956
13 21 2 47 138.48
766
14 2 29 42 167.77
928
15 14 31 47 753.70
4169
16 13 25 48 186.93
1034
17 20 6 35 423.95
2345
18 3 22 46 219.84
1216
19 2 2 48 6.87
38
20 22 4 48 134.14
742
21 22 3 41 153.49
849
22 4 17 47 11.39
63
23 16 3 23 73.76
408
24 3 2 39 59.12
327
