30
1
5
0 120 0.1 0.1
5471
1 120 0.1 0.1
5435
2 190 0.1 0.0
5411
3 120 0.1 0.1
5379
4 170 0.1 0.1
5589
25
0 17 1 42 307.92
1680
1 14 4 47 255.68
1395
2 22 0 34 608.13
3318
3 18 6 37 155.97
851
4 8 0 17 703.99
3841
5 13 13 48 611.61
3337
6 7 0 32 207.66
1133
7 15 8 47 205.83
1123
8 15 1 37 174.85
954
9 4 1 48 914.21
4988
10 13 2 27 283.17
1545
11 2 31 47 310.11
1692
12 15 3 28 5.68
31
13 16 1 24 16.68
91
14 24 23 48 825.87
4506
15 13 9 47 316.35
1726
16 5 22 47 172.10
939
17 4 1 26 66.17
361
18 5 2 31 418.43
2283
19 11 0 41 344.39
1879
20 20 6 37 255.31
1393
21 33 1 48 66.71
364
22 9 6 47 567.81
3098
23 25 0 47 318.18
1736
24 8 21 31 198.13
1081
