30
1
5
0 120 0.1 0.1
5554
1 150 0.1 0.1
5446
2 130 0.0 0.1
5589
3 120 0.1 0.1
5713
4 170 0.1 0.1
5622
25
0 16 17 48 201.31
1124
1 5 14 32 377.72
2109
2 24 21 47 595.51
3325
3 5 20 43 242.68
1355
4 6 11 22 233.73
1305
5 15 0 18 369.67
2064
6 22 0 47 286.02
1597
7 11 4 20 419.81
2344
8 7 0 19 173.01
966
9 3 0 48 364.47
2035
10 7 8 37 178.56
997
11 16 9 48 704.94
3936
12 14 3 30 344.77
1925
13 3 2 38 268.11
1497
14 24 3 47 297.31
1660
15 22 11 48 204.00
1139
16 15 1 21 193.07
1078
17 18 4 38 628.65
3510
18 10 12 39 208.29
1163
19 20 22 48 151.34
845
20 5 9 37 227.10
1268
21 21 0 42 241.07
1346
22 12 16 48 225.49
1259
23 3 0 39 313.43
1750
24 14 1 47 121.61
679
