30
1
5
0 170 0.1 0.1
5626
1 130 0.0 0.1
5603
2 130 0.0 0.1
5523
3 170 0.1 0.1
5456
4 130 0.0 0.1
5461
25
0 9 1 45 243.99
1350
1 17 3 48 75.37
417
2 11 3 26 146.40
810
3 11 7 24 630.23
3487
4 13 0 47 213.81
1183
5 7 17 47 770.30
4262
6 19 0 33 139.17
770
7 3 19 44 40.49
224
8 10 16 48 367.62
2034
9 16 2 34 334.00
1848
10 22 6 47 197.91
1095
11 12 8 48 705.78
3905
12 10 37 47 481.66
2665
13 5 39 47 586.67
3246
14 14 1 40 230.80
1277
15 25 9 48 18.44
102
16 26 1 38 425.82
2356
17 13 22 46 128.68
712
18 25 4 48 270.02
1494
19 16 2 47 317.74
1758
20 9 17 47 37.23
206
21 6 35 48 14.64
81
22 2 15 43 707.40
3914
23 7 28 48 276.89
1532
24 14 0 39 302.73
1675
