30
1
5
0 130 0.0 0.1
5430
1 120 0.1 0.1
5534
2 130 0.0 0.1
5343
3 170 0.1 0.1
5600
4 150 0.1 0.1
5564
25
0 12 1 34 200.82
1103
1 19 18 47 417.84
2295
2 11 19 41 695.30
3819
3 5 27 48 768.86
4223
4 38 0 45 702.77
3860
5 16 2 46 181.34
996
6 5 38 47 752.47
4133
7 11 2 28 511.78
2811
8 16 6 41 33.50
184
9 3 4 45 741.18
4071
10 38 0 41 12.20
67
11 20 0 43 138.37
760
12 23 18 46 160.40
881
13 5 2 27 241.05
1324
14 6 19 48 197.54
1085
15 21 0 31 387.98
2131
16 7 33 48 22.21
122
17 16 28 48 583.70
3206
18 38 1 41 22.94
126
19 12 3 22 228.86
1257
20 7 0 14 266.36
1463
21 28 8 47 201.55
1107
22 4 21 47 776.32
4264
23 13 20 48 65.18
358
24 13 0 48 151.30
831
