30
1
5
0 150 0.1 0.1
5469
1 130 0.0 0.1
5368
2 150 0.1 0.1
5452
3 120 0.1 0.1
5617
4 120 0.1 0.1
5453
25
0 9 8 36 15.90
87
1 12 32 47 94.50
517
2 6 12 42 524.80
2871
3 8 4 42 15.90
87
4 35 0 47 623.70
3412
5 18 10 46 242.57
1327
6 19 0 29 279.13
1527
7 4 0 15 308.56
1688
8 9 0 26 159.03
870
9 7 31 47 290.10
1587
10 38 2 47 130.52
714
11 16 6 41 597.56
3269
12 25 3 36 76.59
419
13 3 42 47 556.61
3045
14 13 1 45 174.20
953
15 4 4 16 159.76
874
16 8 39 48 110.59
605
17 19 6 47 549.48
3006
18 14 24 43 356.08
1948
19 12 6 48 25.96
142
20 6 1 40 385.15
2107
21 5 0 41 109.31
598
22 3 5 27 389.72
2132
23 18 25 48 88.66
485
24 6 21 42 86.10
471
