30
1
5
0 170 0.1 0.1
5524
1 130 0.0 0.1
5463
2 130 0.0 0.1
5445
3 150 0.1 0.1
5370
4 190 0.1 0.0
5479
25
0 15 3 40 91.28
498
1 12 10 33 79.92
436
2 3 13 48 37.94
207
3 22 3 41 414.24
2260
4 20 0 22 187.88
1025
5 18 0 20 286.85
1565
6 11 9 48 673.79
3676
7 18 2 32 375.93
2051
8 15 7 47 572.61
3124
9 10 0 36 339.46
1852
10 3 28 47 221.97
1211
11 18 0 44 37.94
207
12 2 1 19 336.16
1834
13 12 35 47 594.42
3243
14 2 0 32 359.07
1959
15 31 9 48 26.58
145
16 23 1 46 327.00
1784
17 4 0 9 70.20
383
18 17 14 39 73.32
400
19 8 33 47 488.11
2663
20 9 33 45 224.35
1224
21 10 4 44 46.01
251
22 40 7 48 739.77
4036
23 23 20 45 241.03
1315
24 12 31 47 380.52
2076
