30
1
5
0 150 0.1 0.1
5468
1 190 0.1 0.0
5412
2 190 0.1 0.0
5652
3 170 0.1 0.1
5510
4 120 0.1 0.1
5472
25
0 20 1 48 170.50
938
1 11 4 47 40.90
225
2 11 0 33 542.02
2982
3 18 26 48 195.03
1073
4 12 7 48 88.16
485
5 30 13 46 256.47
1411
6 15 0 48 9.45
52
7 9 2 20 187.94
1034
8 22 2 27 41.26
227
9 13 4 38 186.31
1025
10 7 1 36 513.30
2824
11 10 7 46 670.89
3691
12 17 17 48 787.95
4335
13 8 1 26 147.23
810
14 20 25 48 227.93
1254
15 7 3 42 165.41
910
16 7 4 20 489.13
2691
17 14 12 47 625.45
3441
18 18 11 30 614.00
3378
19 25 0 42 8.72
48
20 15 32 48 570.92
3141
21 15 2 41 199.58
1098
22 1 2 44 257.92
1419
23 12 8 33 187.04
1029
24 22 7 47 456.23
2510
