30
1
5
0 170 0.1 0.1
5245
1 150 0.1 0.1
5538
2 170 0.1 0.1
5443
3 150 0.1 0.1
5554
4 130 0.0 0.1
5563
25
0 4 3 48 316.69
1731
1 10 18 48 210.03
1148
2 8 17 38 247.53
1353
3 19 24 48 247.17
1351
4 15 3 44 231.62
1266
5 25 3 31 179.11
979
6 21 1 47 178.01
973
7 17 29 47 621.67
3398
8 33 0 38 470.00
2569
9 33 10 47 427.01
2334
10 12 3 33 58.00
317
11 14 21 47 194.48
1063
12 27 9 47 527.45
2883
13 38 3 44 282.84
1546
14 1 2 22 226.86
1240
15 4 33 47 50.31
275
16 10 0 15 407.98
2230
17 1 0 21 337.55
1845
18 3 0 29 287.60
1572
19 20 0 47 134.65
736
20 1 8 37 152.03
831
21 11 22 47 156.79
857
22 3 37 48 137.40
751
23 1 0 38 460.49
2517
24 26 7 48 51.96
284
