30
1
5
0 170 0.1 0.1
5363
1 130 0.0 0.1
5504
2 130 0.0 0.1
5517
3 120 0.1 0.1
5506
4 170 0.1 0.1
5591
25
0 28 1 45 74.25
408
1 16 3 41 276.06
1517
2 1 19 40 55.69
306
3 16 8 32 412.18
2265
4 4 42 48 100.63
553
5 15 4 40 178.88
983
6 6 26 48 243.12
1336
7 21 9 48 284.43
1563
8 26 5 36 299.35
1645
9 6 37 48 175.06
962
10 15 1 28 337.20
1853
11 7 0 24 177.25
974
12 30 2 47 190.71
1048
13 5 39 48 450.21
2474
14 10 12 47 66.42
365
15 3 2 5 250.40
1376
16 13 28 48 297.35
1634
17 36 0 39 60.42
332
18 12 2 37 287.16
1578
19 5 0 31 679.32
3733
20 3 28 47 54.96
302
21 10 32 47 178.70
982
22 3 28 46 386.16
2122
23 9 15 48 314.82
1730
24 10 1 37 228.02
1253
