30
1
5
0 170 0.1 0.1
5552
1 190 0.1 0.0
5337
2 170 0.1 0.1
5445
3 190 0.1 0.0
5397
4 150 0.1 0.1
5432
25
0 31 8 48 470.57
2556
1 13 18 46 510.52
2773
2 17 4 41 103.47
562
3 14 1 31 676.95
3677
4 18 0 21 104.02
565
5 3 36 48 199.39
1083
6 10 27 48 290.89
1580
7 14 6 26 694.44
3772
8 2 1 47 268.61
1459
9 21 22 47 131.27
713
10 33 14 47 170.85
928
11 38 0 43 330.84
1797
12 12 33 48 458.60
2491
13 8 24 47 479.41
2604
14 4 28 48 477.94
2596
15 2 8 34 4.05
22
16 3 1 9 207.30
1126
17 29 2 48 152.81
830
18 20 17 44 443.69
2410
19 1 0 48 467.07
2537
20 10 19 34 211.17
1147
21 14 20 48 89.47
486
22 7 0 38 100.34
545
23 2 6 29 633.87
3443
24 39 2 47 705.86
3834
