30
1
5
0 170 0.1 0.1
5516
1 130 0.0 0.1
5562
2 190 0.1 0.0
5519
3 120 0.1 0.1
5494
4 150 0.1 0.1
5445
25
0 12 25 47 117.67
648
1 22 24 47 87.16
480
2 9 0 33 234.79
1293
3 16 22 47 3.81
21
4 5 22 48 196.66
1083
5 25 13 47 441.62
2432
6 22 10 40 201.02
1107
7 10 1 45 306.89
1690
8 4 0 25 232.43
1280
9 36 2 45 190.12
1047
10 4 0 9 96.97
534
11 16 9 46 407.49
2244
12 31 15 47 216.09
1190
13 4 31 47 748.69
4123
14 5 16 47 24.33
134
15 11 0 22 346.65
1909
16 2 4 43 161.43
889
17 31 3 45 34.87
192
18 9 2 20 576.00
3172
19 23 15 47 518.98
2858
20 22 7 48 374.80
2064
21 34 5 48 348.11
1917
22 10 0 46 591.80
3259
23 7 0 43 110.59
609
24 7 5 30 283.28
1560
