30
1
5
0 120 0.1 0.1
5465
1 190 0.1 0.0
5504
2 150 0.1 0.1
5504
3 130 0.0 0.1
5415
4 170 0.1 0.1
5435
25
0 10 23 47 16.84
92
1 13 6 22 390.35
2133
2 9 12 40 424.94
2322
3 4 11 48 389.80
2130
4 10 4 48 109.99
601
5 15 0 27 414.14
2263
6 12 33 48 498.14
2722
7 6 31 41 424.75
2321
8 24 14 48 217.59
1189
9 13 33 47 343.13
1875
10 12 13 48 74.67
408
11 8 2 25 549.56
3003
12 33 3 47 142.19
777
13 14 25 47 256.02
1399
14 5 24 43 91.14
498
15 19 1 44 273.77
1496
16 25 6 39 667.60
3648
17 11 18 38 114.74
627
18 4 40 48 730.19
3990
19 17 4 35 696.70
3807
20 12 0 19 101.02
552
21 5 20 48 158.12
864
22 25 8 46 564.02
3082
23 2 13 44 351.37
1920
24 2 11 42 230.40
1259
