30
1
5
0 130 0.0 0.1
5453
1 170 0.1 0.1
5529
2 190 0.1 0.0
5407
3 190 0.1 0.0
5389
4 120 0.1 0.1
5443
25
0 13 0 22 204.27
1112
1 16 21 48 236.42
1287
2 11 2 41 325.14
1770
3 4 42 48 288.77
1572
4 28 4 46 231.64
1261
5 12 25 39 249.28
1357
6 25 3 48 148.06
806
7 9 1 25 528.68
2878
8 7 15 37 463.47
2523
9 20 8 42 76.78
418
10 8 8 48 626.95
3413
11 9 19 36 163.12
888
12 23 6 35 601.79
3276
13 11 1 17 107.09
583
14 24 23 48 424.15
2309
15 29 1 45 36.37
198
16 12 11 27 559.91
3048
17 11 6 47 482.75
2628
18 12 18 44 373.09
2031
19 9 0 29 84.32
459
20 5 2 31 148.61
809
21 4 4 47 605.46
3296
22 19 3 42 246.34
1341
23 23 0 47 197.84
1077
24 12 8 47 324.77
1768
