30
1
5
0 130 0.0 0.1
5529
1 150 0.1 0.1
5431
2 120 0.1 0.1
5396
3 170 0.1 0.1
5694
4 190 0.1 0.0
5373
25
0 1 1 27 422.83
2318
1 3 35 48 211.60
1160
2 2 31 47 97.95
537
3 26 14 48 125.86
690
4 15 2 40 406.05
2226
5 29 0 48 167.09
916
6 11 29 48 718.33
3938
7 20 1 45 137.90
756
8 13 4 29 297.15
1629
9 2 0 9 845.47
4635
10 23 14 45 348.77
1912
11 2 18 47 240.96
1321
12 16 0 25 87.74
481
13 3 41 47 457.67
2509
14 13 2 21 301.71
1654
15 19 21 48 58.01
318
16 11 2 40 371.21
2035
17 18 19 48 225.64
1237
18 16 20 48 220.53
1209
19 1 0 3 166.18
911
20 9 6 30 310.46
1702
21 16 3 35 190.07
1042
22 12 6 48 52.17
286
23 2 0 16 55.09
302
24 7 13 47 408.78
2241
