30
1
5
0 190 0.1 0.0
5443
1 130 0.0 0.1
5655
2 120 0.1 0.1
5602
3 190 0.1 0.0
5535
4 120 0.1 0.1
5384
25
0 16 2 39 174.76
965
1 14 3 33 338.65
1870
2 18 0 23 63.56
351
3 23 3 41 322.71
1782
4 30 8 47 305.69
1688
5 9 2 47 74.43
411
6 28 1 43 426.11
2353
7 40 3 47 207.35
1145
8 23 7 48 71.17
393
9 21 5 35 465.23
2569
10 18 19 48 380.84
2103
11 21 24 47 419.78
2318
12 5 4 35 84.93
469
13 2 42 47 137.99
762
14 18 2 37 696.31
3845
15 8 5 45 91.09
503
16 2 42 47 306.05
1690
17 20 20 47 94.35
521
18 3 26 48 364.72
2014
19 2 1 47 226.37
1250
20 15 3 48 119.34
659
21 26 18 48 117.17
647
22 14 23 47 108.11
597
23 2 38 47 532.05
2938
24 5 20 30 73.71
407
