30
1
5
0 130 0.0 0.1
5431
1 120 0.1 0.1
5430
2 130 0.0 0.1
5548
3 170 0.1 0.1
5483
4 120 0.1 0.1
5400
25
0 6 30 47 295.17
1611
1 17 27 48 531.52
2901
2 1 20 44 530.97
2898
3 6 0 23 170.94
933
4 10 1 41 56.98
311
5 15 2 29 17.96
98
6 32 10 48 120.38
657
7 5 15 41 92.71
506
8 1 7 41 63.94
349
9 1 4 34 46.35
253
10 16 4 38 181.94
993
11 5 1 16 655.93
3580
12 9 29 47 179.19
978
13 12 1 38 224.99
1228
14 33 4 48 69.99
382
15 24 9 48 80.62
440
16 31 3 39 579.34
3162
17 31 9 47 64.68
353
18 32 3 47 238.74
1303
19 1 7 31 87.95
480
20 6 2 24 168.75
921
21 12 3 47 61.56
336
22 13 6 38 21.07
115
23 13 2 47 740.03
4039
24 25 9 39 251.01
1370
