30
1
5
0 120 0.1 0.1
5667
1 130 0.0 0.1
5555
2 190 0.1 0.0
5377
3 120 0.1 0.1
5441
4 130 0.0 0.1
5537
25
0 25 1 46 723.12
3987
1 8 1 34 100.30
553
2 12 2 21 17.05
94
3 9 2 31 573.49
3162
4 18 28 48 379.97
2095
5 22 3 42 192.43
1061
6 28 12 48 88.51
488
7 23 2 46 46.97
259
8 13 6 43 334.08
1842
9 15 20 48 354.03
1952
10 18 1 47 286.02
1577
11 14 2 45 394.84
2177
12 1 6 48 211.30
1165
13 16 0 48 267.52
1475
14 1 22 47 378.34
2086
15 18 9 31 84.34
465
16 3 0 11 338.98
1869
17 23 1 48 124.24
685
18 14 22 48 393.75
2171
19 2 44 48 57.13
315
20 19 1 38 170.12
938
21 30 1 37 436.01
2404
22 16 0 47 690.29
3806
23 15 7 33 264.44
1458
24 2 42 48 459.77
2535
