30
1
5
0 150 0.1 0.1
5532
1 190 0.1 0.0
5438
2 190 0.1 0.0
5419
3 120 0.1 0.1
5471
4 130 0.0 0.1
5464
25
0 18 8 37 165.06
902
1 32 3 44 207.89
1136
2 2 41 48 543.32
2969
3 1 15 45 85.09
465
4 32 0 41 263.15
1438
5 11 20 47 652.02
3563
6 2 6 28 192.33
1051
7 20 1 47 540.58
2954
8 19 21 48 256.56
1402
9 5 11 47 374.05
2044
10 10 7 48 199.10
1088
11 6 5 40 494.28
2701
12 15 10 47 440.84
2409
13 13 0 17 215.02
1175
14 2 22 29 21.04
115
15 17 2 30 724.49
3959
16 15 6 39 34.04
186
17 4 0 47 257.84
1409
18 4 0 29 659.71
3605
19 20 3 48 155.18
848
20 19 1 47 196.72
1075
21 3 0 48 507.27
2772
22 7 4 27 83.63
457
23 1 6 44 396.19
2165
24 28 3 42 120.05
656
