30
1
5
0 130 0.0 0.1
5618
1 130 0.0 0.1
5447
2 150 0.1 0.1
5515
3 150 0.1 0.1
5314
4 190 0.1 0.0
5483
25
0 24 1 48 519.58
2844
1 10 0 38 866.89
4745
2 6 1 33 56.27
308
3 7 21 48 55.17
302
4 8 0 32 184.52
1010
5 9 24 47 37.09
203
6 22 7 48 586.27
3209
7 8 3 30 153.10
838
8 10 0 26 10.23
56
9 20 5 45 678.53
3714
10 21 19 48 407.77
2232
11 12 3 20 274.04
1500
12 22 8 42 58.83
322
13 24 0 40 447.42
2449
14 17 8 40 9.68
53
15 6 22 48 535.11
2929
16 22 1 38 410.33
2246
17 6 11 33 317.16
1736
18 15 1 33 83.67
458
19 4 19 48 316.61
1733
20 18 9 48 411.25
2251
21 30 4 47 56.45
309
22 19 4 48 122.77
672
23 10 17 47 42.39
232
24 13 7 33 85.68
469
