30
1
5
0 120 0.1 0.1
5619
1 130 0.0 0.1
5393
2 120 0.1 0.1
5333
3 130 0.0 0.1
5598
4 130 0.0 0.1
5483
25
0 5 7 47 453.59
2487
1 22 5 47 313.88
1721
2 10 1 32 502.10
2753
3 34 0 48 130.77
717
4 38 2 41 218.31
1197
5 35 0 44 487.88
2675
6 28 2 48 362.03
1985
7 8 30 47 234.18
1284
8 29 16 47 575.61
3156
9 16 9 48 148.10
812
10 5 13 48 147.37
808
11 11 5 35 129.31
709
12 18 11 46 105.97
581
13 3 28 47 226.89
1244
14 35 0 42 387.57
2125
15 8 0 21 88.09
483
16 16 14 48 170.53
935
17 5 0 46 48.88
268
18 3 2 29 239.47
1313
19 6 37 48 529.83
2905
20 7 1 13 85.36
468
21 36 0 46 57.27
314
22 8 5 34 334.49
1834
23 17 20 44 75.32
413
24 35 2 48 202.45
1110
