30
1
5
0 150 0.1 0.1
5313
1 190 0.1 0.0
5470
2 170 0.1 0.1
5525
3 120 0.1 0.1
5436
4 150 0.1 0.1
5330
25
0 20 2 47 129.67
702
1 5 9 48 289.46
1567
2 7 37 48 714.87
3870
3 3 1 9 205.04
1110
4 31 2 41 237.00
1283
5 26 13 42 635.62
3441
6 13 3 24 480.83
2603
7 38 3 46 187.86
1017
8 7 1 47 291.86
1580
9 18 1 31 54.86
297
10 7 21 43 463.65
2510
11 32 11 47 205.04
1110
12 14 25 41 478.24
2589
13 19 4 45 238.29
1290
14 1 0 26 42.86
232
15 36 0 47 290.20
1571
16 17 2 22 41.01
222
17 22 0 31 30.66
166
18 8 23 48 128.20
694
19 5 33 48 272.09
1473
20 26 0 48 474.18
2567
21 2 34 47 562.66
3046
22 3 4 47 219.63
1189
23 17 1 20 66.68
361
24 19 0 30 157.38
852
