30
1
5
0 190 0.1 0.0
5469
1 150 0.1 0.1
5393
2 170 0.1 0.1
5692
3 130 0.0 0.1
5441
4 130 0.0 0.1
5433
25
0 28 2 48 18.78
103
1 25 10 47 183.64
1007
2 15 20 46 171.06
938
3 17 2 22 130.39
715
4 10 1 34 211.36
1159
5 6 4 45 407.94
2237
6 8 0 44 39.21
215
7 12 2 48 179.81
986
8 13 16 47 283.39
1554
9 43 4 47 483.81
2653
10 19 13 44 28.63
157
11 4 0 6 380.41
2086
12 3 15 47 558.94
3065
13 12 21 47 339.56
1862
14 11 17 48 794.37
4356
15 4 0 20 224.85
1233
16 1 0 46 251.11
1377
17 37 1 46 506.97
2780
18 17 6 47 20.24
111
19 11 0 40 351.05
1925
20 2 7 48 218.47
1198
21 22 3 26 401.74
2203
22 9 20 47 45.77
251
23 19 4 32 200.60
1100
24 16 17 48 347.40
1905
