30
1
5
0 170 0.1 0.1
5557
1 130 0.0 0.1
5613
2 120 0.1 0.1
5460
3 170 0.1 0.1
5569
4 170 0.1 0.1
5397
25
0 6 6 41 263.14
1452
1 27 6 46 128.31
708
2 11 36 48 173.79
959
3 25 4 41 125.23
691
4 27 2 48 579.91
3200
5 44 2 47 299.02
1650
6 3 11 38 500.90
2764
7 23 5 47 474.62
2619
8 14 0 26 102.21
564
9 16 22 48 258.79
1428
10 13 8 41 371.87
2052
11 5 31 47 371.51
2050
12 14 2 38 355.20
1960
13 6 40 48 100.76
556
14 6 28 48 310.07
1711
15 13 10 33 112.90
623
16 13 3 48 274.73
1516
17 24 3 47 436.02
2406
18 17 0 39 492.93
2720
19 13 6 48 210.94
1164
20 5 2 24 235.41
1299
21 2 0 5 291.04
1606
22 15 28 47 52.19
288
23 24 5 47 73.58
406
24 7 13 46 289.23
1596
