30
1
5
0 150 0.1 0.1
5311
1 130 0.0 0.1
5489
2 130 0.0 0.1
5307
3 130 0.0 0.1
5485
4 120 0.1 0.1
5327
25
0 13 23 48 674.78
3632
1 23 0 44 557.55
3001
2 38 0 43 61.12
329
3 13 21 47 748.73
4030
4 23 3 48 44.59
240
5 17 2 27 198.61
1069
6 18 11 40 291.13
1567
7 25 2 48 268.28
1444
8 4 2 43 290.39
1563
9 4 1 23 398.70
2146
10 23 1 24 100.51
541
11 16 0 48 558.48
3006
12 11 9 31 340.92
1835
13 5 0 28 50.16
270
14 8 11 48 507.94
2734
15 15 17 38 36.41
196
16 6 13 48 56.48
304
17 6 0 27 446.63
2404
18 16 2 25 552.35
2973
19 13 0 48 83.23
448
20 17 0 30 31.77
171
21 12 4 42 48.49
261
22 1 0 29 62.61
337
23 2 18 47 632.98
3407
24 12 8 39 578.92
3116
