30
1
5
0 130 0.0 0.1
5516
1 130 0.0 0.1
5504
2 170 0.1 0.1
5454
3 190 0.1 0.0
5552
4 190 0.1 0.0
5355
25
0 19 4 47 293.13
1605
1 8 0 20 380.43
2083
2 31 12 48 26.48
145
3 13 31 48 189.39
1037
4 23 3 48 622.97
3411
5 3 41 47 616.03
3373
6 15 9 29 57.90
317
7 24 10 47 450.38
2466
8 27 12 47 284.00
1555
9 5 3 47 492.02
2694
10 1 0 22 23.56
129
11 38 4 43 147.75
809
12 12 0 41 21.00
115
13 7 14 45 69.77
382
14 17 2 48 922.68
5052
15 1 3 47 857.48
4695
16 2 25 47 182.64
1000
17 2 21 48 682.33
3736
18 1 0 30 199.80
1094
19 11 8 23 284.91
1560
20 32 1 46 483.07
2645
21 17 2 48 205.83
1127
22 8 0 34 335.14
1835
23 16 5 44 598.87
3279
24 20 4 48 190.86
1045
