30
1
5
0 170 0.1 0.1
5640
1 170 0.1 0.1
5603
2 170 0.1 0.1
5496
3 170 0.1 0.1
5447
4 130 0.0 0.1
5475
25
0 6 1 20 910.11
5034
1 20 7 47 109.56
606
2 7 1 27 770.36
4261
3 11 0 16 27.48
152
4 23 18 47 425.41
2353
5 31 6 47 302.65
1674
6 22 6 44 294.69
1630
7 19 23 47 333.93
1847
8 9 11 45 74.67
413
9 3 0 27 582.70
3223
10 9 2 34 197.79
1094
11 21 8 47 389.61
2155
12 33 1 48 25.85
143
13 10 22 48 357.61
1978
14 10 0 48 258.17
1428
15 13 4 48 414.20
2291
16 8 0 29 198.51
1098
17 7 1 34 22.96
127
18 29 0 48 394.49
2182
19 6 1 36 80.27
444
20 19 8 47 702.74
3887
21 4 2 42 32.00
177
22 28 12 47 104.86
580
23 10 16 44 266.31
1473
24 3 8 22 297.77
1647
