30
1
5
0 130 0.0 0.1
5478
1 130 0.0 0.1
5675
2 130 0.0 0.1
5249
3 120 0.1 0.1
5631
4 150 0.1 0.1
5385
25
0 6 2 33 100.93
553
1 8 1 36 461.03
2526
2 12 0 15 126.85
695
3 25 9 48 245.84
1347
4 2 0 4 634.78
3478
5 2 0 9 160.43
879
6 33 2 47 689.17
3776
7 11 14 48 697.20
3820
8 8 3 39 7.30
40
9 33 9 48 7.30
40
10 36 0 47 120.09
658
11 19 27 47 185.25
1015
12 12 11 45 91.99
504
13 20 26 48 151.30
829
14 18 1 47 479.46
2627
15 11 6 31 293.11
1606
16 33 4 48 812.91
4454
17 12 1 25 671.83
3681
18 4 16 48 36.68
201
19 12 33 47 440.77
2415
20 4 29 41 82.31
451
21 8 2 22 300.23
1645
22 12 1 35 329.43
1805
23 10 4 21 251.32
1377
24 3 1 34 500.08
2740
