30
1
5
0 120 0.1 0.1
5523
1 170 0.1 0.1
5464
2 120 0.1 0.1
5562
3 170 0.1 0.1
5426
4 120 0.1 0.1
5559
25
0 10 32 48 375.21
2066
1 14 31 48 708.83
3903
2 23 6 48 278.41
1533
3 5 10 48 171.26
943
4 10 18 43 151.83
836
5 19 10 41 301.29
1659
6 20 5 47 460.02
2533
7 9 5 48 189.78
1045
8 25 0 47 638.54
3516
9 13 31 47 443.13
2440
10 9 0 42 106.42
586
11 18 7 41 522.49
2877
12 6 18 47 47.95
264
13 12 2 34 136.39
751
14 18 6 38 272.42
1500
15 7 10 46 359.77
1981
16 19 2 45 60.84
335
17 6 0 46 83.54
460
18 11 12 42 101.88
561
19 8 0 28 835.96
4603
20 18 22 47 511.78
2818
21 16 5 43 641.63
3533
22 9 7 48 22.70
125
23 21 11 47 216.66
1193
24 18 12 32 187.60
1033
