30
1
5
0 130 0.0 0.1
5504
1 130 0.0 0.1
5442
2 120 0.1 0.1
5269
3 150 0.1 0.1
5522
4 170 0.1 0.1
5487
25
0 26 7 47 132.83
723
1 17 11 36 227.44
1238
2 10 18 47 145.32
791
3 21 10 35 188.86
1028
4 6 1 16 18.92
103
5 4 0 48 376.98
2052
6 16 7 34 13.23
72
7 13 2 38 119.97
653
8 12 22 48 455.43
2479
9 3 39 48 551.33
3001
10 22 6 47 123.46
672
11 17 8 39 26.09
142
12 15 0 22 12.31
67
13 37 5 44 338.40
1842
14 8 0 13 435.04
2368
15 12 30 44 381.58
2077
16 25 21 47 15.98
87
17 25 8 35 452.49
2463
18 6 0 30 313.05
1704
19 9 9 46 130.99
713
20 6 0 40 229.28
1248
21 12 15 48 575.21
3131
22 15 3 25 520.10
2831
23 26 3 39 219.72
1196
24 12 23 47 128.05
697
