30
1
5
0 150 0.1 0.1
5391
1 150 0.1 0.1
5477
2 150 0.1 0.1
5543
3 120 0.1 0.1
5505
4 150 0.1 0.1
5391
25
0 8 16 32 171.22
935
1 7 5 26 168.11
918
2 4 18 26 35.71
195
3 10 2 44 651.75
3559
4 21 0 33 614.75
3357
5 19 11 48 335.30
1831
6 16 2 25 304.17
1661
7 2 22 30 190.63
1041
8 19 17 48 63.36
346
9 9 31 48 525.94
2872
10 16 0 43 31.13
170
11 15 12 47 343.73
1877
12 29 9 45 147.42
805
13 25 0 41 377.42
2061
14 8 6 35 193.02
1054
15 19 26 48 233.49
1275
16 13 0 33 187.52
1024
17 6 9 41 36.63
200
18 20 9 48 230.19
1257
19 7 18 46 525.21
2868
20 25 16 47 478.33
2612
21 9 36 48 16.66
91
22 16 6 36 125.44
685
23 8 37 47 165.18
902
24 5 5 39 104.38
570
