30
1
5
0 130 0.0 0.1
5533
1 130 0.0 0.1
5431
2 120 0.1 0.1
5532
3 190 0.1 0.0
5448
4 150 0.1 0.1
5366
25
0 6 10 48 119.39
652
1 7 40 48 117.37
641
2 14 0 31 453.01
2474
3 6 33 47 171.02
934
4 13 18 46 150.88
824
5 6 1 30 71.96
393
6 19 5 44 295.90
1616
7 17 9 43 53.83
294
8 23 2 37 327.58
1789
9 17 0 35 290.96
1589
10 14 2 18 38.82
212
11 5 11 47 357.61
1953
12 7 1 16 152.16
831
13 29 6 48 476.26
2601
14 10 12 36 71.05
388
15 18 14 47 596.75
3259
16 29 17 48 169.74
927
17 4 21 40 222.29
1214
18 25 3 42 137.88
753
19 5 0 40 185.31
1012
20 21 1 48 119.94
655
21 15 1 41 571.66
3122
22 7 0 29 59.69
326
23 5 24 47 447.88
2446
24 9 17 43 261.11
1426
