30
1
5
0 150 0.1 0.1
5313
1 150 0.1 0.1
5489
2 130 0.0 0.1
5436
3 190 0.1 0.0
5383
4 170 0.1 0.1
5541
25
0 5 16 31 234.39
1273
1 3 44 48 62.23
338
2 2 0 5 206.03
1119
3 19 1 48 541.13
2939
4 41 0 44 240.65
1307
5 18 1 24 180.99
983
6 42 0 46 448.89
2438
7 15 0 31 679.04
3688
8 1 22 47 492.34
2674
9 34 10 44 214.13
1163
10 27 1 43 109.37
594
11 18 1 24 33.69
183
12 16 4 47 239.91
1303
13 22 0 28 460.30
2500
14 3 33 47 196.27
1066
15 2 21 47 175.47
953
16 3 12 40 81.93
445
17 4 0 14 305.46
1659
18 21 8 43 113.05
614
19 2 2 32 389.97
2118
20 11 31 47 70.52
383
21 3 1 30 414.45
2251
22 29 10 47 310.80
1688
23 5 11 28 35.72
194
24 6 0 45 21.36
116
