30
1
5
0 190 0.1 0.0
5540
1 170 0.1 0.1
5466
2 170 0.1 0.1
5512
3 190 0.1 0.0
5528
4 190 0.1 0.0
5592
25
0 5 34 48 242.07
1338
1 4 1 43 150.16
830
2 18 12 48 116.51
644
3 5 1 18 158.85
878
4 6 30 47 188.88
1044
5 4 3 44 43.42
240
6 15 8 33 51.74
286
7 33 5 47 194.31
1074
8 8 5 42 430.41
2379
9 8 3 20 24.61
136
10 20 1 45 395.31
2185
11 9 2 44 731.46
4043
12 15 7 40 88.65
490
13 11 23 47 449.41
2484
14 7 13 48 445.97
2465
15 13 21 43 576.23
3185
16 7 9 48 122.84
679
17 3 28 48 411.23
2273
18 31 1 48 199.92
1105
19 23 5 41 370.52
2048
20 4 0 29 17.01
94
21 11 8 33 172.06
951
22 6 1 41 19.00
105
23 27 3 42 125.74
695
24 11 24 47 46.13
255
