30
1
5
0 170 0.1 0.1
5589
1 130 0.0 0.1
5555
2 130 0.0 0.1
5376
3 170 0.1 0.1
5579
4 120 0.1 0.1
5534
25
0 10 34 47 318.89
1762
1 11 2 26 670.35
3704
2 28 2 47 132.84
734
3 17 1 21 135.19
747
4 5 21 47 64.61
357
5 12 20 44 65.51
362
6 21 14 47 146.59
810
7 18 12 42 259.71
1435
8 22 17 48 296.44
1638
9 2 24 47 273.64
1512
10 44 0 45 233.28
1289
11 8 7 30 415.89
2298
12 36 6 47 320.33
1770
13 9 35 46 151.48
837
14 5 0 33 406.12
2244
15 33 11 48 83.43
461
16 19 8 48 70.94
392
17 21 10 47 223.33
1234
18 11 3 21 45.43
251
19 13 34 48 480.32
2654
20 1 0 1 350.56
1937
21 1 0 32 243.06
1343
22 10 4 45 628.54
3473
23 6 8 38 92.48
511
24 24 3 47 737.49
4075
