30
1
5
0 120 0.1 0.1
5571
1 120 0.1 0.1
5603
2 170 0.1 0.1
5474
3 150 0.1 0.1
5587
4 130 0.0 0.1
5421
25
0 16 0 19 217.89
1205
1 4 0 35 518.96
2870
2 2 27 47 350.80
1940
3 33 1 47 289.32
1600
4 27 3 47 333.26
1843
5 25 14 47 369.24
2042
6 1 0 2 115.91
641
7 18 22 48 416.98
2306
8 5 4 48 78.84
436
9 41 1 46 341.39
1888
10 5 4 22 195.29
1080
11 16 17 47 239.05
1322
12 17 10 47 588.22
3253
13 5 0 48 241.04
1333
14 1 0 4 439.94
2433
15 14 3 43 569.23
3148
16 20 13 44 156.95
868
17 20 0 30 25.68
142
18 3 4 36 33.09
183
19 15 0 44 47.19
261
20 41 0 47 118.80
657
21 4 0 18 342.66
1895
22 15 3 43 226.21
1251
23 11 4 17 584.60
3233
24 17 25 47 294.74
1630
