30
1
5
0 190 0.1 0.0
5489
1 150 0.1 0.1
5379
2 170 0.1 0.1
5493
3 150 0.1 0.1
5608
4 120 0.1 0.1
5581
25
0 6 35 48 583.43
3214
1 15 22 48 28.32
156
2 14 9 41 38.12
210
3 13 11 38 184.07
1014
4 17 4 28 101.29
558
5 22 6 30 449.28
2475
6 11 23 47 661.12
3642
7 10 12 47 206.22
1136
8 11 1 20 322.76
1778
9 4 28 48 172.81
952
10 11 6 47 366.32
2018
11 8 1 27 304.60
1678
12 11 3 32 300.43
1655
13 13 0 47 15.07
83
14 13 16 47 639.70
3524
15 17 4 36 179.53
989
16 9 0 48 190.97
1052
17 10 10 41 88.77
489
18 26 12 46 208.21
1147
19 20 25 48 256.50
1413
20 19 0 43 588.15
3240
21 28 18 48 546.58
3011
22 5 30 48 176.63
973
23 12 20 48 178.62
984
24 9 0 48 24.32
134
