30
1
5
0 190 0.1 0.0
5542
1 190 0.1 0.0
5618
2 190 0.1 0.0
5264
3 120 0.1 0.1
5607
4 120 0.1 0.1
5522
25
0 14 9 47 213.71
1177
1 28 8 48 412.16
2270
2 21 25 48 146.16
805
3 11 1 32 2.72
15
4 20 5 41 159.96
881
5 3 0 38 301.23
1659
6 10 10 48 258.19
1422
7 29 0 35 212.07
1168
8 19 9 47 175.03
964
9 11 27 42 110.94
611
10 13 23 48 142.17
783
11 22 19 48 543.80
2995
12 9 18 38 188.11
1036
13 1 2 28 286.15
1576
14 3 0 32 405.45
2233
15 21 12 47 761.69
4195
16 18 3 25 770.95
4246
17 23 1 47 336.45
1853
18 3 0 15 405.45
2233
19 8 0 31 246.21
1356
20 10 23 47 19.97
110
21 1 7 48 161.60
890
22 9 0 23 131.82
726
23 13 1 47 323.20
1780
24 3 0 4 367.86
2026
