30
1
5
0 150 0.1 0.1
5568
1 130 0.0 0.1
5648
2 120 0.1 0.1
5515
3 190 0.1 0.0
5433
4 130 0.0 0.1
5486
25
0 1 41 47 599.74
3316
1 7 27 47 434.80
2404
2 23 3 46 464.64
2569
3 13 2 31 405.32
2241
4 6 10 31 179.60
993
5 15 2 47 85.73
474
6 24 0 37 281.79
1558
7 28 6 40 298.61
1651
8 15 27 47 108.34
599
9 15 5 47 114.85
635
10 18 10 35 598.66
3310
11 18 6 32 273.28
1511
12 17 1 39 134.02
741
13 28 2 33 10.67
59
14 8 2 48 499.18
2760
15 1 19 47 116.48
644
16 31 2 38 3.26
18
17 12 7 47 653.82
3615
18 6 0 11 541.51
2994
19 13 2 46 358.83
1984
20 12 2 41 189.18
1046
21 9 0 18 248.14
1372
22 15 1 32 642.61
3553
23 15 15 47 781.33
4320
24 16 8 48 18.63
103
