30
1
5
0 190 0.1 0.0
5657
1 150 0.1 0.1
5560
2 150 0.1 0.1
5448
3 170 0.1 0.1
5438
4 190 0.1 0.0
5527
25
0 5 15 47 134.66
744
1 27 8 47 295.57
1633
2 8 18 41 56.47
312
3 5 8 47 207.43
1146
4 1 0 6 213.76
1181
5 1 0 12 178.65
987
6 23 4 36 623.00
3442
7 7 27 43 596.22
3294
8 16 24 47 112.94
624
9 19 28 48 333.22
1841
10 5 35 47 169.05
934
11 5 3 48 99.91
552
12 4 0 41 80.73
446
13 38 1 40 543.18
3001
14 18 10 42 306.25
1692
15 12 2 31 389.33
2151
16 15 7 48 550.42
3041
17 5 13 47 589.34
3256
18 27 4 42 309.33
1709
19 8 1 45 326.34
1803
20 30 2 46 622.28
3438
21 14 33 48 169.42
936
22 5 1 38 8.69
48
23 15 11 44 7.96
44
24 12 16 43 103.89
574
