30
1
5
0 150 0.1 0.1
5513
1 150 0.1 0.1
5491
2 150 0.1 0.1
5541
3 170 0.1 0.1
5486
4 120 0.1 0.1
5421
25
0 2 2 47 341.16
1873
1 19 11 40 228.41
1254
2 17 9 48 201.64
1107
3 30 6 42 491.61
2699
4 32 2 39 198.36
1089
5 4 31 47 569.21
3125
6 5 21 48 250.81
1377
7 8 5 47 387.61
2128
8 5 26 32 201.64
1107
9 10 0 45 858.09
4711
10 17 4 48 355.37
1951
11 18 1 48 270.30
1484
12 22 3 45 77.23
424
13 6 9 42 108.01
593
14 16 0 31 265.02
1455
15 26 1 39 873.94
4798
16 22 11 45 226.22
1242
17 18 0 31 215.48
1183
18 6 32 47 193.62
1063
19 12 0 27 171.76
943
20 13 29 47 55.74
306
21 4 31 48 322.76
1772
22 17 5 47 123.49
678
23 3 19 48 81.24
446
24 10 26 47 159.20
874
