30
1
5
0 130 0.0 0.1
5305
1 150 0.1 0.1
5497
2 130 0.0 0.1
5484
3 130 0.0 0.1
5338
4 190 0.1 0.0
5556
25
0 21 14 47 355.71
1933
1 10 1 37 41.77
227
2 25 13 47 133.04
723
3 1 0 16 790.17
4294
4 15 3 18 65.14
354
5 4 8 48 316.51
1720
6 9 2 13 297.37
1616
7 1 0 47 55.94
304
8 21 5 47 216.22
1175
9 33 12 47 137.28
746
10 18 1 48 363.07
1973
11 9 5 44 50.24
273
12 20 12 47 30.18
164
13 10 6 46 28.89
157
14 20 13 45 212.36
1154
15 30 3 48 38.28
208
16 25 10 41 410.91
2233
17 9 1 11 239.41
1301
18 31 6 46 301.61
1639
19 6 1 45 510.28
2773
20 14 0 26 823.85
4477
21 24 5 47 69.01
375
22 2 1 48 139.12
756
23 16 30 48 623.08
3386
24 2 25 47 455.08
2473
