30
1
5
0 150 0.1 0.1
5521
1 150 0.1 0.1
5467
2 130 0.0 0.1
5639
3 150 0.1 0.1
5461
4 150 0.1 0.1
5462
25
0 8 6 25 334.35
1842
1 2 1 4 81.50
449
2 24 0 47 358.49
1975
3 5 10 31 169.90
936
4 20 0 21 375.92
2071
5 13 7 36 196.58
1083
6 16 0 48 203.12
1119
7 17 0 43 229.62
1265
8 13 2 30 249.77
1376
9 9 13 29 383.00
2110
10 8 1 16 353.23
1946
11 8 25 47 742.76
4092
12 3 0 27 323.82
1784
13 25 8 48 354.50
1953
14 22 1 41 36.30
200
15 24 17 47 199.30
1098
16 13 3 31 78.96
435
17 4 0 25 549.27
3026
18 17 0 45 396.61
2185
19 12 19 32 410.41
2261
20 15 1 42 263.92
1454
21 10 11 48 26.86
148
22 14 1 26 309.67
1706
23 4 0 13 58.63
323
24 9 8 44 338.53
1865
