30
1
5
0 150 0.1 0.1
5590
1 130 0.0 0.1
5548
2 150 0.1 0.1
5482
3 120 0.1 0.1
5586
4 170 0.1 0.1
5423
25
0 1 39 47 108.42
599
1 20 0 42 446.69
2468
2 6 0 47 285.43
1577
3 22 2 40 266.97
1475
4 30 1 47 605.79
3347
5 2 0 13 509.68
2816
6 5 39 48 539.91
2983
7 2 0 24 75.84
419
8 8 11 43 161.63
893
9 12 11 39 26.61
147
10 19 14 47 133.21
736
11 7 4 36 50.50
279
12 17 10 48 116.92
646
13 8 6 29 655.56
3622
14 13 0 21 124.70
689
15 36 11 48 224.07
1238
16 7 0 41 160.00
884
17 18 3 46 116.02
641
18 5 0 41 687.42
3798
19 2 0 19 307.33
1698
20 23 9 48 22.99
127
21 1 18 47 547.87
3027
22 39 6 48 151.85
839
23 14 27 48 377.01
2083
24 23 0 47 97.01
536
