30
1
5
0 190 0.1 0.0
5498
1 170 0.1 0.1
5509
2 150 0.1 0.1
5619
3 170 0.1 0.1
5306
4 190 0.1 0.0
5552
25
0 1 25 47 486.46
2673
1 14 29 43 150.51
827
2 16 5 46 119.39
656
3 36 0 47 472.81
2598
4 26 19 48 56.96
313
5 7 3 24 495.74
2724
6 16 3 35 174.89
961
7 22 1 38 117.20
644
8 32 2 45 9.28
51
9 21 3 48 134.86
741
10 3 43 47 495.02
2720
11 8 1 42 598.20
3287
12 22 5 46 208.02
1143
13 31 2 47 440.42
2420
14 42 1 47 577.09
3171
15 6 3 47 98.09
539
16 8 12 40 126.85
697
17 3 0 43 267.89
1472
18 15 15 48 252.42
1387
19 1 7 42 82.08
451
20 4 16 48 228.40
1255
21 3 0 30 333.23
1831
22 32 3 48 447.15
2457
23 15 19 47 114.11
627
24 8 7 34 165.61
910
