30
1
5
0 130 0.0 0.1
5479
1 150 0.1 0.1
5478
2 170 0.1 0.1
5637
3 130 0.0 0.1
5542
4 120 0.1 0.1
5511
25
0 7 21 46 551.30
3048
1 17 13 48 142.17
786
2 28 4 47 142.89
790
3 30 2 47 30.02
166
4 3 20 47 268.96
1487
5 28 6 35 493.96
2731
6 33 3 47 564.68
3122
7 4 6 47 25.32
140
8 6 25 48 24.60
136
9 10 1 29 587.65
3249
10 5 9 44 118.29
654
11 14 17 39 155.37
859
12 2 1 29 116.66
645
13 17 9 46 527.42
2916
14 30 14 47 491.79
2719
15 3 22 48 724.93
4008
16 8 8 48 252.68
1397
17 14 16 48 333.17
1842
18 30 0 34 228.98
1266
19 3 35 48 497.04
2748
20 2 0 29 270.58
1496
21 4 1 21 129.87
718
22 9 5 34 163.69
905
23 5 2 48 546.78
3023
24 14 3 31 157.00
868
