30
1
5
0 120 0.1 0.1
5505
1 170 0.1 0.1
5432
2 120 0.1 0.1
5480
3 190 0.1 0.0
5539
4 150 0.1 0.1
5464
25
0 5 35 45 31.55
173
1 32 3 40 675.27
3703
2 12 2 22 613.45
3364
3 24 2 48 324.96
1782
4 11 5 39 184.54
1012
5 12 8 47 401.91
2204
6 32 4 47 126.01
691
7 23 20 47 439.30
2409
8 6 23 38 69.30
380
9 3 18 47 102.85
564
10 32 5 47 176.34
967
11 25 0 47 318.58
1747
12 3 30 47 645.72
3541
13 5 19 46 585.73
3212
14 31 1 42 39.39
216
15 22 0 47 217.55
1193
16 10 26 48 133.85
734
17 8 2 44 804.38
4411
18 11 3 23 137.86
756
19 23 0 40 629.50
3452
20 6 2 25 109.05
598
21 9 3 22 442.21
2425
22 5 8 45 104.67
574
23 8 0 22 283.56
1555
24 11 2 48 261.86
1436
