30
1
5
0 170 0.1 0.1
5613
1 150 0.1 0.1
5401
2 120 0.1 0.1
5561
3 130 0.0 0.1
5580
4 170 0.1 0.1
5547
25
0 4 7 24 316.64
1754
1 17 6 47 571.90
3168
2 10 5 39 274.94
1523
3 32 1 45 36.47
202
4 22 1 31 2.53
14
5 6 1 31 26.54
147
6 31 3 47 169.87
941
7 16 16 47 387.59
2147
8 11 0 45 730.76
4048
9 25 4 47 319.35
1769
10 7 0 30 216.27
1198
11 7 0 24 752.06
4166
12 10 6 43 491.93
2725
13 7 2 36 560.53
3105
14 10 33 47 656.03
3634
15 25 13 48 45.49
252
16 17 4 48 81.42
451
17 26 1 46 576.41
3193
18 3 0 4 266.27
1475
19 13 34 48 3.43
19
20 22 21 47 175.47
972
21 4 10 32 134.31
744
22 17 1 47 245.69
1361
23 12 2 39 70.77
392
24 9 5 27 533.27
2954
