30
1
5
0 170 0.1 0.1
5670
1 170 0.1 0.1
5496
2 170 0.1 0.1
5432
3 190 0.1 0.0
5556
4 120 0.1 0.1
5580
25
0 28 2 48 525.64
2915
1 13 31 47 98.82
548
2 1 9 47 708.12
3927
3 4 0 21 453.33
2514
4 1 0 39 143.36
795
5 5 13 41 265.79
1474
6 17 9 36 239.11
1326
7 7 8 48 283.11
1570
8 6 25 48 305.47
1694
9 5 4 40 318.99
1769
10 1 41 47 92.87
515
11 9 27 48 345.32
1915
12 11 30 48 476.41
2642
13 1 0 40 614.72
3409
14 35 12 48 182.12
1010
15 11 0 39 324.76
1801
16 16 0 35 59.69
331
17 5 0 20 553.23
3068
18 24 5 45 303.12
1681
19 24 2 40 251.19
1393
20 17 13 41 547.64
3037
21 5 0 39 22.36
124
22 37 5 48 424.84
2356
23 17 11 47 241.63
1340
24 19 8 46 494.62
2743
