30
1
5
0 190 0.1 0.0
5551
1 170 0.1 0.1
5413
2 170 0.1 0.1
5371
3 130 0.0 0.1
5573
4 120 0.1 0.1
5397
25
0 26 0 30 198.73
1085
1 25 21 47 713.04
3893
2 5 29 37 71.62
391
3 5 25 48 954.08
5209
4 15 0 47 184.81
1009
5 13 28 47 196.90
1075
6 5 2 27 141.77
774
7 21 0 30 74.36
406
8 5 21 45 416.14
2272
9 3 8 47 53.85
294
10 10 0 10 386.65
2111
11 5 3 28 707.36
3862
12 12 0 31 166.49
909
13 40 0 47 52.20
285
14 36 0 48 209.53
1144
15 31 3 47 61.18
334
16 14 8 48 507.72
2772
17 16 8 28 487.75
2663
18 6 4 48 264.85
1446
19 14 4 48 259.54
1417
20 7 34 47 267.96
1463
21 23 6 39 402.58
2198
22 20 8 47 90.85
496
23 12 15 40 290.31
1585
24 7 4 44 322.18
1759
