30
1
5
0 170 0.1 0.1
5736
1 170 0.1 0.1
5580
2 190 0.1 0.0
5592
3 190 0.1 0.0
5572
4 120 0.1 0.1
5700
25
0 7 1 48 136.29
768
1 21 2 29 339.47
1913
2 10 2 46 723.67
4078
3 6 0 34 68.14
384
4 21 1 46 180.47
1017
5 4 0 29 494.75
2788
6 10 2 48 367.69
2072
7 21 7 37 303.27
1709
8 1 0 46 212.06
1195
9 20 13 46 157.76
889
10 4 0 24 232.82
1312
11 5 34 48 217.38
1225
12 8 38 48 42.77
241
13 17 2 47 232.11
1308
14 6 3 25 141.61
798
15 30 15 48 102.22
576
16 4 42 47 499.19
2813
17 15 7 25 442.58
2494
18 21 5 48 251.63
1418
19 4 3 33 77.37
436
20 1 5 37 192.01
1082
21 26 0 40 51.28
289
22 36 6 48 341.07
1922
23 5 8 48 42.59
240
24 20 12 44 143.56
809
