30
1
5
0 190 0.1 0.0
5270
1 150 0.1 0.1
5536
2 150 0.1 0.1
5463
3 120 0.1 0.1
5352
4 120 0.1 0.1
5499
25
0 12 27 47 592.20
3211
1 12 23 47 461.07
2500
2 20 14 47 110.10
597
3 3 13 48 309.10
1676
4 1 15 42 489.10
2652
5 30 1 43 19.00
103
6 2 0 25 17.52
95
7 2 0 32 160.27
869
8 25 2 36 7.93
43
9 4 26 43 166.54
903
10 15 2 46 341.74
1853
11 30 0 48 716.87
3887
12 11 2 22 21.95
119
13 11 14 47 9.96
54
14 24 4 44 196.60
1066
15 12 28 48 322.75
1750
16 9 0 43 329.39
1786
17 10 7 35 500.35
2713
18 21 6 34 509.02
2760
19 8 14 48 184.43
1000
20 7 31 48 232.19
1259
21 31 2 45 684.59
3712
22 4 1 21 503.67
2731
23 4 0 48 207.30
1124
24 6 6 15 424.37
2301
