30
1
5
0 150 0.1 0.1
5629
1 120 0.1 0.1
5524
2 120 0.1 0.1
5421
3 130 0.0 0.1
5555
4 130 0.0 0.1
5485
25
0 17 17 48 15.94
88
1 10 23 47 11.95
66
2 13 10 48 183.99
1016
3 17 0 25 98.70
545
4 11 20 48 669.51
3697
5 5 5 48 355.85
1965
6 7 5 46 190.33
1051
7 7 1 44 165.88
916
8 4 1 47 17.75
98
9 6 10 48 9.60
53
10 19 17 47 229.45
1267
11 6 0 27 424.49
2344
12 17 18 42 86.20
476
13 5 41 47 612.65
3383
14 3 0 12 819.28
4524
15 5 36 47 367.99
2032
16 19 0 46 743.94
4108
17 9 18 44 287.76
1589
18 18 1 36 577.88
3191
19 9 4 28 435.90
2407
20 12 33 48 209.35
1156
21 6 12 48 201.56
1113
22 30 3 40 667.52
3686
23 29 1 42 16.30
90
24 10 12 48 438.43
2421
