30
1
5
0 170 0.1 0.1
5653
1 120 0.1 0.1
5372
2 120 0.1 0.1
5592
3 130 0.0 0.1
5400
4 170 0.1 0.1
5492
25
0 44 1 45 554.76
3051
1 5 30 48 628.94
3459
2 35 5 48 438.75
2413
3 12 11 27 156.37
860
4 29 12 48 212.74
1170
5 5 26 48 276.20
1519
6 16 5 34 49.64
273
7 16 21 46 71.82
395
8 2 21 39 39.27
216
9 14 16 48 180.56
993
10 1 7 47 187.47
1031
11 20 0 45 37.82
208
12 12 0 31 261.65
1439
13 1 4 48 307.29
1690
14 20 0 26 270.38
1487
15 13 3 48 168.01
924
16 1 34 47 304.20
1673
17 7 2 41 488.21
2685
18 2 20 43 350.38
1927
19 1 8 47 16.55
91
20 1 1 48 319.11
1755
21 22 25 47 198.19
1090
22 4 6 47 20.00
110
23 2 34 47 226.74
1247
24 5 21 46 240.56
1323
