30
1
5
0 150 0.1 0.1
5426
1 130 0.0 0.1
5443
2 120 0.1 0.1
5575
3 130 0.0 0.1
5575
4 130 0.0 0.1
5294
25
0 12 1 26 235.32
1285
1 2 16 48 178.00
972
2 1 0 46 212.80
1162
3 25 8 47 173.24
946
4 15 0 28 278.18
1519
5 2 5 48 404.90
2211
6 4 24 48 48.35
264
7 2 0 18 774.10
4227
8 27 20 47 640.59
3498
9 4 10 30 218.11
1191
10 25 4 47 224.89
1228
11 2 45 48 226.90
1239
12 5 13 29 26.92
147
13 1 0 14 486.76
2658
14 34 5 47 7.14
39
15 3 0 18 12.27
67
16 14 10 47 479.62
2619
17 16 4 37 655.43
3579
18 16 12 41 891.67
4869
19 11 31 47 71.06
388
20 20 25 47 25.27
138
21 2 1 21 206.21
1126
22 2 1 6 175.62
959
23 26 11 47 336.60
1838
24 5 12 46 169.03
923
