30
1
5
0 120 0.1 0.1
5437
1 120 0.1 0.1
5461
2 190 0.1 0.0
5505
3 120 0.1 0.1
5460
4 190 0.1 0.0
5431
25
0 30 10 44 186.31
1017
1 9 0 29 584.76
3192
2 2 13 44 673.97
3679
3 7 2 10 15.02
82
4 6 5 33 316.01
1725
5 2 15 25 37.55
205
6 24 21 48 219.10
1196
7 5 0 11 337.26
1841
8 21 11 48 39.94
218
9 1 0 15 425.01
2320
10 1 0 39 271.68
1483
11 23 17 48 474.84
2592
12 28 19 47 4.76
26
13 28 1 47 225.51
1231
14 23 11 48 121.64
664
15 27 5 46 136.11
743
16 11 2 41 121.09
661
17 28 5 45 93.25
509
18 8 5 30 167.44
914
19 19 0 32 4.21
23
20 22 21 47 19.79
108
21 4 43 47 425.38
2322
22 29 1 47 279.19
1524
23 4 19 48 125.49
685
24 24 22 47 723.62
3950
