30
1
5
0 170 0.1 0.1
5607
1 170 0.1 0.1
5273
2 130 0.0 0.1
5471
3 120 0.1 0.1
5566
4 130 0.0 0.1
5599
25
0 1 0 3 69.09
380
1 13 6 24 83.27
458
2 26 3 47 93.99
517
3 12 3 45 358.71
1973
4 7 1 18 530.15
2916
5 1 18 47 901.41
4958
6 17 0 28 314.16
1728
7 6 23 48 176.54
971
8 8 0 15 140.90
775
9 27 9 45 16.73
92
10 15 14 48 383.62
2110
11 23 1 44 729.78
4014
12 6 34 48 341.25
1877
13 1 16 46 421.80
2320
14 15 14 48 519.97
2860
15 1 23 47 8.54
47
16 30 0 45 261.62
1439
17 10 0 23 25.27
139
18 1 0 5 121.63
669
19 1 11 45 202.17
1112
20 6 40 47 69.09
380
21 21 25 47 645.96
3553
22 24 6 47 200.72
1104
23 3 6 48 7.09
39
24 3 36 46 541.24
2977
