30
1
5
0 150 0.1 0.1
5449
1 150 0.1 0.1
5582
2 150 0.1 0.1
5532
3 150 0.1 0.1
5493
4 170 0.1 0.1
5622
25
0 13 7 47 66.85
370
1 24 21 48 54.38
301
2 16 10 48 71.37
395
3 34 13 47 323.22
1789
4 26 18 48 516.00
2856
5 23 4 47 238.67
1321
6 2 0 25 267.94
1483
7 3 28 39 461.07
2552
8 6 0 10 334.78
1853
9 18 0 47 57.63
319
10 13 5 48 270.28
1496
11 3 2 48 179.23
992
12 9 0 23 126.65
701
13 9 12 46 55.29
306
14 39 2 47 491.97
2723
15 32 7 47 354.84
1964
16 2 0 44 140.56
778
17 2 0 13 35.05
194
18 2 0 34 493.77
2733
19 4 6 34 199.64
1105
20 18 8 47 141.83
785
21 32 10 47 300.64
1664
22 9 2 34 527.20
2918
23 5 0 5 334.96
1854
24 33 1 48 124.30
688
