30
1
5
0 190 0.1 0.0
5409
1 190 0.1 0.0
5350
2 170 0.1 0.1
5468
3 170 0.1 0.1
5340
4 130 0.0 0.1
5569
25
0 14 1 35 328.42
1782
1 21 15 46 460.57
2499
2 1 4 23 241.25
1309
3 16 5 40 153.15
831
4 28 1 41 241.25
1309
5 5 12 47 667.36
3621
6 16 1 44 259.50
1408
7 29 10 47 387.77
2104
8 2 0 35 920.77
4996
9 11 1 48 166.42
903
10 8 7 26 227.24
1233
11 1 7 40 507.93
2756
12 3 6 30 236.27
1282
13 16 23 47 366.58
1989
14 4 0 4 757.11
4108
15 10 0 31 363.07
1970
16 43 3 47 11.98
65
17 14 4 48 471.07
2556
18 9 1 39 256.92
1394
19 9 7 47 291.38
1581
20 13 6 19 175.27
951
21 36 8 47 63.40
344
22 4 0 11 41.10
223
23 7 1 31 70.40
382
24 6 4 20 438.64
2380
