30
1
5
0 170 0.1 0.1
5512
1 170 0.1 0.1
5538
2 150 0.1 0.1
5426
3 190 0.1 0.0
5489
4 170 0.1 0.1
5562
25
0 13 22 43 203.63
1121
1 17 16 40 105.54
581
2 21 16 38 624.70
3439
3 22 15 48 388.56
2139
4 44 3 47 44.69
246
5 3 0 4 37.60
207
6 7 1 26 464.12
2555
7 7 8 15 198.55
1093
8 9 11 42 63.94
352
9 11 15 43 2.36
13
10 20 0 46 2.72
15
11 26 0 41 420.71
2316
12 17 12 48 176.20
970
13 18 0 48 2.54
14
14 21 1 40 400.36
2204
15 2 28 45 99.55
548
16 2 5 40 242.87
1337
17 6 28 48 626.16
3447
18 12 5 28 14.35
79
19 15 23 48 97.37
536
20 20 2 47 328.25
1807
21 10 3 40 135.51
746
22 7 6 47 785.47
4324
23 2 1 39 909.17
5005
24 17 26 47 168.76
929
