30
1
5
0 170 0.1 0.1
5537
1 120 0.1 0.1
5568
2 120 0.1 0.1
5492
3 150 0.1 0.1
5402
4 120 0.1 0.1
5410
25
0 7 36 47 687.10
3766
1 20 7 38 20.80
114
2 24 12 44 290.64
1593
3 16 14 32 400.66
2196
4 5 0 10 10.22
56
5 14 0 34 685.64
3758
6 4 15 48 459.04
2516
7 9 19 47 43.61
239
8 9 0 17 97.06
532
9 33 4 44 295.02
1617
10 10 17 48 68.24
374
11 1 12 48 76.81
421
12 4 25 47 257.44
1411
13 20 9 37 39.04
214
14 7 8 41 77.18
423
15 4 40 48 35.40
194
16 18 7 45 83.20
456
17 19 10 44 694.40
3806
18 24 5 41 243.93
1337
19 24 10 48 6.75
37
20 21 1 47 589.31
3230
21 12 0 38 154.72
848
22 1 46 47 498.81
2734
23 4 2 35 698.78
3830
24 15 6 48 107.64
590
