30
1
5
0 190 0.1 0.0
5426
1 170 0.1 0.1
5485
2 130 0.0 0.1
5334
3 190 0.1 0.0
5636
4 120 0.1 0.1
5540
25
0 18 22 48 556.70
3052
1 1 9 36 31.56
173
2 19 0 21 848.91
4654
3 12 5 22 441.97
2423
4 18 6 44 126.95
696
5 10 1 42 562.72
3085
6 26 2 47 323.59
1774
7 1 0 38 484.47
2656
8 9 18 48 269.05
1475
9 24 13 47 392.90
2154
10 16 14 33 153.04
839
11 16 3 43 276.34
1515
12 5 0 33 397.83
2181
13 37 0 38 46.51
255
14 11 35 48 278.35
1526
15 24 3 48 263.58
1445
16 1 0 24 58.00
318
17 12 1 31 79.89
438
18 20 27 48 25.35
139
19 33 0 45 560.17
3071
20 17 29 48 490.31
2688
21 1 9 27 43.59
239
22 13 19 48 23.90
131
23 6 35 48 28.09
154
24 12 10 48 13.86
76
