30
1
5
0 130 0.0 0.1
5515
1 130 0.0 0.1
5582
2 190 0.1 0.0
5485
3 190 0.1 0.0
5442
4 130 0.0 0.1
5502
25
0 23 9 47 24.16
133
1 8 1 12 169.31
932
2 6 3 46 300.46
1654
3 22 25 47 4.90
27
4 21 23 48 193.83
1067
5 3 0 28 968.06
5329
6 8 16 48 261.77
1441
7 9 1 37 470.50
2590
8 40 0 48 135.15
744
9 2 0 19 290.29
1598
10 3 0 47 5.09
28
11 5 4 21 367.86
2025
12 24 2 43 225.62
1242
13 2 0 44 87.92
484
14 8 38 47 350.24
1928
15 3 3 34 679.59
3741
16 1 0 47 537.89
2961
17 24 4 48 458.51
2524
18 35 4 48 512.46
2821
19 20 10 43 297.38
1637
20 33 14 48 410.55
2260
21 1 0 38 210.18
1157
22 17 0 46 325.35
1791
23 29 2 47 820.55
4517
24 25 20 48 302.28
1664
