30
1
5
0 120 0.1 0.1
5393
1 190 0.1 0.0
5316
2 150 0.1 0.1
5397
3 150 0.1 0.1
5512
4 130 0.0 0.1
5591
25
0 2 0 44 39.89
217
1 3 1 25 554.59
3017
2 14 0 37 287.86
1566
3 4 1 48 241.17
1312
4 2 42 47 64.15
349
5 25 4 46 66.36
361
6 13 0 37 84.56
460
7 4 1 21 263.05
1431
8 7 21 48 14.52
79
9 21 23 48 212.87
1158
10 27 12 48 376.47
2048
11 11 2 38 665.80
3622
12 26 5 40 15.81
86
13 21 8 46 402.94
2192
14 4 33 47 573.71
3121
15 14 32 48 311.39
1694
16 4 9 47 356.43
1939
17 3 3 44 369.66
2011
18 24 7 47 17.46
95
19 13 2 48 208.82
1136
20 4 0 27 16.54
90
21 24 18 47 200.92
1093
22 34 1 42 924.99
5032
23 29 8 47 419.30
2281
24 15 9 33 111.76
608
