30
1
5
0 120 0.1 0.1
5549
1 190 0.1 0.0
5524
2 130 0.0 0.1
5595
3 120 0.1 0.1
5586
4 130 0.0 0.1
5524
25
0 33 9 47 4.32
24
1 15 11 44 557.11
3095
2 6 2 48 460.81
2560
3 12 0 36 144.72
804
4 7 31 48 422.65
2348
5 32 0 46 126.72
704
6 36 7 47 762.86
4238
7 3 5 11 33.48
186
8 11 2 29 275.77
1532
9 19 20 48 193.50
1075
10 5 6 23 66.06
367
11 26 6 48 27.18
151
12 11 17 47 93.96
522
13 5 0 34 795.62
4420
14 13 3 42 48.06
267
15 34 4 40 163.44
908
16 4 1 30 251.83
1399
17 12 2 48 441.37
2452
18 25 4 43 266.59
1481
19 16 0 26 558.37
3102
20 35 12 48 326.71
1815
21 11 2 48 567.19
3151
22 7 25 48 307.99
1711
23 4 0 14 154.26
857
24 10 9 47 549.55
3053
