30
1
5
0 150 0.1 0.1
5565
1 170 0.1 0.1
5628
2 170 0.1 0.1
5578
3 190 0.1 0.0
5451
4 150 0.1 0.1
5514
25
0 13 10 30 143.33
795
1 3 26 47 278.91
1547
2 26 7 48 532.40
2953
3 39 6 46 135.58
752
4 7 0 33 436.49
2421
5 4 12 45 428.01
2374
6 12 27 48 3.25
18
7 13 21 47 844.31
4683
8 2 23 48 219.78
1219
9 11 9 36 188.05
1043
10 16 4 45 4.87
27
11 3 1 32 507.88
2817
12 4 0 45 191.29
1061
13 18 20 48 831.87
4614
14 6 3 45 228.25
1266
15 10 18 48 7.57
42
16 7 0 43 158.84
881
17 11 2 23 286.85
1591
18 25 19 48 332.82
1846
19 22 12 47 250.79
1391
20 10 6 42 27.58
153
21 27 10 43 31.19
173
22 6 0 39 495.26
2747
23 17 3 48 27.77
154
24 7 20 48 46.34
257
