30
1
5
0 130 0.0 0.1
5342
1 120 0.1 0.1
5526
2 190 0.1 0.0
5556
3 130 0.0 0.1
5498
4 130 0.0 0.1
5621
25
0 9 36 45 337.21
1857
1 10 7 45 176.14
970
2 21 3 31 45.76
252
3 3 1 7 148.36
817
4 11 0 23 493.01
2715
5 9 0 29 185.22
1020
6 12 2 47 20.16
111
7 2 0 30 243.14
1339
8 30 10 47 587.07
3233
9 13 2 45 329.03
1812
10 2 0 47 315.05
1735
11 14 1 25 229.34
1263
12 15 13 33 25.24
139
13 17 0 36 365.53
2013
14 11 3 44 432.54
2382
15 4 1 31 351.19
1934
16 12 35 48 67.91
374
17 7 7 26 274.38
1511
18 30 1 47 122.39
674
19 4 1 28 116.03
639
20 2 9 47 176.50
972
21 27 3 33 135.28
745
22 19 8 31 289.99
1597
23 18 16 48 217.18
1196
24 33 12 48 548.39
3020
