30
1
5
0 120 0.1 0.1
5616
1 120 0.1 0.1
5583
2 130 0.0 0.1
5474
3 170 0.1 0.1
5532
4 170 0.1 0.1
5564
25
0 17 24 48 113.98
633
1 4 0 14 630.25
3500
2 28 12 48 114.16
634
3 27 0 31 294.06
1633
4 2 2 43 261.82
1454
5 7 3 47 188.53
1047
6 2 21 44 354.74
1970
7 2 15 48 238.05
1322
8 6 34 47 697.77
3875
9 3 0 19 49.16
273
10 23 12 45 102.64
570
11 8 29 43 168.37
935
12 38 4 48 240.21
1334
13 13 1 47 186.37
1035
14 6 0 12 555.52
3085
15 15 3 25 833.19
4627
16 4 3 47 153.06
850
17 18 25 48 354.38
1968
18 2 36 48 404.44
2246
19 23 12 47 427.85
2376
20 10 0 47 274.61
1525
21 11 6 20 430.19
2389
22 6 18 47 399.76
2220
23 34 12 47 34.57
192
24 7 0 34 110.92
616
