30
1
5
0 150 0.1 0.1
5340
1 170 0.1 0.1
5456
2 190 0.1 0.0
5401
3 190 0.1 0.0
5565
4 170 0.1 0.1
5562
25
0 14 0 36 173.15
946
1 15 16 47 157.96
863
2 10 30 47 121.90
666
3 27 0 40 346.86
1895
4 3 3 29 623.24
3405
5 17 20 48 599.26
3274
6 13 11 41 107.99
590
7 28 1 48 392.98
2147
8 3 0 24 471.69
2577
9 12 8 35 165.10
902
10 15 1 35 495.30
2706
11 8 1 36 264.31
1444
12 9 0 17 289.57
1582
13 17 18 48 153.93
841
14 16 6 35 536.12
2929
15 30 4 46 149.54
817
16 12 23 48 151.56
828
17 20 1 37 28.55
156
18 9 13 25 295.79
1616
19 8 1 40 151.37
827
20 18 4 48 308.97
1688
21 7 13 34 434.53
2374
22 9 29 48 330.93
1808
23 16 10 47 184.50
1008
24 20 11 47 289.38
1581
