30
1
5
0 170 0.1 0.1
5529
1 190 0.1 0.0
5544
2 170 0.1 0.1
5526
3 150 0.1 0.1
5452
4 130 0.0 0.1
5390
25
0 26 0 47 381.77
2095
1 4 10 47 186.60
1024
2 2 9 48 214.30
1176
3 15 9 45 564.55
3098
4 1 34 47 11.66
64
5 2 5 24 302.68
1661
6 16 22 48 510.79
2803
7 28 3 47 370.11
2031
8 15 24 46 410.56
2253
9 1 7 48 875.43
4804
10 27 12 47 495.85
2721
11 14 3 46 349.88
1920
12 19 0 25 288.65
1584
13 27 10 48 7.11
39
14 12 9 32 341.32
1873
15 18 28 47 257.31
1412
16 5 2 47 414.39
2274
17 2 43 47 128.29
704
18 2 38 47 761.72
4180
19 14 12 46 186.60
1024
20 13 7 43 267.70
1469
21 32 11 48 201.18
1104
22 13 9 44 253.30
1390
23 17 16 48 84.74
465
24 17 2 32 329.29
1807
