30
1
5
0 170 0.1 0.1
5360
1 120 0.1 0.1
5360
2 120 0.1 0.1
5566
3 120 0.1 0.1
5361
4 170 0.1 0.1
5707
25
0 22 5 41 589.34
3222
1 30 13 47 460.93
2520
2 16 27 48 306.19
1674
3 11 1 47 315.15
1723
4 4 0 13 49.02
268
5 1 12 47 118.53
648
6 5 13 42 375.52
2053
7 9 28 47 179.80
983
8 12 2 40 510.87
2793
9 19 2 46 49.93
273
10 16 30 48 305.09
1668
11 7 0 26 122.73
671
12 32 4 46 149.44
817
13 5 0 29 600.13
3281
14 15 16 48 160.41
877
15 20 14 47 247.11
1351
16 5 1 37 211.08
1154
17 22 21 47 175.05
957
18 26 12 42 55.79
305
19 4 0 14 502.27
2746
20 11 1 24 209.07
1143
21 6 25 48 719.39
3933
22 1 35 47 341.68
1868
23 23 6 41 8.60
47
24 20 4 40 190.23
1040
