30
1
5
0 190 0.1 0.0
5611
1 150 0.1 0.1
5483
2 190 0.1 0.0
5322
3 190 0.1 0.0
5572
4 190 0.1 0.0
5467
25
0 5 36 43 229.73
1261
1 26 6 38 784.82
4308
2 7 7 48 127.34
699
3 5 0 19 752.57
4131
4 14 3 41 290.57
1595
5 33 11 48 2.73
15
6 3 42 48 224.99
1235
7 19 0 44 165.42
908
8 31 6 47 71.23
391
9 1 4 32 604.10
3316
10 3 40 48 43.18
237
11 1 5 12 54.84
301
12 26 0 36 409.90
2250
13 14 0 25 82.16
451
14 36 0 41 112.04
615
15 14 6 31 355.97
1954
16 9 31 48 467.47
2566
17 39 7 47 489.33
2686
18 1 6 42 100.20
550
19 7 0 40 229.00
1257
20 12 2 39 605.74
3325
21 1 7 38 406.62
2232
22 27 3 39 238.65
1310
23 28 18 48 99.29
545
24 13 19 48 180.17
989
