30
1
5
0 120 0.1 0.1
5506
1 190 0.1 0.0
5562
2 130 0.0 0.1
5404
3 170 0.1 0.1
5546
4 150 0.1 0.1
5527
25
0 2 30 48 349.83
1927
1 43 1 46 12.89
71
2 1 0 28 21.78
120
3 34 8 48 177.00
975
4 5 4 47 537.18
2959
5 14 12 48 110.38
608
6 40 0 45 360.54
1986
7 4 0 13 358.54
1975
8 19 26 47 479.45
2641
9 7 13 47 150.86
831
10 3 32 47 197.52
1088
11 24 3 44 412.46
2272
12 19 4 33 278.12
1532
13 13 4 20 497.78
2742
14 12 19 48 367.80
2026
15 8 7 35 67.71
373
16 22 7 47 305.17
1681
17 18 2 35 528.46
2911
18 22 22 48 190.62
1050
19 2 33 47 361.26
1990
20 3 1 34 238.54
1314
21 6 1 10 202.78
1117
22 5 2 22 231.28
1274
23 1 0 14 566.77
3122
24 7 32 45 266.68
1469
