30
1
5
0 130 0.0 0.1
5426
1 190 0.1 0.0
5419
2 170 0.1 0.1
5345
3 120 0.1 0.1
5511
4 150 0.1 0.1
5733
25
0 9 19 48 329.35
1806
1 5 3 39 106.13
582
2 11 1 48 438.76
2406
3 23 0 33 257.86
1414
4 6 24 44 25.35
139
5 6 11 46 88.45
485
6 1 29 48 196.22
1076
7 27 0 43 120.54
661
8 34 8 48 138.59
760
9 14 1 29 155.92
855
10 22 0 34 67.66
371
11 6 34 47 533.77
2927
12 18 5 38 143.70
788
13 21 7 29 31.00
170
14 23 1 47 510.61
2800
15 36 0 45 653.22
3582
16 23 24 47 85.89
471
17 4 0 42 397.91
2182
18 12 19 39 197.50
1083
19 3 0 29 270.44
1483
20 16 11 42 250.56
1374
21 10 1 26 101.94
559
22 30 1 48 296.16
1624
23 12 2 32 446.79
2450
24 10 0 38 765.19
4196
