30
1
5
0 120 0.1 0.1
5610
1 120 0.1 0.1
5400
2 120 0.1 0.1
5355
3 190 0.1 0.0
5350
4 190 0.1 0.0
5671
25
0 22 3 42 873.61
4782
1 7 24 48 582.59
3189
2 30 7 39 157.11
860
3 17 1 39 73.99
405
4 13 0 48 411.41
2252
5 18 12 46 3.29
18
6 19 6 47 89.88
492
7 2 0 40 37.09
203
8 2 4 48 63.76
349
9 17 1 40 125.87
689
10 11 1 18 76.91
421
11 2 33 48 771.48
4223
12 37 0 41 335.59
1837
13 18 6 43 328.65
1799
14 2 0 22 201.32
1102
15 7 9 42 63.39
347
16 4 28 48 528.33
2892
17 8 6 19 489.23
2678
18 8 4 15 180.13
986
19 9 1 22 89.88
492
20 29 11 45 97.19
532
21 17 12 37 284.81
1559
22 8 38 48 421.82
2309
23 6 13 48 199.13
1090
24 21 15 39 52.07
285
