30
1
5
0 190 0.1 0.0
5510
1 150 0.1 0.1
5324
2 190 0.1 0.0
5319
3 190 0.1 0.0
5435
4 150 0.1 0.1
5583
25
0 10 2 20 274.47
1491
1 17 3 23 419.72
2280
2 2 19 35 752.73
4089
3 4 0 26 111.74
607
4 18 1 25 79.89
434
5 19 4 47 705.42
3832
6 9 0 32 758.07
4118
7 2 9 26 310.55
1687
8 13 9 47 89.28
485
9 1 21 23 4.97
27
10 3 1 40 455.98
2477
11 19 22 47 28.53
155
12 11 1 20 23.01
125
13 2 7 30 295.09
1603
14 17 0 41 265.45
1442
15 22 0 38 159.97
869
16 1 21 34 124.44
676
17 33 2 48 651.85
3541
18 11 2 29 227.53
1236
19 23 18 48 456.53
2480
20 24 6 47 2.95
16
21 33 6 48 62.59
340
22 21 11 47 513.23
2788
23 2 10 22 58.54
318
24 26 17 47 43.44
236
