30
1
5
0 130 0.0 0.1
5388
1 130 0.0 0.1
5405
2 150 0.1 0.1
5500
3 170 0.1 0.1
5550
4 150 0.1 0.1
5451
25
0 3 0 36 718.93
3924
1 3 0 33 51.48
281
2 8 0 45 542.49
2961
3 23 11 47 81.35
444
4 3 16 44 86.66
473
5 34 6 41 175.70
959
6 16 27 47 179.91
982
7 17 26 47 496.32
2709
8 5 1 33 155.00
846
9 1 0 47 472.69
2580
10 26 4 47 118.54
647
11 4 7 48 174.05
950
12 6 7 20 162.14
885
13 2 2 47 240.56
1313
14 33 13 47 587.01
3204
15 15 0 27 450.89
2461
16 10 6 39 698.96
3815
17 9 0 31 97.29
531
18 8 4 22 61.19
334
19 21 1 47 41.59
227
20 2 0 37 33.34
182
21 6 0 25 787.45
4298
22 38 0 47 401.97
2194
23 2 0 30 480.20
2621
24 7 0 44 257.96
1408
