30
1
5
0 190 0.1 0.0
5440
1 170 0.1 0.1
5619
2 130 0.0 0.1
5406
3 130 0.0 0.1
5421
4 170 0.1 0.1
5467
25
0 17 13 47 30.72
168
1 8 3 16 624.55
3416
2 2 24 48 569.88
3117
3 32 8 42 334.03
1827
4 6 6 43 362.55
1983
5 4 0 40 387.42
2119
6 19 0 47 344.82
1886
7 4 31 48 499.86
2734
8 5 0 30 8.78
48
9 26 16 48 141.51
774
10 14 1 39 114.09
624
11 10 2 27 649.42
3552
12 7 7 48 289.24
1582
13 26 9 47 201.48
1102
14 26 5 47 139.32
762
15 8 30 47 214.64
1174
16 30 12 48 13.71
75
17 33 3 47 49.36
270
18 5 18 48 685.80
3751
19 6 4 47 41.69
228
20 5 0 12 702.07
3840
21 3 0 42 51.56
282
22 10 4 38 426.91
2335
23 2 36 47 215.74
1180
24 14 0 40 159.61
873
