30
1
5
0 120 0.1 0.1
5709
1 170 0.1 0.1
5485
2 150 0.1 0.1
5551
3 190 0.1 0.0
5514
4 170 0.1 0.1
5594
25
0 11 1 15 458.21
2552
1 2 1 39 51.35
286
2 7 1 23 424.63
2365
3 16 29 48 515.13
2869
4 33 8 46 244.01
1359
5 2 1 11 450.49
2509
6 2 27 48 87.08
485
7 2 34 48 156.03
869
8 14 21 48 5.57
31
9 15 0 41 707.06
3938
10 22 0 43 479.40
2670
11 15 0 47 371.49
2069
12 7 0 18 439.54
2448
13 19 22 47 188.17
1048
14 26 14 48 113.12
630
15 1 11 47 43.45
242
16 14 8 48 35.19
196
17 7 0 23 146.51
816
18 32 10 47 256.75
1430
19 19 25 46 109.88
612
20 17 5 23 257.47
1434
21 9 5 17 36.99
206
22 10 0 21 287.28
1600
23 28 19 47 414.58
2309
24 1 23 48 184.76
1029
