30
1
5
0 170 0.1 0.1
5482
1 170 0.1 0.1
5505
2 130 0.0 0.1
5544
3 130 0.0 0.1
5680
4 170 0.1 0.1
5449
25
0 6 6 47 405.54
2243
1 7 2 34 626.30
3464
2 3 26 45 468.10
2589
3 23 2 44 235.05
1300
4 18 16 48 629.92
3484
5 21 19 48 5.79
32
6 7 40 48 182.25
1008
7 20 6 41 105.95
586
8 9 0 36 150.43
832
9 23 4 43 738.04
4082
10 10 26 47 114.09
631
11 21 3 47 114.45
633
12 7 32 48 244.09
1350
13 33 4 37 158.20
875
14 7 3 35 6.15
34
15 4 16 46 311.89
1725
16 11 0 47 263.43
1457
17 3 19 39 86.97
481
18 10 1 46 172.85
956
19 16 11 47 427.78
2366
20 32 0 36 599.73
3317
21 11 32 47 297.24
1644
22 16 2 48 325.81
1802
23 11 11 48 599.55
3316
24 7 0 38 541.87
2997
