30
1
5
0 120 0.1 0.1
5444
1 190 0.1 0.0
5627
2 190 0.1 0.0
5454
3 150 0.1 0.1
5381
4 150 0.1 0.1
5533
25
0 12 15 48 822.02
4510
1 3 16 48 161.85
888
2 23 2 48 577.42
3168
3 16 21 45 31.35
172
4 1 7 32 126.86
696
5 5 0 12 729.97
4005
6 8 34 47 688.78
3779
7 1 4 35 20.05
110
8 8 15 48 82.02
450
9 10 6 30 88.22
484
10 37 1 47 107.54
590
11 24 4 40 42.47
233
12 19 5 37 474.07
2601
13 27 4 47 176.98
971
14 17 22 48 65.98
362
15 21 0 31 576.69
3164
16 20 11 47 316.41
1736
17 9 1 27 413.01
2266
18 5 0 23 88.58
486
19 10 6 39 38.82
213
20 31 14 47 22.42
123
21 36 9 48 43.01
236
22 17 4 39 221.63
1216
23 24 9 44 444.36
2438
24 14 30 48 283.79
1557
