30
1
5
0 190 0.1 0.0
5535
1 120 0.1 0.1
5512
2 190 0.1 0.0
5443
3 150 0.1 0.1
5454
4 170 0.1 0.1
5395
25
0 20 3 43 496.04
2712
1 24 16 47 304.35
1664
2 9 25 47 243.26
1330
3 7 16 47 249.30
1363
4 12 1 40 373.12
2040
5 12 10 29 576.88
3154
6 22 0 48 92.73
507
7 3 11 24 433.48
2370
8 11 18 48 38.23
209
9 1 30 45 256.07
1400
10 9 18 43 652.24
3566
11 20 3 36 19.02
104
12 28 19 47 21.03
115
13 19 11 39 45.91
251
14 9 10 33 193.15
1056
15 16 17 48 651.32
3561
16 13 0 23 246.56
1348
17 14 0 35 670.34
3665
18 20 6 39 554.20
3030
19 1 9 42 358.31
1959
20 7 5 47 364.89
1995
21 26 20 48 401.47
2195
22 12 4 44 474.82
2596
23 9 20 47 674.00
3685
24 25 1 34 257.90
1410
