30
1
5
0 170 0.1 0.1
5457
1 150 0.1 0.1
5540
2 120 0.1 0.1
5391
3 190 0.1 0.0
5602
4 120 0.1 0.1
5624
25
0 3 27 44 147.43
814
1 4 5 47 14.85
82
2 29 2 42 586.45
3238
3 2 25 47 656.54
3625
4 27 1 48 116.09
641
5 19 16 48 216.61
1196
6 6 1 13 51.26
283
7 12 1 33 139.10
768
8 11 3 30 516.54
2852
9 27 15 45 22.28
123
10 16 7 43 194.52
1074
11 28 6 47 140.18
774
12 10 30 48 190.53
1052
13 12 12 47 242.69
1340
14 7 0 16 141.99
784
15 19 27 47 10.87
60
16 18 12 48 127.32
703
17 25 21 48 352.99
1949
18 6 2 12 349.01
1927
19 14 8 39 178.40
985
20 29 8 48 487.38
2691
21 9 0 43 155.58
859
22 22 13 42 301.55
1665
23 18 6 29 9.78
54
24 3 44 48 149.60
826
