30
1
5
0 120 0.1 0.1
5462
1 150 0.1 0.1
5499
2 190 0.1 0.0
5539
3 190 0.1 0.0
5467
4 170 0.1 0.1
5522
25
0 7 0 48 325.23
1788
1 16 5 46 67.48
371
2 13 0 24 556.06
3057
3 22 8 39 555.33
3053
4 4 19 41 164.07
902
5 4 11 26 184.26
1013
6 4 11 33 293.94
1616
7 16 8 45 397.99
2188
8 2 19 47 129.51
712
9 9 10 48 447.28
2459
10 15 6 40 55.11
303
11 16 0 33 238.65
1312
12 10 12 32 99.13
545
13 16 27 46 163.34
898
14 18 0 48 56.39
310
15 21 25 48 408.72
2247
16 21 6 48 257.75
1417
17 19 5 47 131.87
725
18 7 0 15 666.83
3666
19 14 29 47 265.57
1460
20 6 16 47 167.71
922
21 12 1 18 186.26
1024
22 8 5 19 42.56
234
23 11 18 48 513.86
2825
24 4 1 14 159.71
878
