30
1
5
0 120 0.1 0.1
5410
1 120 0.1 0.1
5574
2 190 0.1 0.0
5512
3 130 0.0 0.1
5565
4 120 0.1 0.1
5428
25
0 11 3 26 368.39
2025
1 6 0 47 76.41
420
2 4 0 8 586.69
3225
3 5 14 48 268.33
1475
4 13 5 47 187.38
1030
5 27 3 41 98.96
544
6 14 29 47 269.06
1479
7 14 17 47 462.98
2545
8 11 27 47 384.21
2112
9 3 0 48 111.88
615
10 11 16 47 103.33
568
11 2 0 25 646.54
3554
12 5 0 47 772.61
4247
13 9 7 48 356.38
1959
14 31 3 48 699.30
3844
15 33 12 47 82.59
454
16 18 13 38 411.14
2260
17 13 4 19 880.67
4841
18 1 0 26 529.93
2913
19 29 4 46 392.22
2156
20 29 12 48 223.76
1230
21 21 11 47 57.67
317
22 12 2 45 420.96
2314
23 44 1 48 118.25
650
24 2 0 15 154.45
849
