30
1
5
0 170 0.1 0.1
5372
1 120 0.1 0.1
5552
2 120 0.1 0.1
5514
3 130 0.0 0.1
5540
4 130 0.0 0.1
5478
25
0 40 0 47 211.28
1160
1 14 30 47 416.73
2288
2 4 1 48 192.15
1055
3 12 10 47 387.40
2127
4 13 4 31 287.59
1579
5 38 7 47 116.57
640
6 22 24 48 399.79
2195
7 21 6 41 661.15
3630
8 26 12 48 165.38
908
9 21 16 48 48.45
266
10 42 3 48 226.76
1245
11 5 0 18 502.69
2760
12 16 13 46 120.39
661
13 3 20 27 570.81
3134
14 2 1 26 248.61
1365
15 5 0 32 126.40
694
16 9 5 17 223.48
1227
17 5 0 31 564.98
3102
18 17 2 39 214.37
1177
19 6 15 48 20.58
113
20 7 4 47 770.25
4229
21 4 38 48 145.53
799
22 23 1 46 339.14
1862
23 18 1 23 386.13
2120
24 2 14 41 41.53
228
