30
1
5
0 170 0.1 0.1
5465
1 130 0.0 0.1
5654
2 190 0.1 0.0
5565
3 130 0.0 0.1
5548
4 120 0.1 0.1
5521
25
0 27 14 47 393.52
2184
1 6 11 48 212.26
1178
2 20 5 47 58.02
322
3 27 6 48 301.81
1675
4 15 21 48 459.11
2548
5 16 15 47 113.52
630
6 7 9 45 79.10
439
7 20 1 47 518.39
2877
8 2 30 47 622.17
3453
9 10 6 38 177.30
984
10 4 1 41 320.91
1781
11 12 26 47 399.47
2217
12 12 7 23 443.25
2460
13 31 0 35 102.16
567
14 6 35 47 334.06
1854
15 30 0 48 545.05
3025
16 23 0 24 493.52
2739
17 8 22 47 431.00
2392
18 7 0 7 187.39
1040
19 4 25 48 721.99
4007
20 17 3 31 231.72
1286
21 27 7 44 216.94
1204
22 4 1 48 272.80
1514
23 2 0 29 220.18
1222
24 23 7 47 85.95
477
