30
1
5
0 150 0.1 0.1
5523
1 170 0.1 0.1
5753
2 150 0.1 0.1
5396
3 150 0.1 0.1
5430
4 170 0.1 0.1
5159
25
0 13 28 48 22.40
122
1 7 28 48 55.64
303
2 23 0 39 678.19
3693
3 5 0 20 22.04
120
4 31 15 47 359.20
1956
5 8 22 47 552.39
3008
6 4 3 10 357.55
1947
7 28 5 37 587.47
3199
8 25 0 47 772.58
4207
9 5 13 47 393.17
2141
10 22 23 48 310.35
1690
11 34 12 47 30.85
168
12 5 0 7 75.29
410
13 5 0 43 499.87
2722
14 13 9 48 365.26
1989
15 18 25 48 60.05
327
16 29 5 48 542.11
2952
17 4 31 48 76.95
419
18 1 0 16 74.74
407
19 7 32 47 380.14
2070
20 14 7 38 24.98
136
21 3 24 44 583.43
3177
22 7 26 47 174.28
949
23 4 1 18 392.07
2135
24 9 38 47 345.98
1884
