30
1
5
0 190 0.1 0.0
5429
1 150 0.1 0.1
5636
2 130 0.0 0.1
5571
3 120 0.1 0.1
5525
4 150 0.1 0.1
5466
25
0 6 0 48 29.51
163
1 2 22 48 428.82
2369
2 18 1 48 170.70
943
3 8 8 27 586.31
3239
4 10 21 48 216.86
1198
5 1 8 18 663.24
3664
6 9 27 47 43.26
239
7 5 2 44 620.70
3429
8 18 4 47 714.65
3948
9 11 4 36 182.28
1007
10 9 24 44 145.90
806
11 1 1 21 36.56
202
12 11 16 38 213.24
1178
13 26 3 40 313.88
1734
14 27 5 47 81.82
452
15 14 1 48 410.00
2265
16 4 0 22 496.34
2742
17 29 2 43 61.18
338
18 7 2 26 160.92
889
19 2 0 41 120.37
665
20 14 2 26 88.52
489
21 12 5 35 105.89
585
22 3 0 42 612.37
3383
23 12 19 48 84.35
466
24 3 0 20 143.36
792
