30
1
5
0 170 0.1 0.1
5530
1 190 0.1 0.0
5629
2 170 0.1 0.1
5483
3 190 0.1 0.0
5360
4 120 0.1 0.1
5395
25
0 29 17 48 136.74
749
1 5 0 37 280.77
1538
2 19 0 42 71.38
391
3 22 15 45 329.88
1807
4 27 0 42 81.79
448
5 1 5 47 498.57
2731
6 6 16 48 196.25
1075
7 2 0 11 284.61
1559
8 9 1 22 216.51
1186
9 39 0 41 267.63
1466
10 5 1 14 489.80
2683
11 1 26 48 95.84
525
12 41 2 48 267.08
1463
13 8 1 41 250.47
1372
14 2 0 21 425.54
2331
15 20 1 48 499.11
2734
16 12 14 48 83.43
457
17 5 2 39 370.59
2030
18 13 9 41 230.39
1262
19 8 9 48 478.12
2619
20 18 16 47 31.95
175
21 39 2 46 399.25
2187
22 16 12 47 59.33
325
23 5 0 27 159.19
872
24 13 15 47 705.95
3867
