30
1
5
0 130 0.0 0.1
5683
1 120 0.1 0.1
5435
2 130 0.0 0.1
5491
3 130 0.0 0.1
5418
4 120 0.1 0.1
5594
25
0 22 0 47 155.55
859
1 7 0 19 294.62
1627
2 9 37 48 419.38
2316
3 6 2 37 618.03
3413
4 5 3 41 65.91
364
5 5 10 46 356.73
1970
6 5 7 47 291.00
1607
7 5 0 21 118.97
657
8 15 16 47 337.72
1865
9 22 10 37 292.26
1614
10 5 3 16 91.26
504
11 35 5 45 280.13
1547
12 4 6 39 495.26
2735
13 14 8 41 250.44
1383
14 8 1 26 315.26
1741
15 9 18 47 157.18
868
16 5 16 41 82.39
455
17 8 0 16 134.91
745
18 33 1 47 541.25
2989
19 17 8 34 259.67
1434
20 1 0 20 621.83
3434
21 23 3 44 179.27
990
22 5 41 48 326.49
1803
23 8 0 43 19.19
106
24 15 1 42 11.05
61
