30
1
5
0 170 0.1 0.1
5483
1 130 0.0 0.1
5457
2 190 0.1 0.0
5619
3 150 0.1 0.1
5474
4 130 0.0 0.1
5318
25
0 13 0 43 249.98
1367
1 7 0 38 352.20
1926
2 25 7 44 66.01
361
3 18 1 28 16.27
89
4 20 0 26 119.41
653
5 5 9 43 468.68
2563
6 3 28 48 372.31
2036
7 12 7 45 261.31
1429
8 6 0 23 278.87
1525
9 17 4 41 448.57
2453
10 6 7 45 330.44
1807
11 18 18 48 116.85
639
12 23 2 44 71.87
393
13 8 15 34 203.53
1113
14 31 4 45 485.51
2655
15 13 1 48 226.39
1238
16 15 10 37 402.30
2200
17 18 0 45 276.13
1510
18 4 26 47 430.28
2353
19 14 9 44 48.46
265
20 4 23 47 481.67
2634
21 4 36 47 92.35
505
22 15 3 35 767.12
4195
23 13 16 46 12.80
70
24 3 31 47 305.57
1671
