30
1
5
0 150 0.1 0.1
5627
1 150 0.1 0.1
5512
2 120 0.1 0.1
5401
3 120 0.1 0.1
5483
4 120 0.1 0.1
5551
25
0 26 2 42 47.88
264
1 15 3 38 237.22
1308
2 18 7 48 324.28
1788
3 23 7 37 179.01
987
4 3 11 40 171.75
947
5 16 6 41 292.72
1614
6 6 39 47 351.30
1937
7 24 0 36 137.29
757
8 26 1 40 73.09
403
9 33 5 43 129.31
713
10 20 3 38 804.71
4437
11 18 10 47 437.63
2413
12 28 12 47 46.07
254
13 4 1 27 697.71
3847
14 4 22 40 594.33
3277
15 12 11 48 150.89
832
16 11 8 28 120.43
664
17 6 21 47 120.97
667
18 14 30 47 208.93
1152
19 4 15 48 105.19
580
20 6 0 10 26.66
147
21 18 6 47 386.12
2129
22 5 16 42 135.12
745
23 2 1 43 71.64
395
24 5 41 47 584.90
3225
