30
1
5
0 190 0.1 0.0
5568
1 120 0.1 0.1
5428
2 120 0.1 0.1
5405
3 190 0.1 0.0
5557
4 130 0.0 0.1
5599
25
0 6 30 47 203.08
1119
1 6 0 27 152.26
839
2 31 1 47 452.61
2494
3 17 5 47 454.24
2503
4 33 11 48 162.24
894
5 13 9 36 71.50
394
6 4 0 36 76.58
422
7 10 0 45 186.92
1030
8 18 12 47 134.84
743
9 6 35 47 410.51
2262
10 9 0 41 373.49
2058
11 1 0 32 50.81
280
12 33 6 47 241.37
1330
13 17 24 47 219.77
1211
14 3 0 13 684.36
3771
15 2 0 36 144.28
795
16 39 2 48 118.32
652
17 14 1 23 477.84
2633
18 10 30 48 61.70
340
19 31 9 47 148.81
820
20 13 6 48 254.43
1402
21 20 0 39 412.68
2274
22 20 10 48 750.60
4136
23 14 5 41 60.61
334
24 3 28 48 129.58
714
