30
1
5
0 130 0.0 0.1
5579
1 150 0.1 0.1
5538
2 130 0.0 0.1
5514
3 130 0.0 0.1
5591
4 190 0.1 0.0
5420
25
0 22 13 48 24.97
138
1 21 0 29 28.40
157
2 12 23 48 525.53
2905
3 9 0 47 23.34
129
4 2 0 10 412.10
2278
5 4 0 26 773.37
4275
6 16 3 47 117.95
652
7 8 15 36 794.54
4392
8 11 1 29 348.06
1924
9 16 23 47 198.64
1098
10 4 1 47 70.19
388
11 29 13 47 90.45
500
12 31 6 47 245.13
1355
13 9 14 43 93.35
516
14 2 0 35 311.88
1724
15 13 4 40 289.99
1603
16 10 14 48 161.91
895
17 15 4 46 125.01
691
18 19 1 31 722.90
3996
19 14 2 45 189.23
1046
20 11 10 46 490.80
2713
21 6 18 47 359.64
1988
22 19 9 39 500.21
2765
23 14 0 40 204.24
1129
24 38 6 48 218.17
1206
