30
1
5
0 130 0.0 0.1
5512
1 190 0.1 0.0
5499
2 190 0.1 0.0
5476
3 190 0.1 0.0
5473
4 190 0.1 0.0
5600
25
0 11 8 48 156.58
863
1 4 43 47 199.76
1101
2 15 9 45 15.78
87
3 10 12 23 617.24
3402
4 2 0 5 389.00
2144
5 25 16 45 38.10
210
6 4 2 23 111.22
613
7 3 29 48 446.33
2460
8 16 2 46 290.48
1601
9 14 30 47 551.93
3042
10 15 9 41 874.15
4818
11 11 22 48 258.18
1423
12 14 2 35 625.95
3450
13 5 0 10 815.37
4494
14 11 4 29 37.56
207
15 24 20 48 27.03
149
16 2 0 14 394.26
2173
17 33 5 46 2.00
11
18 20 0 39 223.17
1230
19 4 35 47 25.58
141
20 26 3 47 158.76
875
21 1 37 46 2.00
11
22 23 22 48 120.65
665
23 19 17 48 15.60
86
24 11 14 47 358.15
1974
