30
1
5
0 190 0.1 0.0
5472
1 130 0.0 0.1
5369
2 190 0.1 0.0
5441
3 170 0.1 0.1
5385
4 120 0.1 0.1
5512
25
0 3 0 30 689.02
3745
1 17 2 47 26.86
146
2 8 6 35 822.04
4468
3 23 7 47 37.53
204
4 34 2 46 249.11
1354
5 5 0 21 3.50
19
6 15 5 32 41.03
223
7 6 1 33 269.90
1467
8 2 0 16 270.82
1472
9 30 1 46 369.99
2011
10 19 4 25 478.91
2603
11 11 0 35 49.12
267
12 26 9 47 845.03
4593
13 5 42 47 419.85
2282
14 14 5 48 693.25
3768
15 18 22 48 444.69
2417
16 22 8 47 3.50
19
17 16 3 40 269.90
1467
18 12 3 30 114.44
622
19 20 0 27 38.08
207
20 21 13 48 539.99
2935
21 14 6 45 544.59
2960
22 4 20 47 277.63
1509
23 3 0 24 41.21
224
24 18 29 48 280.94
1527
