30
1
5
0 150 0.1 0.1
5513
1 130 0.0 0.1
5460
2 130 0.0 0.1
5477
3 130 0.0 0.1
5621
4 130 0.0 0.1
5578
25
0 11 6 35 397.35
2197
1 15 4 47 30.20
167
2 26 18 47 263.33
1456
3 25 16 46 295.53
1634
4 8 0 35 205.82
1138
5 14 6 48 255.37
1412
6 13 17 47 476.57
2635
7 16 7 46 14.11
78
8 7 0 17 231.50
1280
9 11 27 47 185.38
1025
10 12 18 48 374.92
2073
11 7 5 41 64.02
354
12 8 2 36 302.76
1674
13 19 27 47 355.93
1968
14 16 3 32 545.84
3018
15 22 22 48 73.07
404
16 6 18 31 154.09
852
17 19 0 37 21.52
119
18 31 5 47 5.24
29
19 22 1 29 628.13
3473
20 9 2 37 256.28
1417
21 19 2 30 230.05
1272
22 7 0 30 574.41
3176
23 19 20 47 482.72
2669
24 8 0 28 963.26
5326
