30
1
5
0 120 0.1 0.1
5416
1 120 0.1 0.1
5586
2 120 0.1 0.1
5576
3 190 0.1 0.0
5502
4 190 0.1 0.0
5647
25
0 15 23 47 570.68
3164
1 3 4 48 55.37
307
2 7 3 41 754.29
4182
3 32 11 47 202.19
1121
4 11 0 34 122.29
678
5 6 0 40 441.36
2447
6 26 9 48 10.64
59
7 14 8 40 554.27
3073
8 13 1 23 153.49
851
9 12 0 21 597.56
3313
10 1 3 48 511.70
2837
11 13 1 22 164.13
910
12 15 19 47 136.00
754
13 37 1 47 52.67
292
14 8 2 24 208.14
1154
15 11 2 20 13.17
73
16 1 12 30 143.93
798
17 11 0 16 715.15
3965
18 3 6 46 44.19
245
19 31 6 45 61.69
342
20 26 7 48 67.64
375
21 17 4 38 116.88
648
22 4 28 47 437.57
2426
23 15 0 47 112.19
622
24 25 3 44 550.66
3053
